  Ns =  5  iK,iY,iN =   2 -1  1

       k,Vp,Vs,rho,hs

    1       1.870       1.000       1.000       1.000
    2       0.900       0.500       0.500       3.000
    3       1.870       1.000       1.000       2.000
    4       0.900       0.500       0.500       3.000
    5       1.870       1.000       1.000       2.000
  w,al=     2.50000       2.00000    -0.50000

     k,z_k=    1     0.00000

 Q=   1.00000   0.00000     2.00000   0.00000     3.00000   0.00000
 T=   1.00000  -0.00000     2.00000  -0.00000     3.00000  -0.00000

     k,z_k=    2    -1.00000

 T=   0.15493  -0.04297     0.03082   0.37892     0.07127   0.77969
      0.15493  -0.04297     0.03082   0.37892     0.07127   0.77969

 U=   0.34912   0.38810    -0.81892   0.19530    -0.58398   0.18600
      0.34912   0.38810    -0.81892   0.19530    -0.58398   0.18600

     k,z_k=    3    -4.00000

 T=   0.30327   0.12672    -0.31202   0.12223    -0.17062   0.24258
      0.30327   0.12672    -0.31202   0.12223    -0.17062   0.24258

 U=   0.10336   0.08347    -0.12448  -0.16382    -0.07030  -0.02126
      0.10336   0.08347    -0.12448  -0.16382    -0.07030  -0.02126

     k,z_k=    4    -6.00000

 T=  -0.00417  -0.00768     0.04255  -0.01123     0.06471  -0.00258
     -0.00417  -0.00768     0.04255  -0.01123     0.06471  -0.00258

 U=   0.02174  -0.02964     0.03778   0.08818     0.01122   0.04753
      0.02174  -0.02964     0.03778   0.08818     0.01122   0.04753

     k,z_k=    5    -9.00000

 T=   0.00930  -0.02515     0.01968   0.03212     0.02167   0.01387
      0.00930  -0.02515     0.01968   0.03212     0.02167   0.01387

 U=   0.00527  -0.01021    -0.01730   0.01788    -0.00436   0.00684
      0.00527  -0.01021    -0.01730   0.01788    -0.00436   0.00684


     k,z_k=    6   -11.00000

 T=  -0.00000   0.00000     0.00000  -0.00000    -0.00000   0.00000
 U=  -0.00306  -0.00300     0.01154  -0.00799     0.00735  -0.00196

