  0.816049E+000  0.594559E-001
  0.816049E+000  0.594559E-001
  0.816079E+000  0.599550E-001
  0.816110E+000  0.604541E-001
  0.816141E+000  0.609531E-001
  0.816172E+000  0.614521E-001
  0.816204E+000  0.619511E-001
  0.816235E+000  0.624501E-001
  0.816267E+000  0.629491E-001
  0.816300E+000  0.634480E-001
  0.816332E+000  0.639470E-001
  0.816365E+000  0.644459E-001
  0.816398E+000  0.649448E-001
  0.816431E+000  0.654437E-001
  0.816465E+000  0.659426E-001
  0.816498E+000  0.664414E-001
  0.816532E+000  0.669403E-001
  0.816567E+000  0.674391E-001
  0.816601E+000  0.679379E-001
  0.816636E+000  0.684367E-001
  0.816671E+000  0.689355E-001
  0.816706E+000  0.694343E-001
  0.816742E+000  0.699330E-001
  0.816777E+000  0.704317E-001
  0.816813E+000  0.709304E-001
  0.816850E+000  0.714291E-001
  0.816886E+000  0.719278E-001
  0.816923E+000  0.724264E-001
  0.816960E+000  0.729251E-001
  0.816997E+000  0.734237E-001
  0.817034E+000  0.739223E-001
  0.817072E+000  0.744208E-001
  0.817110E+000  0.749194E-001
  0.817148E+000  0.754180E-001
  0.817186E+000  0.759165E-001
  0.817225E+000  0.764150E-001
  0.817264E+000  0.769135E-001
  0.817303E+000  0.774119E-001
  0.817342E+000  0.779104E-001
  0.817382E+000  0.784088E-001
  0.817422E+000  0.789072E-001
  0.817462E+000  0.794056E-001
  0.817502E+000  0.799040E-001
  0.817543E+000  0.804023E-001
  0.817584E+000  0.809006E-001
  0.817625E+000  0.813990E-001
  0.817666E+000  0.818972E-001
  0.817708E+000  0.823955E-001
  0.817750E+000  0.828938E-001
  0.817792E+000  0.833920E-001
  0.817834E+000  0.838902E-001
  0.817876E+000  0.843884E-001
  0.817919E+000  0.848866E-001
  0.817962E+000  0.853847E-001
  0.818005E+000  0.858828E-001
  0.818049E+000  0.863809E-001
  0.818093E+000  0.868790E-001
  0.818137E+000  0.873771E-001
  0.818181E+000  0.878751E-001
  0.818225E+000  0.883732E-001
  0.818270E+000  0.888712E-001
  0.818315E+000  0.893691E-001
  0.818360E+000  0.898671E-001
  0.818405E+000  0.903650E-001
  0.818451E+000  0.908629E-001
  0.818497E+000  0.913608E-001
  0.818543E+000  0.918587E-001
  0.818589E+000  0.923566E-001
  0.818636E+000  0.928544E-001
  0.818683E+000  0.933522E-001
  0.818730E+000  0.938500E-001
  0.818777E+000  0.943477E-001
  0.818824E+000  0.948455E-001
  0.818872E+000  0.953432E-001
  0.818920E+000  0.958409E-001
  0.818968E+000  0.963386E-001
  0.819017E+000  0.968362E-001
  0.819065E+000  0.973338E-001
  0.819114E+000  0.978314E-001
  0.819163E+000  0.983290E-001
  0.819213E+000  0.988266E-001
  0.819262E+000  0.993241E-001
  0.819312E+000  0.998216E-001
  0.819362E+000  0.100319E+000
  0.819413E+000  0.100817E+000
  0.819463E+000  0.101314E+000
  0.819514E+000  0.101811E+000
  0.819565E+000  0.102309E+000
  0.819616E+000  0.102806E+000
  0.819668E+000  0.103304E+000
  0.819719E+000  0.103801E+000
  0.819771E+000  0.104298E+000
  0.819824E+000  0.104795E+000
  0.819876E+000  0.105293E+000
  0.819929E+000  0.105790E+000
  0.819981E+000  0.106287E+000
  0.820034E+000  0.106784E+000
  0.820088E+000  0.107281E+000
  0.820141E+000  0.107779E+000
  0.820195E+000  0.108276E+000
  0.820249E+000  0.108773E+000
  0.820303E+000  0.109270E+000
  0.820358E+000  0.109767E+000
  0.820412E+000  0.110264E+000
  0.820467E+000  0.110761E+000
  0.820522E+000  0.111258E+000
  0.820578E+000  0.111755E+000
  0.820633E+000  0.112252E+000
  0.820689E+000  0.112748E+000
  0.820745E+000  0.113245E+000
  0.820801E+000  0.113742E+000
  0.820858E+000  0.114239E+000
  0.820915E+000  0.114736E+000
  0.820971E+000  0.115232E+000
  0.821029E+000  0.115729E+000
  0.821086E+000  0.116226E+000
  0.821144E+000  0.116723E+000
  0.821201E+000  0.117219E+000
  0.821259E+000  0.117716E+000
  0.821318E+000  0.118212E+000
  0.821376E+000  0.118709E+000
  0.821435E+000  0.119205E+000
  0.821494E+000  0.119702E+000
  0.821553E+000  0.120198E+000
  0.821612E+000  0.120695E+000
  0.821672E+000  0.121191E+000
  0.821732E+000  0.121688E+000
  0.821792E+000  0.122184E+000
  0.821852E+000  0.122681E+000
  0.821912E+000  0.123177E+000
  0.821973E+000  0.123673E+000
  0.822034E+000  0.124169E+000
  0.822095E+000  0.124666E+000
  0.822156E+000  0.125162E+000
  0.822218E+000  0.125658E+000
  0.822280E+000  0.126154E+000
  0.822342E+000  0.126650E+000
  0.822404E+000  0.127147E+000
  0.822466E+000  0.127643E+000
  0.822529E+000  0.128139E+000
  0.822592E+000  0.128635E+000
  0.822655E+000  0.129131E+000
  0.822718E+000  0.129627E+000
  0.822782E+000  0.130123E+000
  0.822845E+000  0.130619E+000
  0.822909E+000  0.131115E+000
  0.822973E+000  0.131610E+000
  0.823038E+000  0.132106E+000
  0.823102E+000  0.132602E+000
  0.823167E+000  0.133098E+000
  0.823232E+000  0.133594E+000
  0.823297E+000  0.134089E+000
  0.823363E+000  0.134585E+000
  0.823428E+000  0.135081E+000
  0.823494E+000  0.135576E+000
  0.823560E+000  0.136072E+000
  0.823626E+000  0.136568E+000
  0.823693E+000  0.137063E+000
  0.823759E+000  0.137559E+000
  0.823826E+000  0.138054E+000
  0.823893E+000  0.138550E+000
  0.823961E+000  0.139045E+000
  0.824028E+000  0.139541E+000
  0.824096E+000  0.140036E+000
  0.824164E+000  0.140531E+000
  0.824232E+000  0.141027E+000
  0.824300E+000  0.141522E+000
  0.824369E+000  0.142017E+000
  0.824437E+000  0.142512E+000
  0.824506E+000  0.143008E+000
  0.824575E+000  0.143503E+000
  0.824645E+000  0.143998E+000
  0.824714E+000  0.144493E+000
  0.824784E+000  0.144988E+000
  0.824854E+000  0.145483E+000
  0.824924E+000  0.145978E+000
  0.824994E+000  0.146474E+000
  0.825065E+000  0.146969E+000
  0.825136E+000  0.147463E+000
  0.825207E+000  0.147958E+000
  0.825278E+000  0.148453E+000
  0.825349E+000  0.148948E+000
  0.825421E+000  0.149443E+000
  0.825492E+000  0.149938E+000
  0.825564E+000  0.150433E+000
  0.825636E+000  0.150927E+000
  0.825709E+000  0.151422E+000
  0.825781E+000  0.151917E+000
  0.825854E+000  0.152412E+000
  0.825927E+000  0.152906E+000
  0.826000E+000  0.153401E+000
  0.826073E+000  0.153895E+000
  0.826147E+000  0.154390E+000
  0.826221E+000  0.154885E+000
  0.826295E+000  0.155379E+000
  0.826369E+000  0.155874E+000
  0.826443E+000  0.156368E+000
  0.826517E+000  0.156862E+000
  0.826592E+000  0.157357E+000
  0.826667E+000  0.157851E+000
  0.826742E+000  0.158346E+000
  0.826817E+000  0.158840E+000
  0.826893E+000  0.159334E+000
  0.826968E+000  0.159828E+000
  0.827044E+000  0.160323E+000
  0.827120E+000  0.160817E+000
  0.827196E+000  0.161311E+000
  0.827273E+000  0.161805E+000
  0.827349E+000  0.162299E+000
  0.827426E+000  0.162793E+000
  0.827503E+000  0.163287E+000
  0.827580E+000  0.163781E+000
  0.827657E+000  0.164275E+000
  0.827735E+000  0.164769E+000
  0.827813E+000  0.165263E+000
  0.827891E+000  0.165757E+000
  0.827969E+000  0.166251E+000
  0.828047E+000  0.166745E+000
  0.828125E+000  0.167239E+000
  0.828204E+000  0.167732E+000
  0.828283E+000  0.168226E+000
  0.828362E+000  0.168720E+000
  0.828441E+000  0.169214E+000
  0.828520E+000  0.169707E+000
  0.828600E+000  0.170201E+000
  0.828679E+000  0.170694E+000
  0.828759E+000  0.171188E+000
  0.828839E+000  0.171682E+000
  0.828919E+000  0.172175E+000
  0.829000E+000  0.172669E+000
  0.829080E+000  0.173162E+000
  0.829161E+000  0.173655E+000
  0.829242E+000  0.174149E+000
  0.829323E+000  0.174642E+000
  0.829404E+000  0.175136E+000
  0.829486E+000  0.175629E+000
  0.829567E+000  0.176122E+000
  0.829649E+000  0.176616E+000
  0.829731E+000  0.177109E+000
  0.829813E+000  0.177602E+000
  0.829896E+000  0.178095E+000
  0.829978E+000  0.178588E+000
  0.830061E+000  0.179081E+000
  0.830144E+000  0.179574E+000
  0.830227E+000  0.180068E+000
  0.830310E+000  0.180561E+000
  0.830393E+000  0.181054E+000
  0.830477E+000  0.181547E+000
  0.830560E+000  0.182040E+000
  0.830644E+000  0.182532E+000
  0.830728E+000  0.183025E+000
  0.830812E+000  0.183518E+000
  0.830897E+000  0.184011E+000
  0.830981E+000  0.184504E+000
  0.831066E+000  0.184997E+000
  0.831151E+000  0.185489E+000
  0.831236E+000  0.185982E+000
  0.831321E+000  0.186475E+000
  0.831406E+000  0.186967E+000
  0.831492E+000  0.187460E+000
  0.831577E+000  0.187953E+000
  0.831663E+000  0.188445E+000
  0.831749E+000  0.188938E+000
  0.831835E+000  0.189430E+000
  0.831921E+000  0.189923E+000
  0.832008E+000  0.190415E+000
  0.832094E+000  0.190908E+000
  0.832181E+000  0.191400E+000
  0.832268E+000  0.191893E+000
  0.832355E+000  0.192385E+000
  0.832442E+000  0.192877E+000
  0.832530E+000  0.193370E+000
  0.832617E+000  0.193862E+000
  0.832705E+000  0.194354E+000
  0.832793E+000  0.194846E+000
  0.832881E+000  0.195339E+000
  0.832969E+000  0.195831E+000
  0.833057E+000  0.196323E+000
  0.833145E+000  0.196815E+000
  0.833234E+000  0.197307E+000
  0.833323E+000  0.197799E+000
  0.833411E+000  0.198291E+000
  0.833500E+000  0.198783E+000
  0.833590E+000  0.199275E+000
  0.833679E+000  0.199767E+000
  0.833768E+000  0.200259E+000
  0.833858E+000  0.200751E+000
  0.833948E+000  0.201243E+000
  0.834038E+000  0.201735E+000
  0.834128E+000  0.202227E+000
  0.834218E+000  0.202718E+000
  0.834308E+000  0.203210E+000
  0.834398E+000  0.203702E+000
  0.834489E+000  0.204194E+000
  0.834580E+000  0.204685E+000
  0.834671E+000  0.205177E+000
  0.834762E+000  0.205669E+000
  0.834853E+000  0.206160E+000
  0.834944E+000  0.206652E+000
  0.835035E+000  0.207144E+000
  0.835127E+000  0.207635E+000
  0.835219E+000  0.208127E+000
  0.835310E+000  0.208618E+000
  0.835402E+000  0.209110E+000
  0.835494E+000  0.209601E+000
  0.835586E+000  0.210092E+000
  0.835679E+000  0.210584E+000
  0.835771E+000  0.211075E+000
  0.835864E+000  0.211567E+000
  0.835957E+000  0.212058E+000
  0.836049E+000  0.212549E+000
  0.836142E+000  0.213041E+000
  0.836235E+000  0.213532E+000
  0.836329E+000  0.214023E+000
  0.836422E+000  0.214514E+000
  0.836515E+000  0.215005E+000
  0.836609E+000  0.215497E+000
  0.836703E+000  0.215988E+000
  0.836796E+000  0.216479E+000
  0.836890E+000  0.216970E+000
  0.836984E+000  0.217461E+000
  0.837079E+000  0.217952E+000
  0.837173E+000  0.218443E+000
  0.837267E+000  0.218934E+000
  0.837362E+000  0.219425E+000
  0.837457E+000  0.219916E+000
  0.837551E+000  0.220407E+000
  0.837646E+000  0.220898E+000
  0.837741E+000  0.221389E+000
  0.837836E+000  0.221880E+000
  0.837931E+000  0.222371E+000
  0.838027E+000  0.222861E+000
  0.838122E+000  0.223352E+000
  0.838218E+000  0.223843E+000
  0.838313E+000  0.224334E+000
  0.838409E+000  0.224824E+000
  0.838505E+000  0.225315E+000
  0.838601E+000  0.225806E+000
  0.838697E+000  0.226297E+000
  0.838793E+000  0.226787E+000
  0.838889E+000  0.227278E+000
  0.838986E+000  0.227769E+000
  0.839082E+000  0.228259E+000
  0.839179E+000  0.228750E+000
  0.839276E+000  0.229240E+000
  0.839372E+000  0.229731E+000
  0.839469E+000  0.230221E+000
  0.839566E+000  0.230712E+000
  0.839663E+000  0.231202E+000
  0.839760E+000  0.231693E+000
  0.839858E+000  0.232183E+000
  0.839955E+000  0.232674E+000
  0.840052E+000  0.233164E+000
  0.840150E+000  0.233655E+000
  0.840247E+000  0.234145E+000
  0.840345E+000  0.234635E+000
  0.840443E+000  0.235126E+000
  0.840541E+000  0.235616E+000
  0.840639E+000  0.236106E+000
  0.840737E+000  0.236597E+000
  0.840835E+000  0.237087E+000
  0.840933E+000  0.237577E+000
  0.841031E+000  0.238067E+000
  0.841130E+000  0.238558E+000
  0.841228E+000  0.239048E+000
  0.841327E+000  0.239538E+000
  0.841425E+000  0.240028E+000
  0.841524E+000  0.240518E+000
  0.841623E+000  0.241008E+000
  0.841722E+000  0.241499E+000
  0.841820E+000  0.241989E+000
  0.841919E+000  0.242479E+000
  0.842018E+000  0.242969E+000
  0.842118E+000  0.243459E+000
  0.842217E+000  0.243949E+000
  0.842316E+000  0.244439E+000
  0.842415E+000  0.244929E+000
  0.842515E+000  0.245419E+000
  0.842614E+000  0.245909E+000
  0.842714E+000  0.246399E+000
  0.842813E+000  0.246889E+000
  0.842913E+000  0.247379E+000
  0.843013E+000  0.247869E+000
  0.843112E+000  0.248359E+000
  0.843212E+000  0.248849E+000
  0.843312E+000  0.249339E+000
  0.843412E+000  0.249829E+000
  0.843512E+000  0.250319E+000
  0.843612E+000  0.250809E+000
  0.843712E+000  0.251298E+000
  0.843812E+000  0.251788E+000
  0.843912E+000  0.252278E+000
  0.844013E+000  0.252768E+000
  0.844113E+000  0.253258E+000
  0.844213E+000  0.253748E+000
  0.844314E+000  0.254238E+000
  0.844414E+000  0.254727E+000
  0.844514E+000  0.255217E+000
  0.844615E+000  0.255707E+000
  0.844716E+000  0.256197E+000
  0.844816E+000  0.256687E+000
  0.844917E+000  0.257176E+000
  0.845017E+000  0.257666E+000
  0.845118E+000  0.258156E+000
  0.845219E+000  0.258646E+000
  0.845320E+000  0.259135E+000
  0.845420E+000  0.259625E+000
  0.845521E+000  0.260115E+000
  0.845622E+000  0.260605E+000
  0.845723E+000  0.261094E+000
  0.845824E+000  0.261584E+000
  0.845925E+000  0.262074E+000
  0.846026E+000  0.262563E+000
  0.846127E+000  0.263053E+000
  0.846228E+000  0.263543E+000
  0.846329E+000  0.264032E+000
  0.846430E+000  0.264522E+000
  0.846531E+000  0.265012E+000
  0.846632E+000  0.265502E+000
  0.846733E+000  0.265991E+000
  0.846834E+000  0.266481E+000
  0.846935E+000  0.266971E+000
  0.847036E+000  0.267460E+000
  0.847137E+000  0.267950E+000
  0.847238E+000  0.268440E+000
  0.847339E+000  0.268929E+000
  0.847440E+000  0.269419E+000
  0.847542E+000  0.269909E+000
  0.847643E+000  0.270398E+000
  0.847744E+000  0.270888E+000
  0.847845E+000  0.271378E+000
  0.847946E+000  0.271867E+000
  0.848047E+000  0.272357E+000
  0.848148E+000  0.272847E+000
  0.848249E+000  0.273336E+000
  0.848351E+000  0.273826E+000
  0.848452E+000  0.274316E+000
  0.848553E+000  0.274805E+000
  0.848654E+000  0.275295E+000
  0.848755E+000  0.275785E+000
  0.848856E+000  0.276274E+000
  0.848957E+000  0.276764E+000
  0.849058E+000  0.277254E+000
  0.849159E+000  0.277743E+000
  0.849260E+000  0.278233E+000
  0.849361E+000  0.278723E+000
  0.849461E+000  0.279213E+000
  0.849562E+000  0.279702E+000
  0.849663E+000  0.280192E+000
  0.849764E+000  0.280682E+000
  0.849865E+000  0.281171E+000
  0.849965E+000  0.281661E+000
  0.850066E+000  0.282151E+000
  0.850167E+000  0.282641E+000
  0.850267E+000  0.283131E+000
  0.850368E+000  0.283620E+000
  0.850468E+000  0.284110E+000
  0.850569E+000  0.284600E+000
  0.850669E+000  0.285090E+000
  0.850769E+000  0.285580E+000
  0.850870E+000  0.286069E+000
  0.850970E+000  0.286559E+000
  0.851070E+000  0.287049E+000
  0.851170E+000  0.287539E+000
  0.851271E+000  0.288029E+000
  0.851371E+000  0.288519E+000
  0.851471E+000  0.289009E+000
  0.851570E+000  0.289499E+000
  0.851670E+000  0.289988E+000
  0.851770E+000  0.290478E+000
  0.851870E+000  0.290968E+000
  0.851969E+000  0.291458E+000
  0.852069E+000  0.291948E+000
  0.852168E+000  0.292438E+000
  0.852268E+000  0.292928E+000
  0.852367E+000  0.293418E+000
  0.852466E+000  0.293908E+000
  0.852566E+000  0.294399E+000
  0.852665E+000  0.294889E+000
  0.852764E+000  0.295379E+000
  0.852863E+000  0.295869E+000
  0.852961E+000  0.296359E+000
  0.853060E+000  0.296849E+000
  0.853159E+000  0.297339E+000
  0.853257E+000  0.297830E+000
  0.853356E+000  0.298320E+000
  0.853454E+000  0.298810E+000
  0.853552E+000  0.299300E+000
  0.853650E+000  0.299790E+000
  0.853748E+000  0.300281E+000
  0.853846E+000  0.300771E+000
  0.853944E+000  0.301261E+000
  0.854042E+000  0.301752E+000
  0.854139E+000  0.302242E+000
  0.854237E+000  0.302733E+000
  0.854334E+000  0.303223E+000
  0.854431E+000  0.303713E+000
  0.854528E+000  0.304204E+000
  0.854625E+000  0.304694E+000
  0.854722E+000  0.305185E+000
  0.854819E+000  0.305676E+000
  0.854916E+000  0.306166E+000
  0.855012E+000  0.306657E+000
  0.855108E+000  0.307147E+000
  0.855204E+000  0.307638E+000
  0.855301E+000  0.308129E+000
  0.855396E+000  0.308619E+000
  0.855492E+000  0.309110E+000
  0.855588E+000  0.309601E+000
  0.855683E+000  0.310092E+000
  0.855779E+000  0.310583E+000
  0.855874E+000  0.311073E+000
  0.855969E+000  0.311564E+000
  0.856064E+000  0.312055E+000
  0.856158E+000  0.312546E+000
  0.856253E+000  0.313037E+000
  0.856347E+000  0.313528E+000
  0.856441E+000  0.314019E+000
  0.856535E+000  0.314510E+000
  0.856629E+000  0.315002E+000
  0.856723E+000  0.315493E+000
  0.856816E+000  0.315984E+000
  0.856910E+000  0.316475E+000
  0.857003E+000  0.316966E+000
  0.857096E+000  0.317458E+000
  0.857189E+000  0.317949E+000
  0.857281E+000  0.318440E+000
  0.857374E+000  0.318932E+000
  0.857466E+000  0.319423E+000
  0.857558E+000  0.319915E+000
  0.857650E+000  0.320406E+000
  0.857741E+000  0.320898E+000
  0.857833E+000  0.321389E+000
  0.857924E+000  0.321881E+000
  0.858015E+000  0.322372E+000
  0.858106E+000  0.322864E+000
  0.858196E+000  0.323356E+000
  0.858287E+000  0.323848E+000
  0.858377E+000  0.324339E+000
  0.858467E+000  0.324831E+000
  0.858557E+000  0.325323E+000
  0.858646E+000  0.325815E+000
  0.858735E+000  0.326307E+000
  0.858825E+000  0.326799E+000
  0.858913E+000  0.327291E+000
  0.859002E+000  0.327783E+000
  0.859090E+000  0.328275E+000
  0.859179E+000  0.328767E+000
  0.859266E+000  0.329260E+000
  0.859354E+000  0.329752E+000
  0.859442E+000  0.330244E+000
  0.859529E+000  0.330736E+000
  0.859616E+000  0.331229E+000
  0.859702E+000  0.331721E+000
  0.859789E+000  0.332214E+000
  0.859875E+000  0.332706E+000
  0.859961E+000  0.333199E+000
  0.860047E+000  0.333691E+000
  0.860132E+000  0.334184E+000
  0.860217E+000  0.334677E+000
  0.860302E+000  0.335169E+000
  0.860387E+000  0.335662E+000
  0.860471E+000  0.336155E+000
  0.860555E+000  0.336648E+000
  0.860639E+000  0.337141E+000
  0.860723E+000  0.337634E+000
  0.860806E+000  0.338127E+000
  0.860889E+000  0.338620E+000
  0.860972E+000  0.339113E+000
  0.861054E+000  0.339606E+000
  0.861136E+000  0.340099E+000
  0.861218E+000  0.340593E+000
  0.861300E+000  0.341086E+000
  0.861381E+000  0.341579E+000
  0.861462E+000  0.342073E+000
  0.861543E+000  0.342566E+000
  0.861623E+000  0.343060E+000
  0.861703E+000  0.343553E+000
  0.861783E+000  0.344047E+000
  0.861862E+000  0.344540E+000
  0.861942E+000  0.345034E+000
  0.862020E+000  0.345528E+000
  0.862099E+000  0.346022E+000
  0.862177E+000  0.346515E+000
  0.862255E+000  0.347009E+000
  0.862333E+000  0.347503E+000
  0.862410E+000  0.347997E+000
  0.862487E+000  0.348491E+000
  0.862564E+000  0.348985E+000
  0.862640E+000  0.349480E+000
  0.862716E+000  0.349974E+000
  0.862792E+000  0.350468E+000
  0.862867E+000  0.350962E+000
  0.862942E+000  0.351457E+000
  0.863017E+000  0.351951E+000
  0.863091E+000  0.352445E+000
  0.863165E+000  0.352940E+000
  0.863239E+000  0.353435E+000
  0.863312E+000  0.353929E+000
  0.863385E+000  0.354424E+000
  0.863458E+000  0.354918E+000
  0.863530E+000  0.355413E+000
  0.863602E+000  0.355908E+000
  0.863674E+000  0.356403E+000
  0.863745E+000  0.356898E+000
  0.863816E+000  0.357393E+000
  0.863886E+000  0.357888E+000
  0.863956E+000  0.358383E+000
  0.864026E+000  0.358878E+000
  0.864096E+000  0.359373E+000
  0.864165E+000  0.359868E+000
  0.864234E+000  0.360363E+000
  0.864302E+000  0.360859E+000
  0.864370E+000  0.361354E+000
  0.864438E+000  0.361849E+000
  0.864505E+000  0.362345E+000
  0.864572E+000  0.362840E+000
  0.864639E+000  0.363336E+000
  0.864705E+000  0.363832E+000
  0.864771E+000  0.364327E+000
  0.864836E+000  0.364823E+000
  0.864901E+000  0.365319E+000
  0.864966E+000  0.365814E+000
  0.865030E+000  0.366310E+000
  0.865094E+000  0.366806E+000
  0.865158E+000  0.367302E+000
  0.865221E+000  0.367798E+000
  0.865284E+000  0.368294E+000
  0.865346E+000  0.368790E+000
  0.865408E+000  0.369286E+000
  0.865470E+000  0.369783E+000
  0.865531E+000  0.370279E+000
  0.865592E+000  0.370775E+000
  0.865653E+000  0.371271E+000
  0.865713E+000  0.371768E+000
  0.865773E+000  0.372264E+000
  0.865832E+000  0.372761E+000
  0.865891E+000  0.373257E+000
  0.865949E+000  0.373754E+000
  0.866008E+000  0.374250E+000
  0.866066E+000  0.374747E+000
  0.866123E+000  0.375244E+000
  0.866180E+000  0.375740E+000
  0.866237E+000  0.376237E+000
  0.866293E+000  0.376734E+000
  0.866349E+000  0.377231E+000
  0.866404E+000  0.377728E+000
  0.866459E+000  0.378225E+000
  0.866514E+000  0.378722E+000
  0.866568E+000  0.379219E+000
  0.866622E+000  0.379716E+000
  0.866676E+000  0.380213E+000
  0.866729E+000  0.380710E+000
  0.866782E+000  0.381207E+000
  0.866834E+000  0.381705E+000
  0.866886E+000  0.382202E+000
  0.866938E+000  0.382699E+000
  0.866989E+000  0.383197E+000
  0.867040E+000  0.383694E+000
  0.867090E+000  0.384191E+000
  0.867140E+000  0.384689E+000
  0.867190E+000  0.385186E+000
  0.867239E+000  0.385684E+000
  0.867288E+000  0.386182E+000
  0.867336E+000  0.386679E+000
  0.867384E+000  0.387177E+000
  0.867432E+000  0.387675E+000
  0.867479E+000  0.388172E+000
  0.867526E+000  0.388670E+000
  0.867573E+000  0.389168E+000
  0.867619E+000  0.389666E+000
  0.867664E+000  0.390164E+000
  0.867710E+000  0.390662E+000
  0.867755E+000  0.391160E+000
  0.867799E+000  0.391658E+000
  0.867843E+000  0.392156E+000
  0.867887E+000  0.392654E+000
  0.867931E+000  0.393152E+000
  0.867974E+000  0.393650E+000
  0.868016E+000  0.394148E+000
  0.868059E+000  0.394647E+000
  0.868101E+000  0.395145E+000
  0.868142E+000  0.395643E+000
  0.868183E+000  0.396141E+000
  0.868224E+000  0.396640E+000
  0.868264E+000  0.397138E+000
  0.868304E+000  0.397636E+000
  0.868344E+000  0.398135E+000
  0.868383E+000  0.398633E+000
  0.868422E+000  0.399132E+000
  0.868461E+000  0.399630E+000
  0.868499E+000  0.400129E+000
  0.868537E+000  0.400627E+000
  0.868574E+000  0.401126E+000
  0.868611E+000  0.401625E+000
  0.868648E+000  0.402123E+000
  0.868684E+000  0.402622E+000
  0.868720E+000  0.403121E+000
  0.868756E+000  0.403619E+000
  0.868791E+000  0.404118E+000
  0.868826E+000  0.404617E+000
  0.868860E+000  0.405116E+000
  0.868894E+000  0.405615E+000
  0.868928E+000  0.406114E+000
  0.868962E+000  0.406612E+000
  0.868995E+000  0.407111E+000
  0.869028E+000  0.407610E+000
  0.869060E+000  0.408109E+000
  0.869092E+000  0.408608E+000
  0.869124E+000  0.409107E+000
  0.869155E+000  0.409606E+000
  0.869186E+000  0.410105E+000
  0.869217E+000  0.410604E+000
  0.869247E+000  0.411103E+000
  0.869277E+000  0.411602E+000
  0.869307E+000  0.412102E+000
  0.869336E+000  0.412601E+000
  0.869365E+000  0.413100E+000
  0.869394E+000  0.413599E+000
  0.869422E+000  0.414098E+000
  0.869450E+000  0.414597E+000
  0.869478E+000  0.415097E+000
  0.869505E+000  0.415596E+000
  0.869532E+000  0.416095E+000
  0.869559E+000  0.416594E+000
  0.869586E+000  0.417094E+000
  0.869612E+000  0.417593E+000
  0.869637E+000  0.418092E+000
  0.869663E+000  0.418592E+000
  0.869688E+000  0.419091E+000
  0.869713E+000  0.419591E+000
  0.869737E+000  0.420090E+000
  0.869762E+000  0.420589E+000
  0.869786E+000  0.421089E+000
  0.869809E+000  0.421588E+000
  0.869833E+000  0.422088E+000
  0.869856E+000  0.422587E+000
  0.869878E+000  0.423087E+000
  0.869901E+000  0.423586E+000
  0.869923E+000  0.424086E+000
  0.869945E+000  0.424585E+000
  0.869966E+000  0.425085E+000
  0.869988E+000  0.425584E+000
  0.870009E+000  0.426084E+000
  0.870030E+000  0.426583E+000
  0.870050E+000  0.427083E+000
  0.870070E+000  0.427582E+000
  0.870090E+000  0.428082E+000
  0.870110E+000  0.428582E+000
  0.870129E+000  0.429081E+000
  0.870148E+000  0.429581E+000
  0.870167E+000  0.430081E+000
  0.870185E+000  0.430580E+000
  0.870204E+000  0.431080E+000
  0.870222E+000  0.431580E+000
  0.870240E+000  0.432079E+000
  0.870257E+000  0.432579E+000
  0.870274E+000  0.433079E+000
  0.870291E+000  0.433578E+000
  0.870308E+000  0.434078E+000
  0.870325E+000  0.434578E+000
  0.870341E+000  0.435078E+000
  0.870357E+000  0.435577E+000
  0.870373E+000  0.436077E+000
  0.870388E+000  0.436577E+000
  0.870403E+000  0.437077E+000
  0.870418E+000  0.437576E+000
  0.870433E+000  0.438076E+000
  0.870448E+000  0.438576E+000
  0.870462E+000  0.439076E+000
  0.870476E+000  0.439576E+000
  0.870490E+000  0.440075E+000
  0.870504E+000  0.440575E+000
  0.870517E+000  0.441075E+000
  0.870531E+000  0.441575E+000
  0.870544E+000  0.442075E+000
  0.870556E+000  0.442574E+000
  0.870569E+000  0.443074E+000
  0.870581E+000  0.443574E+000
  0.870593E+000  0.444074E+000
  0.870605E+000  0.444574E+000
  0.870617E+000  0.445074E+000
  0.870629E+000  0.445574E+000
  0.870640E+000  0.446073E+000
  0.870651E+000  0.446573E+000
  0.870662E+000  0.447073E+000
  0.870673E+000  0.447573E+000
  0.870683E+000  0.448073E+000
  0.870694E+000  0.448573E+000
  0.870704E+000  0.449073E+000
  0.870714E+000  0.449573E+000
  0.870724E+000  0.450073E+000
  0.870733E+000  0.450573E+000
  0.870743E+000  0.451072E+000
  0.870752E+000  0.451572E+000
  0.870761E+000  0.452072E+000
  0.870770E+000  0.452572E+000
  0.870779E+000  0.453072E+000
  0.870787E+000  0.453572E+000
  0.870795E+000  0.454072E+000
  0.870804E+000  0.454572E+000
  0.870812E+000  0.455072E+000
  0.870819E+000  0.455572E+000
  0.870827E+000  0.456072E+000
  0.870835E+000  0.456572E+000
  0.870842E+000  0.457072E+000
  0.870849E+000  0.457572E+000
  0.870856E+000  0.458071E+000
  0.870863E+000  0.458571E+000
  0.870870E+000  0.459071E+000
  0.870877E+000  0.459571E+000
  0.870883E+000  0.460071E+000
  0.870889E+000  0.460571E+000
  0.870896E+000  0.461071E+000
  0.870902E+000  0.461571E+000
  0.870907E+000  0.462071E+000
  0.870913E+000  0.462571E+000
  0.870919E+000  0.463071E+000
  0.870924E+000  0.463571E+000
  0.870930E+000  0.464071E+000
  0.870935E+000  0.464571E+000
  0.870940E+000  0.465071E+000
  0.870945E+000  0.465571E+000
  0.870950E+000  0.466071E+000
  0.870954E+000  0.466571E+000
  0.870959E+000  0.467071E+000
  0.870963E+000  0.467571E+000
  0.870968E+000  0.468071E+000
  0.870972E+000  0.468571E+000
  0.870976E+000  0.469071E+000
  0.870980E+000  0.469571E+000
  0.870984E+000  0.470071E+000
  0.870987E+000  0.470571E+000
  0.870991E+000  0.471071E+000
  0.870995E+000  0.471571E+000
  0.870998E+000  0.472071E+000
  0.871001E+000  0.472571E+000
  0.871005E+000  0.473071E+000
  0.871008E+000  0.473571E+000
  0.871011E+000  0.474071E+000
  0.871014E+000  0.474571E+000
  0.871016E+000  0.475071E+000
  0.871019E+000  0.475571E+000
  0.871022E+000  0.476071E+000
  0.871024E+000  0.476571E+000
  0.871027E+000  0.477071E+000
  0.871029E+000  0.477571E+000
  0.871031E+000  0.478071E+000
  0.871033E+000  0.478571E+000
  0.871035E+000  0.479071E+000
  0.871037E+000  0.479571E+000
  0.871039E+000  0.480071E+000
  0.871041E+000  0.480571E+000
  0.871043E+000  0.481071E+000
  0.871045E+000  0.481571E+000
  0.871046E+000  0.482071E+000
  0.871048E+000  0.482571E+000
  0.871049E+000  0.483071E+000
  0.871051E+000  0.483571E+000
  0.871052E+000  0.484071E+000
  0.871053E+000  0.484571E+000
  0.871054E+000  0.485071E+000
  0.871055E+000  0.485571E+000
  0.871056E+000  0.486071E+000
  0.871057E+000  0.486571E+000
  0.871058E+000  0.487071E+000
  0.871059E+000  0.487571E+000
  0.871060E+000  0.488071E+000
  0.871061E+000  0.488571E+000
  0.871061E+000  0.489071E+000
  0.871062E+000  0.489571E+000
  0.871063E+000  0.490071E+000
  0.871063E+000  0.490571E+000
  0.871064E+000  0.491071E+000
  0.871064E+000  0.491571E+000
  0.871065E+000  0.492071E+000
  0.871065E+000  0.492571E+000
  0.871065E+000  0.493071E+000
  0.871065E+000  0.493571E+000
  0.871066E+000  0.494071E+000
  0.871066E+000  0.494571E+000
  0.871066E+000  0.495071E+000
  0.871066E+000  0.495571E+000
  0.871066E+000  0.496071E+000
  0.871066E+000  0.496571E+000
  0.871066E+000  0.497071E+000
  0.871066E+000  0.497571E+000
  0.871066E+000  0.498071E+000
  0.871066E+000  0.498571E+000
  0.871065E+000  0.499071E+000
  0.871065E+000  0.499571E+000
  0.871065E+000  0.500071E+000
  0.871065E+000  0.500571E+000
  0.871064E+000  0.501071E+000
  0.871064E+000  0.501571E+000
  0.871064E+000  0.502071E+000
  0.871063E+000  0.502571E+000
  0.871063E+000  0.503071E+000
  0.871063E+000  0.503571E+000
  0.871062E+000  0.504071E+000
  0.871062E+000  0.504571E+000
  0.871061E+000  0.505071E+000
  0.871061E+000  0.505571E+000
  0.871061E+000  0.506071E+000
  0.871060E+000  0.506571E+000
  0.871060E+000  0.507071E+000
  0.871059E+000  0.507571E+000
  0.871058E+000  0.508071E+000
  0.871058E+000  0.508571E+000
  0.871057E+000  0.509071E+000
  0.871057E+000  0.509571E+000
  0.871056E+000  0.510071E+000
  0.871056E+000  0.510571E+000
  0.871055E+000  0.511071E+000
  0.871055E+000  0.511571E+000
  0.871054E+000  0.512071E+000
  0.871053E+000  0.512571E+000
  0.871053E+000  0.513071E+000
  0.871052E+000  0.513571E+000
  0.871052E+000  0.514071E+000
  0.871051E+000  0.514571E+000
  0.871051E+000  0.515071E+000
  0.871050E+000  0.515571E+000
  0.871049E+000  0.516071E+000
  0.871049E+000  0.516571E+000
  0.871048E+000  0.517071E+000
  0.871048E+000  0.517571E+000
  0.871047E+000  0.518071E+000
  0.871047E+000  0.518571E+000
  0.871046E+000  0.519071E+000
  0.871046E+000  0.519571E+000
  0.871045E+000  0.520071E+000
  0.871045E+000  0.520571E+000
  0.871045E+000  0.521071E+000
  0.871044E+000  0.521571E+000
  0.871044E+000  0.522071E+000
  0.871043E+000  0.522571E+000
  0.871043E+000  0.523071E+000
  0.871043E+000  0.523571E+000
  0.871042E+000  0.524071E+000
  0.871042E+000  0.524571E+000
  0.871042E+000  0.525071E+000
  0.871041E+000  0.525571E+000
  0.871041E+000  0.526071E+000
  0.871041E+000  0.526571E+000
  0.871041E+000  0.527071E+000
  0.871041E+000  0.527571E+000
  0.871041E+000  0.528071E+000
  0.871040E+000  0.528571E+000
  0.871040E+000  0.529071E+000
  0.871040E+000  0.529571E+000
  0.871040E+000  0.530071E+000
  0.871040E+000  0.530571E+000
  0.871040E+000  0.531071E+000
  0.871040E+000  0.531571E+000
  0.871041E+000  0.532071E+000
  0.871041E+000  0.532571E+000
  0.871041E+000  0.533071E+000
  0.871041E+000  0.533571E+000
  0.871041E+000  0.534071E+000
  0.871042E+000  0.534571E+000
  0.871042E+000  0.535071E+000
  0.871042E+000  0.535571E+000
  0.871043E+000  0.536071E+000
  0.871043E+000  0.536571E+000
  0.871044E+000  0.537071E+000
  0.871044E+000  0.537571E+000
  0.871045E+000  0.538071E+000
  0.871046E+000  0.538571E+000
  0.871046E+000  0.539071E+000
  0.871047E+000  0.539571E+000
  0.871048E+000  0.540071E+000
  0.871049E+000  0.540571E+000
  0.871050E+000  0.541071E+000
  0.871051E+000  0.541571E+000
  0.871052E+000  0.542071E+000
  0.871053E+000  0.542571E+000
  0.871054E+000  0.543071E+000
  0.871055E+000  0.543571E+000
  0.871056E+000  0.544071E+000
  0.871057E+000  0.544571E+000
  0.871058E+000  0.545071E+000
  0.871060E+000  0.545571E+000
  0.871061E+000  0.546071E+000
  0.871063E+000  0.546571E+000
  0.871064E+000  0.547071E+000
  0.871066E+000  0.547571E+000
  0.871067E+000  0.548071E+000
  0.871069E+000  0.548571E+000
  0.871071E+000  0.549071E+000
  0.871073E+000  0.549571E+000
  0.871074E+000  0.550071E+000
  0.871076E+000  0.550571E+000
  0.871078E+000  0.551071E+000
  0.871080E+000  0.551571E+000
  0.871083E+000  0.552071E+000
  0.871085E+000  0.552571E+000
  0.871087E+000  0.553071E+000
  0.871089E+000  0.553571E+000
  0.871092E+000  0.554071E+000
  0.871094E+000  0.554571E+000
  0.871097E+000  0.555070E+000
  0.871099E+000  0.555570E+000
  0.871102E+000  0.556070E+000
  0.871105E+000  0.556570E+000
  0.871107E+000  0.557070E+000
  0.871110E+000  0.557570E+000
  0.871113E+000  0.558070E+000
  0.871116E+000  0.558570E+000
  0.871119E+000  0.559070E+000
  0.871122E+000  0.559570E+000
  0.871126E+000  0.560070E+000
  0.871129E+000  0.560570E+000
  0.871132E+000  0.561070E+000
  0.871136E+000  0.561570E+000
  0.871139E+000  0.562070E+000
  0.871143E+000  0.562570E+000
  0.871146E+000  0.563070E+000
  0.871150E+000  0.563570E+000
  0.871154E+000  0.564070E+000
  0.871158E+000  0.564570E+000
  0.871162E+000  0.565070E+000
  0.871166E+000  0.565570E+000
  0.871170E+000  0.566070E+000
  0.871174E+000  0.566570E+000
  0.871179E+000  0.567070E+000
  0.871183E+000  0.567570E+000
  0.871188E+000  0.568070E+000
  0.871192E+000  0.568570E+000
  0.871197E+000  0.569070E+000
  0.871202E+000  0.569570E+000
  0.871206E+000  0.570070E+000
  0.871211E+000  0.570570E+000
  0.871216E+000  0.571070E+000
  0.871221E+000  0.571570E+000
  0.871226E+000  0.572070E+000
  0.871232E+000  0.572570E+000
  0.871237E+000  0.573070E+000
  0.871242E+000  0.573570E+000
  0.871248E+000  0.574070E+000
  0.871254E+000  0.574570E+000
  0.871259E+000  0.575070E+000
  0.871265E+000  0.575570E+000
  0.871271E+000  0.576070E+000
  0.871277E+000  0.576570E+000
  0.871283E+000  0.577070E+000
  0.871289E+000  0.577570E+000
  0.871295E+000  0.578070E+000
  0.871302E+000  0.578570E+000
  0.871308E+000  0.579070E+000
  0.871315E+000  0.579569E+000
  0.871321E+000  0.580069E+000
  0.871328E+000  0.580569E+000
  0.871335E+000  0.581069E+000
  0.871342E+000  0.581569E+000
  0.871349E+000  0.582069E+000
  0.871356E+000  0.582569E+000
  0.871363E+000  0.583069E+000
  0.871370E+000  0.583569E+000
  0.871378E+000  0.584069E+000
  0.871385E+000  0.584569E+000
  0.871393E+000  0.585069E+000
  0.871401E+000  0.585569E+000
  0.871409E+000  0.586069E+000
  0.871416E+000  0.586569E+000
  0.871424E+000  0.587069E+000
  0.871433E+000  0.587569E+000
  0.871441E+000  0.588069E+000
  0.871449E+000  0.588568E+000
  0.871458E+000  0.589068E+000
  0.871466E+000  0.589568E+000
  0.871475E+000  0.590068E+000
  0.871484E+000  0.590568E+000
  0.871492E+000  0.591068E+000
  0.871501E+000  0.591568E+000
  0.871510E+000  0.592068E+000
  0.871520E+000  0.592568E+000
  0.871529E+000  0.593068E+000
  0.871538E+000  0.593568E+000
  0.871548E+000  0.594068E+000
  0.871557E+000  0.594567E+000
  0.871567E+000  0.595067E+000
  0.871577E+000  0.595567E+000
  0.871587E+000  0.596067E+000
  0.871597E+000  0.596567E+000
  0.871607E+000  0.597067E+000
  0.871618E+000  0.597567E+000
  0.871628E+000  0.598067E+000
  0.871638E+000  0.598567E+000
  0.871649E+000  0.599067E+000
  0.871660E+000  0.599566E+000
  0.871671E+000  0.600066E+000
  0.871682E+000  0.600566E+000
  0.871693E+000  0.601066E+000
  0.871704E+000  0.601566E+000
  0.871715E+000  0.602066E+000
  0.871727E+000  0.602566E+000
  0.871738E+000  0.603066E+000
  0.871750E+000  0.603565E+000
  0.871762E+000  0.604065E+000
  0.871774E+000  0.604565E+000
  0.871786E+000  0.605065E+000
  0.871798E+000  0.605565E+000
  0.871810E+000  0.606065E+000
  0.871822E+000  0.606565E+000
  0.871835E+000  0.607064E+000
  0.871848E+000  0.607564E+000
  0.871860E+000  0.608064E+000
  0.871873E+000  0.608564E+000
  0.871886E+000  0.609064E+000
  0.871899E+000  0.609564E+000
  0.871913E+000  0.610063E+000
  0.871926E+000  0.610563E+000
  0.871939E+000  0.611063E+000
  0.871953E+000  0.611563E+000
  0.871967E+000  0.612063E+000
  0.871981E+000  0.612562E+000
  0.871995E+000  0.613062E+000
  0.872009E+000  0.613562E+000
  0.872023E+000  0.614062E+000
  0.872037E+000  0.614562E+000
  0.872052E+000  0.615061E+000
  0.872067E+000  0.615561E+000
  0.872081E+000  0.616061E+000
  0.872096E+000  0.616561E+000
  0.872111E+000  0.617061E+000
  0.872126E+000  0.617560E+000
  0.872142E+000  0.618060E+000
  0.872157E+000  0.618560E+000
  0.872173E+000  0.619060E+000
  0.872188E+000  0.619559E+000
  0.872204E+000  0.620059E+000
  0.872220E+000  0.620559E+000
  0.872236E+000  0.621059E+000
  0.872252E+000  0.621558E+000
  0.872269E+000  0.622058E+000
  0.872285E+000  0.622558E+000
  0.872302E+000  0.623058E+000
  0.872318E+000  0.623557E+000
  0.872335E+000  0.624057E+000
  0.872352E+000  0.624557E+000
  0.872369E+000  0.625056E+000
  0.872387E+000  0.625556E+000
  0.872404E+000  0.626056E+000
  0.872422E+000  0.626555E+000
  0.872439E+000  0.627055E+000
  0.872457E+000  0.627555E+000
  0.872475E+000  0.628055E+000
  0.872493E+000  0.628554E+000
  0.872512E+000  0.629054E+000
  0.872530E+000  0.629554E+000
  0.872548E+000  0.630053E+000
  0.872567E+000  0.630553E+000
  0.872586E+000  0.631052E+000
  0.872605E+000  0.631552E+000
  0.872624E+000  0.632052E+000
  0.872643E+000  0.632551E+000
  0.872663E+000  0.633051E+000
  0.872682E+000  0.633551E+000
  0.872702E+000  0.634050E+000
  0.872722E+000  0.634550E+000
  0.872741E+000  0.635049E+000
  0.872762E+000  0.635549E+000
  0.872782E+000  0.636049E+000
  0.872802E+000  0.636548E+000
  0.872823E+000  0.637048E+000
  0.872843E+000  0.637547E+000
  0.872864E+000  0.638047E+000
  0.872885E+000  0.638546E+000
  0.872906E+000  0.639046E+000
  0.872928E+000  0.639546E+000
  0.872949E+000  0.640045E+000
  0.872970E+000  0.640545E+000
  0.872992E+000  0.641044E+000
  0.873014E+000  0.641544E+000
  0.873036E+000  0.642043E+000
  0.873058E+000  0.642543E+000
  0.873080E+000  0.643042E+000
  0.873103E+000  0.643542E+000
  0.873125E+000  0.644041E+000
  0.873148E+000  0.644541E+000
  0.873171E+000  0.645040E+000
  0.873194E+000  0.645540E+000
  0.873217E+000  0.646039E+000
  0.873241E+000  0.646539E+000
  0.873264E+000  0.647038E+000
  0.873288E+000  0.647537E+000
  0.873312E+000  0.648037E+000
  0.873336E+000  0.648536E+000
  0.873360E+000  0.649036E+000
  0.873384E+000  0.649535E+000
  0.873409E+000  0.650035E+000
  0.873433E+000  0.650534E+000
  0.873458E+000  0.651033E+000
  0.873483E+000  0.651533E+000
  0.873508E+000  0.652032E+000
  0.873533E+000  0.652531E+000
  0.873558E+000  0.653031E+000
  0.873584E+000  0.653530E+000
  0.873610E+000  0.654029E+000
  0.873635E+000  0.654529E+000
  0.873662E+000  0.655028E+000
  0.873688E+000  0.655527E+000
  0.873714E+000  0.656027E+000
  0.873740E+000  0.656526E+000
  0.873767E+000  0.657025E+000
  0.873794E+000  0.657525E+000
  0.873821E+000  0.658024E+000
  0.873848E+000  0.658523E+000
  0.873875E+000  0.659022E+000
  0.873903E+000  0.659522E+000
  0.873930E+000  0.660021E+000
  0.873958E+000  0.660520E+000
  0.873986E+000  0.661019E+000
  0.874014E+000  0.661519E+000
  0.874043E+000  0.662018E+000
  0.874071E+000  0.662517E+000
  0.874100E+000  0.663016E+000
  0.874128E+000  0.663515E+000
  0.874157E+000  0.664014E+000
  0.874186E+000  0.664514E+000
  0.874216E+000  0.665013E+000
  0.874245E+000  0.665512E+000
  0.874275E+000  0.666011E+000
  0.874304E+000  0.666510E+000
  0.874334E+000  0.667009E+000
  0.874364E+000  0.667508E+000
  0.874395E+000  0.668007E+000
  0.874425E+000  0.668506E+000
  0.874456E+000  0.669006E+000
  0.874487E+000  0.669505E+000
  0.874517E+000  0.670004E+000
  0.874549E+000  0.670503E+000
  0.874580E+000  0.671002E+000
  0.874611E+000  0.671501E+000
  0.874643E+000  0.672000E+000
  0.874675E+000  0.672499E+000
  0.874707E+000  0.672998E+000
  0.874739E+000  0.673497E+000
  0.874771E+000  0.673996E+000
  0.874804E+000  0.674495E+000
  0.874836E+000  0.674993E+000
  0.874869E+000  0.675492E+000
  0.874902E+000  0.675991E+000
  0.874936E+000  0.676490E+000
  0.874969E+000  0.676989E+000
  0.875002E+000  0.677488E+000
  0.875036E+000  0.677987E+000
  0.875070E+000  0.678486E+000
  0.875104E+000  0.678984E+000
  0.875138E+000  0.679483E+000
  0.875173E+000  0.679982E+000
  0.875207E+000  0.680481E+000
  0.875242E+000  0.680980E+000
  0.875277E+000  0.681478E+000
  0.875312E+000  0.681977E+000
  0.875348E+000  0.682476E+000
  0.875383E+000  0.682975E+000
  0.875419E+000  0.683473E+000
  0.875455E+000  0.683972E+000
  0.875491E+000  0.684471E+000
  0.875527E+000  0.684970E+000
  0.875563E+000  0.685468E+000
  0.875600E+000  0.685967E+000
  0.875637E+000  0.686466E+000
  0.875674E+000  0.686964E+000
  0.875711E+000  0.687463E+000
  0.875748E+000  0.687961E+000
  0.875786E+000  0.688460E+000
  0.875823E+000  0.688959E+000
  0.875861E+000  0.689457E+000
  0.875899E+000  0.689956E+000
  0.875938E+000  0.690454E+000
  0.875976E+000  0.690953E+000
  0.876015E+000  0.691451E+000
  0.876054E+000  0.691950E+000
  0.876093E+000  0.692448E+000
  0.876132E+000  0.692947E+000
  0.876171E+000  0.693445E+000
  0.876211E+000  0.693944E+000
  0.876250E+000  0.694442E+000
  0.876290E+000  0.694940E+000
  0.876330E+000  0.695439E+000
  0.876371E+000  0.695937E+000
  0.876411E+000  0.696435E+000
  0.876452E+000  0.696934E+000
  0.876493E+000  0.697432E+000
  0.876534E+000  0.697930E+000
  0.876575E+000  0.698429E+000
  0.876617E+000  0.698927E+000
  0.876658E+000  0.699425E+000
  0.876700E+000  0.699924E+000
  0.876742E+000  0.700422E+000
  0.876785E+000  0.700920E+000
  0.876827E+000  0.701418E+000
  0.876870E+000  0.701916E+000
  0.876912E+000  0.702415E+000
  0.876955E+000  0.702913E+000
  0.876999E+000  0.703411E+000
  0.877042E+000  0.703909E+000
  0.877086E+000  0.704407E+000
  0.877129E+000  0.704905E+000
  0.877173E+000  0.705403E+000
  0.877218E+000  0.705901E+000
  0.877262E+000  0.706399E+000
  0.877307E+000  0.706897E+000
  0.877351E+000  0.707395E+000
  0.877396E+000  0.707893E+000
  0.877442E+000  0.708391E+000
  0.877487E+000  0.708889E+000
  0.877533E+000  0.709387E+000
  0.877578E+000  0.709885E+000
  0.877624E+000  0.710383E+000
  0.877671E+000  0.710881E+000
  0.877717E+000  0.711378E+000
  0.877764E+000  0.711876E+000
  0.877810E+000  0.712374E+000
  0.877857E+000  0.712872E+000
  0.877905E+000  0.713370E+000
  0.877952E+000  0.713867E+000
  0.878000E+000  0.714365E+000
  0.878047E+000  0.714863E+000
  0.878095E+000  0.715361E+000
  0.878144E+000  0.715858E+000
  0.878192E+000  0.716356E+000
  0.878241E+000  0.716853E+000
  0.878290E+000  0.717351E+000
  0.878339E+000  0.717849E+000
  0.878388E+000  0.718346E+000
  0.878437E+000  0.718844E+000
  0.878487E+000  0.719341E+000
  0.878537E+000  0.719839E+000
  0.878587E+000  0.720336E+000
  0.878637E+000  0.720834E+000
  0.878688E+000  0.721331E+000
  0.878739E+000  0.721829E+000
  0.878790E+000  0.722326E+000
  0.878841E+000  0.722823E+000
  0.878892E+000  0.723321E+000
  0.878944E+000  0.723818E+000
  0.878995E+000  0.724315E+000
  0.879047E+000  0.724813E+000
  0.879100E+000  0.725310E+000
  0.879152E+000  0.725807E+000
  0.879205E+000  0.726304E+000
  0.879258E+000  0.726802E+000
  0.879311E+000  0.727299E+000
  0.879364E+000  0.727796E+000
  0.879417E+000  0.728293E+000
  0.879471E+000  0.728790E+000
  0.879525E+000  0.729287E+000
  0.879579E+000  0.729784E+000
  0.879634E+000  0.730281E+000
  0.879688E+000  0.730778E+000
  0.879743E+000  0.731275E+000
  0.879798E+000  0.731772E+000
  0.879853E+000  0.732269E+000
  0.879909E+000  0.732766E+000
  0.879964E+000  0.733263E+000
  0.880020E+000  0.733760E+000
  0.880076E+000  0.734257E+000
  0.880133E+000  0.734754E+000
  0.880189E+000  0.735250E+000
  0.880246E+000  0.735747E+000
  0.880303E+000  0.736244E+000
  0.880360E+000  0.736741E+000
  0.880418E+000  0.737237E+000
  0.880475E+000  0.737734E+000
  0.880533E+000  0.738231E+000
  0.880591E+000  0.738727E+000
  0.880650E+000  0.739224E+000
  0.880708E+000  0.739720E+000
  0.880767E+000  0.740217E+000
  0.880826E+000  0.740713E+000
  0.880885E+000  0.741210E+000
  0.880945E+000  0.741706E+000
  0.881005E+000  0.742203E+000
  0.881064E+000  0.742699E+000
  0.881125E+000  0.743195E+000
  0.881185E+000  0.743692E+000
  0.881246E+000  0.744188E+000
  0.881306E+000  0.744684E+000
  0.881368E+000  0.745181E+000
  0.881429E+000  0.745677E+000
  0.881490E+000  0.746173E+000
  0.881552E+000  0.746669E+000
  0.881614E+000  0.747165E+000
  0.881676E+000  0.747662E+000
  0.881739E+000  0.748158E+000
  0.881802E+000  0.748654E+000
  0.881864E+000  0.749150E+000
  0.881928E+000  0.749646E+000
  0.881991E+000  0.750142E+000
  0.882055E+000  0.750638E+000
  0.882119E+000  0.751133E+000
  0.882183E+000  0.751629E+000
  0.882247E+000  0.752125E+000
  0.882312E+000  0.752621E+000
  0.882376E+000  0.753117E+000
  0.882441E+000  0.753613E+000
  0.882507E+000  0.754108E+000
  0.882572E+000  0.754604E+000
  0.882638E+000  0.755100E+000
  0.882704E+000  0.755595E+000
  0.882770E+000  0.756091E+000
  0.882837E+000  0.756586E+000
  0.882903E+000  0.757082E+000
  0.882970E+000  0.757577E+000
  0.883038E+000  0.758073E+000
  0.883105E+000  0.758568E+000
  0.883173E+000  0.759064E+000
  0.883241E+000  0.759559E+000
  0.883309E+000  0.760054E+000
  0.883377E+000  0.760550E+000
  0.883446E+000  0.761045E+000
  0.883515E+000  0.761540E+000
  0.883584E+000  0.762035E+000
  0.883653E+000  0.762531E+000
  0.883723E+000  0.763026E+000
  0.883793E+000  0.763521E+000
  0.883863E+000  0.764016E+000
  0.883934E+000  0.764511E+000
  0.884004E+000  0.765006E+000
  0.884075E+000  0.765501E+000
  0.884146E+000  0.765996E+000
  0.884218E+000  0.766491E+000
  0.884289E+000  0.766985E+000
  0.884361E+000  0.767480E+000
  0.884433E+000  0.767975E+000
  0.884506E+000  0.768470E+000
  0.884578E+000  0.768964E+000
  0.884651E+000  0.769459E+000
  0.884724E+000  0.769954E+000
  0.884798E+000  0.770448E+000
  0.884871E+000  0.770943E+000
  0.884945E+000  0.771437E+000
  0.885019E+000  0.771932E+000
  0.885094E+000  0.772426E+000
  0.885168E+000  0.772921E+000
  0.885243E+000  0.773415E+000
  0.885319E+000  0.773909E+000
  0.885394E+000  0.774404E+000
  0.885470E+000  0.774898E+000
  0.885546E+000  0.775392E+000
  0.885622E+000  0.775886E+000
  0.885698E+000  0.776380E+000
  0.885775E+000  0.776874E+000
  0.885852E+000  0.777368E+000
  0.885929E+000  0.777862E+000
  0.886007E+000  0.778356E+000
  0.886085E+000  0.778850E+000
  0.886163E+000  0.779344E+000
  0.886241E+000  0.779838E+000
  0.886319E+000  0.780332E+000
  0.886398E+000  0.780825E+000
  0.886477E+000  0.781319E+000
  0.886557E+000  0.781813E+000
  0.886636E+000  0.782306E+000
  0.886716E+000  0.782800E+000
  0.886796E+000  0.783294E+000
  0.886877E+000  0.783787E+000
  0.886957E+000  0.784281E+000
  0.887038E+000  0.784774E+000
  0.887120E+000  0.785267E+000
  0.887201E+000  0.785761E+000
  0.887283E+000  0.786254E+000
  0.887365E+000  0.786747E+000
  0.887447E+000  0.787240E+000
  0.887530E+000  0.787733E+000
  0.887612E+000  0.788227E+000
  0.887696E+000  0.788720E+000
  0.887779E+000  0.789213E+000
  0.887863E+000  0.789706E+000
  0.887946E+000  0.790198E+000
  0.888031E+000  0.790691E+000
  0.888115E+000  0.791184E+000
  0.888200E+000  0.791677E+000
  0.888285E+000  0.792170E+000
  0.888370E+000  0.792662E+000
  0.888456E+000  0.793155E+000
  0.888542E+000  0.793647E+000
  0.888628E+000  0.794140E+000
  0.888714E+000  0.794632E+000
  0.888801E+000  0.795125E+000
  0.888888E+000  0.795617E+000
  0.888975E+000  0.796110E+000
  0.889062E+000  0.796602E+000
  0.889150E+000  0.797094E+000
  0.889238E+000  0.797586E+000
  0.889327E+000  0.798078E+000
  0.889415E+000  0.798571E+000
  0.889504E+000  0.799063E+000
  0.889593E+000  0.799555E+000
  0.889683E+000  0.800046E+000
  0.889773E+000  0.800538E+000
  0.889863E+000  0.801030E+000
  0.889953E+000  0.801522E+000
  0.890044E+000  0.802014E+000
  0.890135E+000  0.802505E+000
  0.890226E+000  0.802997E+000
  0.890317E+000  0.803488E+000
  0.890409E+000  0.803980E+000
  0.890501E+000  0.804471E+000
  0.890593E+000  0.804963E+000
  0.890686E+000  0.805454E+000
  0.890779E+000  0.805945E+000
  0.890872E+000  0.806437E+000
  0.890966E+000  0.806928E+000
  0.891059E+000  0.807419E+000
  0.891154E+000  0.807910E+000
  0.891248E+000  0.808401E+000
  0.891343E+000  0.808892E+000
  0.891438E+000  0.809383E+000
  0.891533E+000  0.809874E+000
  0.891628E+000  0.810365E+000
  0.891724E+000  0.810855E+000
  0.891820E+000  0.811346E+000
  0.891917E+000  0.811837E+000
  0.892014E+000  0.812327E+000
  0.892111E+000  0.812818E+000
  0.892208E+000  0.813308E+000
  0.892306E+000  0.813798E+000
  0.892403E+000  0.814289E+000
  0.892502E+000  0.814779E+000
  0.892600E+000  0.815269E+000
  0.892699E+000  0.815759E+000
  0.892798E+000  0.816249E+000
  0.892898E+000  0.816739E+000
  0.892997E+000  0.817229E+000
  0.893097E+000  0.817719E+000
  0.893198E+000  0.818209E+000
  0.893298E+000  0.818699E+000
  0.893399E+000  0.819189E+000
  0.893501E+000  0.819678E+000
  0.893602E+000  0.820168E+000
  0.893704E+000  0.820657E+000
  0.893806E+000  0.821147E+000
  0.893909E+000  0.821636E+000
  0.894012E+000  0.822125E+000
  0.894115E+000  0.822615E+000
  0.894218E+000  0.823104E+000
  0.894322E+000  0.823593E+000
  0.894426E+000  0.824082E+000
  0.894530E+000  0.824571E+000
  0.894635E+000  0.825060E+000
  0.894740E+000  0.825549E+000
  0.894845E+000  0.826038E+000
  0.894951E+000  0.826526E+000
  0.895057E+000  0.827015E+000
  0.895163E+000  0.827504E+000
  0.895270E+000  0.827992E+000
  0.895376E+000  0.828481E+000
  0.895484E+000  0.828969E+000
  0.895591E+000  0.829457E+000
  0.895699E+000  0.829945E+000
  0.895807E+000  0.830434E+000
  0.895916E+000  0.830922E+000
  0.896024E+000  0.831410E+000
  0.896133E+000  0.831898E+000
  0.896243E+000  0.832386E+000
  0.896353E+000  0.832873E+000
  0.896463E+000  0.833361E+000
  0.896573E+000  0.833849E+000
  0.896684E+000  0.834336E+000
  0.896795E+000  0.834824E+000
  0.896906E+000  0.835311E+000
  0.897018E+000  0.835799E+000
  0.897130E+000  0.836286E+000
  0.897242E+000  0.836773E+000
  0.897355E+000  0.837260E+000
  0.897468E+000  0.837747E+000
  0.897581E+000  0.838234E+000
  0.897695E+000  0.838721E+000
  0.897809E+000  0.839208E+000
  0.897923E+000  0.839695E+000
  0.898038E+000  0.840182E+000
  0.898153E+000  0.840668E+000
  0.898268E+000  0.841155E+000
  0.898384E+000  0.841641E+000
  0.898500E+000  0.842127E+000
  0.898616E+000  0.842614E+000
  0.898733E+000  0.843100E+000
  0.898850E+000  0.843586E+000
  0.898967E+000  0.844072E+000
  0.899085E+000  0.844558E+000
  0.899203E+000  0.845044E+000
  0.899321E+000  0.845530E+000
  0.899439E+000  0.846015E+000
  0.899558E+000  0.846501E+000
  0.899678E+000  0.846987E+000
  0.899798E+000  0.847472E+000
  0.899918E+000  0.847958E+000
  0.900038E+000  0.848443E+000
  0.900159E+000  0.848928E+000
  0.900280E+000  0.849413E+000
  0.900401E+000  0.849898E+000
  0.900523E+000  0.850383E+000
  0.900645E+000  0.850868E+000
  0.900767E+000  0.851353E+000
  0.900890E+000  0.851837E+000
  0.901013E+000  0.852322E+000
  0.901137E+000  0.852807E+000
  0.901260E+000  0.853291E+000
  0.901385E+000  0.853775E+000
  0.901509E+000  0.854260E+000
  0.901634E+000  0.854744E+000
  0.901759E+000  0.855228E+000
  0.901885E+000  0.855712E+000
  0.902011E+000  0.856196E+000
  0.902137E+000  0.856680E+000
  0.902263E+000  0.857163E+000
  0.902390E+000  0.857647E+000
  0.902518E+000  0.858130E+000
  0.902645E+000  0.858614E+000
  0.902773E+000  0.859097E+000
  0.902902E+000  0.859580E+000
  0.903031E+000  0.860063E+000
  0.903160E+000  0.860547E+000
  0.903289E+000  0.861029E+000
  0.903419E+000  0.861512E+000
  0.903549E+000  0.861995E+000
  0.903680E+000  0.862478E+000
  0.903811E+000  0.862960E+000
  0.903942E+000  0.863443E+000
  0.904073E+000  0.863925E+000
  0.904205E+000  0.864407E+000
  0.904338E+000  0.864890E+000
  0.904470E+000  0.865372E+000
  0.904603E+000  0.865854E+000
  0.904737E+000  0.866336E+000
  0.904871E+000  0.866817E+000
  0.905005E+000  0.867299E+000
  0.905139E+000  0.867781E+000
  0.905274E+000  0.868262E+000
  0.905410E+000  0.868743E+000
  0.905545E+000  0.869225E+000
  0.905681E+000  0.869706E+000
  0.905817E+000  0.870187E+000
  0.905954E+000  0.870668E+000
  0.906091E+000  0.871149E+000
  0.906229E+000  0.871629E+000
  0.906367E+000  0.872110E+000
  0.906505E+000  0.872590E+000
  0.906643E+000  0.873071E+000
  0.906782E+000  0.873551E+000
  0.906922E+000  0.874031E+000
  0.907061E+000  0.874511E+000
  0.907201E+000  0.874991E+000
  0.907342E+000  0.875471E+000
  0.907483E+000  0.875951E+000
  0.907624E+000  0.876431E+000
  0.907765E+000  0.876910E+000
  0.907907E+000  0.877390E+000
  0.908050E+000  0.877869E+000
  0.908192E+000  0.878348E+000
  0.908335E+000  0.878827E+000
  0.908479E+000  0.879306E+000
  0.908623E+000  0.879785E+000
  0.908767E+000  0.880264E+000
  0.908912E+000  0.880743E+000
  0.909057E+000  0.881221E+000
  0.909202E+000  0.881699E+000
  0.909348E+000  0.882178E+000
  0.909494E+000  0.882656E+000
  0.909640E+000  0.883134E+000
  0.909787E+000  0.883612E+000
  0.909934E+000  0.884090E+000
  0.910082E+000  0.884567E+000
  0.910230E+000  0.885045E+000
  0.910378E+000  0.885522E+000
  0.910527E+000  0.886000E+000
  0.910676E+000  0.886477E+000
  0.910826E+000  0.886954E+000
  0.910976E+000  0.887431E+000
  0.911126E+000  0.887908E+000
  0.911277E+000  0.888385E+000
  0.911428E+000  0.888861E+000
  0.911580E+000  0.889338E+000
  0.911732E+000  0.889814E+000
  0.911884E+000  0.890290E+000
  0.912036E+000  0.890767E+000
  0.912190E+000  0.891243E+000
  0.912343E+000  0.891718E+000
  0.912497E+000  0.892194E+000
  0.912651E+000  0.892670E+000
  0.912806E+000  0.893145E+000
  0.912961E+000  0.893621E+000
  0.913116E+000  0.894096E+000
  0.913272E+000  0.894571E+000
  0.913428E+000  0.895046E+000
  0.913584E+000  0.895521E+000
  0.913741E+000  0.895996E+000
  0.913899E+000  0.896470E+000
  0.914056E+000  0.896945E+000
  0.914215E+000  0.897419E+000
  0.914373E+000  0.897893E+000
  0.914532E+000  0.898367E+000
  0.914691E+000  0.898841E+000
  0.914851E+000  0.899315E+000
  0.915011E+000  0.899789E+000
  0.915171E+000  0.900262E+000
  0.915332E+000  0.900736E+000
  0.915494E+000  0.901209E+000
  0.915655E+000  0.901682E+000
  0.915817E+000  0.902155E+000
  0.915980E+000  0.902628E+000
  0.916142E+000  0.903101E+000
  0.916306E+000  0.903574E+000
  0.916469E+000  0.904046E+000
  0.916633E+000  0.904518E+000
  0.916798E+000  0.904991E+000
  0.916962E+000  0.905463E+000
  0.917128E+000  0.905935E+000
  0.917293E+000  0.906406E+000
  0.917459E+000  0.906878E+000
  0.917625E+000  0.907350E+000
  0.917792E+000  0.907821E+000
  0.917959E+000  0.908292E+000
  0.918127E+000  0.908763E+000
  0.918295E+000  0.909234E+000
  0.918463E+000  0.909705E+000
  0.918632E+000  0.910176E+000
  0.918801E+000  0.910646E+000
  0.918970E+000  0.911117E+000
  0.919140E+000  0.911587E+000
  0.919310E+000  0.912057E+000
  0.919481E+000  0.912527E+000
  0.919652E+000  0.912997E+000
  0.919823E+000  0.913467E+000
  0.919995E+000  0.913936E+000
  0.920168E+000  0.914406E+000
  0.920340E+000  0.914875E+000
  0.920513E+000  0.915344E+000
  0.920686E+000  0.915813E+000
  0.920860E+000  0.916282E+000
  0.921034E+000  0.916750E+000
  0.921209E+000  0.917219E+000
  0.921384E+000  0.917687E+000
  0.921559E+000  0.918156E+000
  0.921735E+000  0.918624E+000
  0.921911E+000  0.919092E+000
  0.922087E+000  0.919560E+000
  0.922264E+000  0.920027E+000
  0.922441E+000  0.920495E+000
  0.922619E+000  0.920962E+000
  0.922797E+000  0.921429E+000
  0.922975E+000  0.921897E+000
  0.923154E+000  0.922363E+000
  0.923333E+000  0.922830E+000
  0.923513E+000  0.923297E+000
  0.923693E+000  0.923763E+000
  0.923873E+000  0.924230E+000
  0.924053E+000  0.924696E+000
  0.924234E+000  0.925162E+000
  0.924416E+000  0.925628E+000
  0.924598E+000  0.926094E+000
  0.924780E+000  0.926560E+000
  0.924962E+000  0.927025E+000
  0.925145E+000  0.927490E+000
  0.925328E+000  0.927956E+000
  0.925512E+000  0.928421E+000
  0.925696E+000  0.928886E+000
  0.925881E+000  0.929350E+000
  0.926065E+000  0.929815E+000
  0.926250E+000  0.930279E+000
  0.926436E+000  0.930744E+000
  0.926622E+000  0.931208E+000
  0.926808E+000  0.931672E+000
  0.926995E+000  0.932136E+000
  0.927181E+000  0.932600E+000
  0.927369E+000  0.933063E+000
  0.927556E+000  0.933527E+000
  0.927744E+000  0.933990E+000
  0.927933E+000  0.934453E+000
  0.928122E+000  0.934916E+000
  0.928311E+000  0.935379E+000
  0.928500E+000  0.935842E+000
  0.928690E+000  0.936304E+000
  0.928880E+000  0.936767E+000
  0.929071E+000  0.937229E+000
  0.929262E+000  0.937691E+000
  0.929453E+000  0.938153E+000
  0.929644E+000  0.938615E+000
  0.929836E+000  0.939076E+000
  0.930029E+000  0.939538E+000
  0.930221E+000  0.939999E+000
  0.930414E+000  0.940461E+000
  0.930608E+000  0.940922E+000
  0.930801E+000  0.941383E+000
  0.930995E+000  0.941844E+000
  0.931190E+000  0.942304E+000
  0.931384E+000  0.942765E+000
  0.931579E+000  0.943225E+000
  0.931775E+000  0.943685E+000
  0.931970E+000  0.944146E+000
  0.932166E+000  0.944606E+000
  0.932363E+000  0.945065E+000
  0.932560E+000  0.945525E+000
  0.932757E+000  0.945985E+000
  0.932954E+000  0.946444E+000
  0.933152E+000  0.946903E+000
  0.933350E+000  0.947362E+000
  0.933548E+000  0.947821E+000
  0.933747E+000  0.948280E+000
  0.933946E+000  0.948739E+000
  0.934145E+000  0.949197E+000
  0.934345E+000  0.949656E+000
  0.934545E+000  0.950114E+000
  0.934745E+000  0.950572E+000
  0.934945E+000  0.951030E+000
  0.935146E+000  0.951488E+000
  0.935347E+000  0.951946E+000
  0.935549E+000  0.952403E+000
  0.935751E+000  0.952861E+000
  0.935953E+000  0.953318E+000
  0.936155E+000  0.953775E+000
  0.936358E+000  0.954232E+000
  0.936561E+000  0.954689E+000
  0.936765E+000  0.955146E+000
  0.936968E+000  0.955603E+000
  0.937172E+000  0.956059E+000
  0.937376E+000  0.956516E+000
  0.937581E+000  0.956972E+000
  0.937786E+000  0.957428E+000
  0.937991E+000  0.957884E+000
  0.938196E+000  0.958340E+000
  0.938402E+000  0.958796E+000
  0.938608E+000  0.959251E+000
  0.938814E+000  0.959707E+000
  0.939021E+000  0.960162E+000
  0.939228E+000  0.960617E+000
  0.939435E+000  0.961072E+000
  0.939642E+000  0.961527E+000
  0.939850E+000  0.961982E+000
  0.940058E+000  0.962437E+000
  0.940266E+000  0.962891E+000
  0.940475E+000  0.963346E+000
  0.940684E+000  0.963800E+000
  0.940893E+000  0.964254E+000
  0.941102E+000  0.964708E+000
  0.941312E+000  0.965162E+000
  0.941522E+000  0.965616E+000
  0.941732E+000  0.966070E+000
  0.941942E+000  0.966523E+000
  0.942153E+000  0.966977E+000
  0.942364E+000  0.967430E+000
  0.942575E+000  0.967883E+000
  0.942787E+000  0.968336E+000
  0.942998E+000  0.968789E+000
  0.943210E+000  0.969242E+000
  0.943423E+000  0.969695E+000
  0.943635E+000  0.970147E+000
  0.943848E+000  0.970600E+000
  0.944061E+000  0.971052E+000
  0.944274E+000  0.971505E+000
  0.944487E+000  0.971957E+000
  0.944701E+000  0.972409E+000
  0.944915E+000  0.972861E+000
  0.945129E+000  0.973312E+000
  0.945344E+000  0.973764E+000
  0.945558E+000  0.974216E+000
  0.945773E+000  0.974667E+000
  0.945988E+000  0.975119E+000
  0.946204E+000  0.975570E+000
  0.946419E+000  0.976021E+000
  0.946635E+000  0.976472E+000
  0.946851E+000  0.976923E+000
  0.947068E+000  0.977374E+000
  0.947284E+000  0.977824E+000
  0.947501E+000  0.978275E+000
  0.947718E+000  0.978725E+000
  0.947935E+000  0.979176E+000
  0.948152E+000  0.979626E+000
  0.948370E+000  0.980076E+000
  0.948588E+000  0.980526E+000
  0.948806E+000  0.980976E+000
  0.949024E+000  0.981426E+000
  0.949243E+000  0.981876E+000
  0.949461E+000  0.982325E+000
  0.949680E+000  0.982775E+000
  0.949899E+000  0.983224E+000
  0.950119E+000  0.983674E+000
  0.950338E+000  0.984123E+000
  0.950558E+000  0.984572E+000
  0.950778E+000  0.985021E+000
  0.950998E+000  0.985470E+000
  0.951218E+000  0.985919E+000
  0.951439E+000  0.986368E+000
  0.951659E+000  0.986816E+000
  0.951880E+000  0.987265E+000
  0.952101E+000  0.987713E+000
  0.952323E+000  0.988162E+000
  0.952544E+000  0.988610E+000
  0.952766E+000  0.989058E+000
  0.952988E+000  0.989506E+000
  0.953210E+000  0.989954E+000
  0.953432E+000  0.990402E+000
  0.953654E+000  0.990850E+000
  0.953877E+000  0.991298E+000
  0.954100E+000  0.991745E+000
  0.954323E+000  0.992193E+000
  0.954546E+000  0.992640E+000
  0.954769E+000  0.993088E+000
  0.954993E+000  0.993535E+000
  0.955216E+000  0.993982E+000
  0.955440E+000  0.994429E+000
  0.955664E+000  0.994876E+000
  0.955888E+000  0.995323E+000
  0.956113E+000  0.995770E+000
  0.956337E+000  0.996217E+000
  0.956562E+000  0.996663E+000
  0.956787E+000  0.997110E+000
  0.957012E+000  0.997557E+000
  0.957237E+000  0.998003E+000
  0.957462E+000  0.998449E+000
  0.957688E+000  0.998896E+000
  0.957913E+000  0.999342E+000
  0.958139E+000  0.999788E+000
  0.958365E+000  0.100023E+001
  0.958591E+000  0.100068E+001
  0.958817E+000  0.100113E+001
  0.959044E+000  0.100157E+001
  0.959270E+000  0.100202E+001
  0.959497E+000  0.100246E+001
  0.959724E+000  0.100291E+001
  0.959951E+000  0.100335E+001
  0.960178E+000  0.100380E+001
  0.960405E+000  0.100424E+001
  0.960633E+000  0.100469E+001
  0.960860E+000  0.100514E+001
  0.961088E+000  0.100558E+001
  0.961316E+000  0.100603E+001
  0.961544E+000  0.100647E+001
  0.961772E+000  0.100692E+001
  0.962001E+000  0.100736E+001
  0.962229E+000  0.100780E+001
  0.962458E+000  0.100825E+001
  0.962686E+000  0.100869E+001
  0.962915E+000  0.100914E+001
  0.963144E+000  0.100958E+001
  0.963373E+000  0.101003E+001
  0.963603E+000  0.101047E+001
  0.963832E+000  0.101092E+001
  0.964061E+000  0.101136E+001
  0.964291E+000  0.101180E+001
  0.964521E+000  0.101225E+001
  0.964751E+000  0.101269E+001
  0.964981E+000  0.101314E+001
  0.965211E+000  0.101358E+001
  0.965441E+000  0.101402E+001
  0.965672E+000  0.101447E+001
  0.965902E+000  0.101491E+001
  0.966133E+000  0.101536E+001
  0.966363E+000  0.101580E+001
  0.966594E+000  0.101624E+001
  0.966825E+000  0.101669E+001
  0.967056E+000  0.101713E+001
  0.967288E+000  0.101757E+001
  0.967519E+000  0.101802E+001
  0.967750E+000  0.101846E+001
  0.967982E+000  0.101890E+001
  0.968214E+000  0.101935E+001
  0.968445E+000  0.101979E+001
  0.968677E+000  0.102023E+001
  0.968909E+000  0.102067E+001
  0.969141E+000  0.102112E+001
  0.969373E+000  0.102156E+001
  0.969606E+000  0.102200E+001
  0.969838E+000  0.102245E+001
  0.970071E+000  0.102289E+001
  0.970303E+000  0.102333E+001
  0.970536E+000  0.102377E+001
  0.970769E+000  0.102422E+001
  0.971002E+000  0.102466E+001
  0.971235E+000  0.102510E+001
  0.971468E+000  0.102554E+001
  0.971701E+000  0.102599E+001
  0.971935E+000  0.102643E+001
  0.972168E+000  0.102687E+001
  0.972402E+000  0.102731E+001
  0.972635E+000  0.102775E+001
  0.972869E+000  0.102820E+001
  0.973103E+000  0.102864E+001
  0.973337E+000  0.102908E+001
  0.973571E+000  0.102952E+001
  0.973805E+000  0.102996E+001
  0.974039E+000  0.103041E+001
  0.974273E+000  0.103085E+001
  0.974507E+000  0.103129E+001
  0.974742E+000  0.103173E+001
  0.974976E+000  0.103217E+001
  0.975211E+000  0.103261E+001
  0.975446E+000  0.103305E+001
  0.975681E+000  0.103350E+001
  0.975915E+000  0.103394E+001
  0.976150E+000  0.103438E+001
  0.976386E+000  0.103482E+001
  0.976621E+000  0.103526E+001
  0.976856E+000  0.103570E+001
  0.977091E+000  0.103614E+001
  0.977327E+000  0.103658E+001
  0.977562E+000  0.103703E+001
  0.977798E+000  0.103747E+001
  0.978033E+000  0.103791E+001
  0.978269E+000  0.103835E+001
  0.978505E+000  0.103879E+001
  0.978741E+000  0.103923E+001
  0.978976E+000  0.103967E+001
  0.979213E+000  0.104011E+001
  0.979449E+000  0.104055E+001
  0.979685E+000  0.104099E+001
  0.979921E+000  0.104143E+001
  0.980157E+000  0.104188E+001
  0.980394E+000  0.104232E+001
  0.980630E+000  0.104276E+001
  0.980867E+000  0.104320E+001
  0.981103E+000  0.104364E+001
  0.981340E+000  0.104408E+001
  0.981577E+000  0.104452E+001
  0.981814E+000  0.104496E+001
  0.982050E+000  0.104540E+001
  0.982287E+000  0.104584E+001
  0.982524E+000  0.104628E+001
  0.982761E+000  0.104672E+001
  0.982999E+000  0.104716E+001
  0.983236E+000  0.104760E+001
  0.983473E+000  0.104804E+001
  0.983710E+000  0.104848E+001
  0.983948E+000  0.104892E+001
  0.984185E+000  0.104936E+001
  0.984423E+000  0.104980E+001
  0.984661E+000  0.105024E+001
  0.984898E+000  0.105068E+001
  0.985136E+000  0.105112E+001
  0.985374E+000  0.105156E+001
  0.985612E+000  0.105200E+001
  0.985849E+000  0.105244E+001
  0.986087E+000  0.105288E+001
  0.986326E+000  0.105332E+001
  0.986564E+000  0.105376E+001
  0.986802E+000  0.105420E+001
  0.987040E+000  0.105464E+001
  0.987278E+000  0.105508E+001
  0.987517E+000  0.105552E+001
  0.987755E+000  0.105596E+001
  0.987993E+000  0.105640E+001
  0.988232E+000  0.105684E+001
  0.988470E+000  0.105727E+001
  0.988709E+000  0.105771E+001
  0.988948E+000  0.105815E+001
  0.989186E+000  0.105859E+001
  0.989425E+000  0.105903E+001
  0.989664E+000  0.105947E+001
  0.989903E+000  0.105991E+001
  0.990142E+000  0.106035E+001
  0.990381E+000  0.106079E+001
  0.990620E+000  0.106123E+001
  0.990859E+000  0.106167E+001
  0.991098E+000  0.106211E+001
  0.991337E+000  0.106255E+001
  0.991576E+000  0.106298E+001
  0.991816E+000  0.106342E+001
  0.992055E+000  0.106386E+001
  0.992294E+000  0.106430E+001
  0.992534E+000  0.106474E+001
  0.992773E+000  0.106518E+001
  0.993013E+000  0.106562E+001
  0.993252E+000  0.106606E+001
  0.993492E+000  0.106650E+001
  0.993732E+000  0.106693E+001
  0.993971E+000  0.106737E+001
  0.994211E+000  0.106781E+001
  0.994451E+000  0.106825E+001
  0.994691E+000  0.106869E+001
  0.994931E+000  0.106913E+001
  0.995171E+000  0.106957E+001
  0.995411E+000  0.107001E+001
  0.995651E+000  0.107044E+001
  0.995891E+000  0.107088E+001
  0.996131E+000  0.107132E+001
  0.996371E+000  0.107176E+001
  0.996611E+000  0.107220E+001
  0.996851E+000  0.107264E+001
  0.997092E+000  0.107308E+001
  0.997332E+000  0.107351E+001
  0.997572E+000  0.107395E+001
  0.997813E+000  0.107439E+001
  0.998053E+000  0.107483E+001
  0.998294E+000  0.107527E+001
  0.998534E+000  0.107571E+001
  0.998775E+000  0.107614E+001
  0.999015E+000  0.107658E+001
  0.999256E+000  0.107702E+001
  0.999497E+000  0.107746E+001
  0.999737E+000  0.107790E+001
  0.999978E+000  0.107834E+001
  0.100022E+001  0.107877E+001
