  0.770420E-002  0.830545E-001
  0.770420E-002  0.830545E-001
  0.947192E-002  0.928970E-001
  0.113696E-001  0.102715E+000
  0.133842E-001  0.112510E+000
  0.155041E-001  0.122283E+000
  0.177189E-001  0.132035E+000
  0.200196E-001  0.141766E+000
  0.223983E-001  0.151479E+000
  0.248482E-001  0.161175E+000
  0.273637E-001  0.170853E+000
  0.299398E-001  0.180516E+000
  0.325723E-001  0.190163E+000
  0.352576E-001  0.199796E+000
  0.379927E-001  0.209414E+000
  0.407750E-001  0.219019E+000
  0.436022E-001  0.228611E+000
  0.464725E-001  0.238191E+000
  0.493842E-001  0.247757E+000
  0.523358E-001  0.257312E+000
  0.553260E-001  0.266854E+000
  0.583536E-001  0.276385E+000
  0.614175E-001  0.285904E+000
  0.645168E-001  0.295412E+000
  0.676505E-001  0.304908E+000
  0.708178E-001  0.314393E+000
  0.740178E-001  0.323867E+000
  0.772498E-001  0.333331E+000
  0.805129E-001  0.342783E+000
  0.838064E-001  0.352225E+000
  0.871297E-001  0.361657E+000
  0.904820E-001  0.371078E+000
  0.938625E-001  0.380490E+000
  0.972707E-001  0.389891E+000
  0.100706E+000  0.399282E+000
  0.104167E+000  0.408664E+000
  0.107654E+000  0.418037E+000
  0.111166E+000  0.427400E+000
  0.114702E+000  0.436753E+000
  0.118262E+000  0.446098E+000
  0.121845E+000  0.455434E+000
  0.125450E+000  0.464762E+000
  0.129078E+000  0.474081E+000
  0.132726E+000  0.483392E+000
  0.136395E+000  0.492694E+000
  0.140085E+000  0.501989E+000
  0.143793E+000  0.511275E+000
  0.147521E+000  0.520555E+000
  0.151268E+000  0.529826E+000
  0.155032E+000  0.539091E+000
  0.158814E+000  0.548348E+000
  0.162613E+000  0.557598E+000
  0.166428E+000  0.566842E+000
  0.170259E+000  0.576079E+000
  0.174106E+000  0.585309E+000
  0.177968E+000  0.594534E+000
  0.181845E+000  0.603752E+000
  0.185736E+000  0.612964E+000
  0.189640E+000  0.622170E+000
  0.193559E+000  0.631370E+000
  0.197490E+000  0.640565E+000
  0.201434E+000  0.649754E+000
  0.205391E+000  0.658938E+000
  0.209359E+000  0.668117E+000
  0.213340E+000  0.677291E+000
  0.217331E+000  0.686460E+000
  0.221334E+000  0.695624E+000
  0.225347E+000  0.704783E+000
  0.229371E+000  0.713938E+000
  0.233405E+000  0.723088E+000
  0.237449E+000  0.732234E+000
  0.241502E+000  0.741375E+000
  0.245565E+000  0.750513E+000
  0.249637E+000  0.759646E+000
  0.253717E+000  0.768776E+000
  0.257806E+000  0.777902E+000
  0.261904E+000  0.787024E+000
  0.266010E+000  0.796142E+000
  0.270124E+000  0.805257E+000
  0.274245E+000  0.814368E+000
  0.278374E+000  0.823476E+000
  0.282510E+000  0.832580E+000
  0.286654E+000  0.841681E+000
  0.290804E+000  0.850779E+000
  0.294961E+000  0.859874E+000
  0.299125E+000  0.868966E+000
  0.303295E+000  0.878055E+000
  0.307472E+000  0.887141E+000
  0.311654E+000  0.896224E+000
  0.315843E+000  0.905305E+000
  0.320037E+000  0.914383E+000
  0.324238E+000  0.923458E+000
  0.328443E+000  0.932530E+000
  0.332654E+000  0.941601E+000
  0.336871E+000  0.950668E+000
  0.341092E+000  0.959734E+000
  0.345319E+000  0.968796E+000
  0.349550E+000  0.977857E+000
  0.353786E+000  0.986916E+000
  0.358027E+000  0.995972E+000
  0.362272E+000  0.100503E+001
  0.366522E+000  0.101408E+001
  0.370776E+000  0.102313E+001
  0.375035E+000  0.103218E+001
  0.379297E+000  0.104122E+001
  0.383564E+000  0.105027E+001
  0.387834E+000  0.105931E+001
  0.392108E+000  0.106835E+001
  0.396386E+000  0.107739E+001
  0.400668E+000  0.108642E+001
  0.404953E+000  0.109546E+001
  0.409242E+000  0.110449E+001
  0.413534E+000  0.111353E+001
  0.417830E+000  0.112256E+001
  0.422128E+000  0.113158E+001
  0.426430E+000  0.114061E+001
  0.430735E+000  0.114964E+001
  0.435043E+000  0.115866E+001
  0.439354E+000  0.116769E+001
  0.443667E+000  0.117671E+001
  0.447984E+000  0.118573E+001
  0.452303E+000  0.119475E+001
  0.456625E+000  0.120377E+001
  0.460949E+000  0.121278E+001
  0.465276E+000  0.122180E+001
  0.469605E+000  0.123081E+001
  0.473937E+000  0.123982E+001
  0.478271E+000  0.124884E+001
  0.482607E+000  0.125785E+001
  0.486945E+000  0.126686E+001
  0.491286E+000  0.127587E+001
  0.495628E+000  0.128487E+001
  0.499973E+000  0.129388E+001
  0.504319E+000  0.130289E+001
  0.508667E+000  0.131189E+001
  0.513018E+000  0.132090E+001
  0.517370E+000  0.132990E+001
  0.521723E+000  0.133890E+001
  0.526078E+000  0.134790E+001
  0.530435E+000  0.135691E+001
  0.534794E+000  0.136591E+001
  0.539154E+000  0.137491E+001
  0.543515E+000  0.138390E+001
  0.547878E+000  0.139290E+001
  0.552242E+000  0.140190E+001
  0.556608E+000  0.141090E+001
  0.560975E+000  0.141989E+001
  0.565342E+000  0.142889E+001
  0.569712E+000  0.143788E+001
  0.574082E+000  0.144688E+001
  0.578453E+000  0.145587E+001
  0.582826E+000  0.146487E+001
  0.587199E+000  0.147386E+001
  0.591573E+000  0.148285E+001
  0.595948E+000  0.149184E+001
  0.600324E+000  0.150083E+001
  0.604701E+000  0.150983E+001
  0.609079E+000  0.151882E+001
  0.613457E+000  0.152781E+001
  0.617836E+000  0.153680E+001
  0.622216E+000  0.154579E+001
  0.626597E+000  0.155478E+001
  0.630977E+000  0.156377E+001
  0.635359E+000  0.157276E+001
  0.639741E+000  0.158174E+001
  0.644123E+000  0.159073E+001
  0.648506E+000  0.159972E+001
  0.652889E+000  0.160871E+001
  0.657273E+000  0.161770E+001
  0.661657E+000  0.162668E+001
  0.666041E+000  0.163567E+001
  0.670426E+000  0.164466E+001
  0.674810E+000  0.165365E+001
  0.679195E+000  0.166263E+001
  0.683580E+000  0.167162E+001
  0.687965E+000  0.168061E+001
  0.692351E+000  0.168960E+001
  0.696736E+000  0.169858E+001
  0.701121E+000  0.170757E+001
  0.705506E+000  0.171656E+001
  0.709891E+000  0.172555E+001
  0.714277E+000  0.173453E+001
  0.718662E+000  0.174352E+001
  0.723046E+000  0.175251E+001
  0.727431E+000  0.176149E+001
  0.731816E+000  0.177048E+001
  0.736200E+000  0.177947E+001
  0.740584E+000  0.178846E+001
  0.744968E+000  0.179745E+001
  0.749351E+000  0.180643E+001
  0.753734E+000  0.181542E+001
  0.758117E+000  0.182441E+001
  0.762499E+000  0.183340E+001
  0.766881E+000  0.184239E+001
  0.771262E+000  0.185138E+001
  0.775643E+000  0.186037E+001
  0.780023E+000  0.186936E+001
  0.784403E+000  0.187835E+001
  0.788782E+000  0.188734E+001
  0.793161E+000  0.189633E+001
  0.797539E+000  0.190532E+001
  0.801916E+000  0.191431E+001
  0.806293E+000  0.192330E+001
  0.810669E+000  0.193229E+001
  0.815044E+000  0.194128E+001
  0.819418E+000  0.195028E+001
  0.823792E+000  0.195927E+001
  0.828165E+000  0.196826E+001
  0.832537E+000  0.197726E+001
  0.836908E+000  0.198625E+001
  0.841278E+000  0.199524E+001
  0.845648E+000  0.200424E+001
  0.850016E+000  0.201323E+001
  0.854383E+000  0.202223E+001
  0.858750E+000  0.203123E+001
  0.863115E+000  0.204022E+001
  0.867480E+000  0.204922E+001
  0.871843E+000  0.205822E+001
  0.876205E+000  0.206722E+001
  0.880566E+000  0.207622E+001
  0.884926E+000  0.208522E+001
  0.889285E+000  0.209422E+001
  0.893642E+000  0.210322E+001
  0.897999E+000  0.211222E+001
  0.902354E+000  0.212122E+001
  0.906708E+000  0.213022E+001
  0.911060E+000  0.213923E+001
  0.915412E+000  0.214823E+001
  0.919762E+000  0.215723E+001
  0.924110E+000  0.216624E+001
  0.928457E+000  0.217524E+001
  0.932803E+000  0.218425E+001
  0.937148E+000  0.219326E+001
  0.941491E+000  0.220226E+001
  0.945832E+000  0.221127E+001
  0.950172E+000  0.222028E+001
  0.954511E+000  0.222929E+001
  0.958848E+000  0.223830E+001
  0.963183E+000  0.224731E+001
  0.967517E+000  0.225633E+001
  0.971849E+000  0.226534E+001
  0.976180E+000  0.227435E+001
  0.980509E+000  0.228337E+001
  0.984837E+000  0.229238E+001
  0.989162E+000  0.230140E+001
  0.993487E+000  0.231041E+001
  0.997809E+000  0.231943E+001
  0.100213E+001  0.232845E+001
  0.100645E+001  0.233747E+001
  0.101077E+001  0.234649E+001
  0.101508E+001  0.235551E+001
  0.101939E+001  0.236453E+001
  0.102371E+001  0.237356E+001
  0.102802E+001  0.238258E+001
  0.103233E+001  0.239160E+001
  0.103663E+001  0.240063E+001
  0.104094E+001  0.240965E+001
  0.104524E+001  0.241868E+001
  0.104954E+001  0.242771E+001
  0.105384E+001  0.243674E+001
  0.105814E+001  0.244577E+001
  0.106243E+001  0.245480E+001
  0.106672E+001  0.246383E+001
  0.107102E+001  0.247286E+001
  0.107530E+001  0.248190E+001
  0.107959E+001  0.249093E+001
  0.108388E+001  0.249997E+001
  0.108816E+001  0.250900E+001
  0.109244E+001  0.251804E+001
  0.109672E+001  0.252708E+001
  0.110100E+001  0.253612E+001
  0.110527E+001  0.254516E+001
  0.110955E+001  0.255420E+001
  0.111382E+001  0.256324E+001
  0.111809E+001  0.257228E+001
  0.112236E+001  0.258132E+001
  0.112662E+001  0.259037E+001
  0.113089E+001  0.259941E+001
  0.113515E+001  0.260846E+001
  0.113941E+001  0.261751E+001
  0.114366E+001  0.262656E+001
  0.114792E+001  0.263561E+001
  0.115217E+001  0.264466E+001
  0.115643E+001  0.265371E+001
  0.116068E+001  0.266276E+001
  0.116492E+001  0.267181E+001
  0.116917E+001  0.268087E+001
  0.117341E+001  0.268992E+001
  0.117765E+001  0.269898E+001
  0.118189E+001  0.270803E+001
  0.118613E+001  0.271709E+001
  0.119037E+001  0.272615E+001
  0.119460E+001  0.273521E+001
  0.119883E+001  0.274427E+001
  0.120306E+001  0.275333E+001
  0.120729E+001  0.276239E+001
  0.121152E+001  0.277146E+001
  0.121574E+001  0.278052E+001
  0.121996E+001  0.278959E+001
  0.122419E+001  0.279865E+001
  0.122840E+001  0.280772E+001
  0.123262E+001  0.281678E+001
  0.123684E+001  0.282585E+001
  0.124105E+001  0.283492E+001
  0.124526E+001  0.284399E+001
  0.124947E+001  0.285306E+001
  0.125368E+001  0.286213E+001
  0.125788E+001  0.287121E+001
  0.126209E+001  0.288028E+001
  0.126629E+001  0.288935E+001
  0.127049E+001  0.289843E+001
  0.127469E+001  0.290750E+001
  0.127889E+001  0.291658E+001
  0.128308E+001  0.292566E+001
  0.128728E+001  0.293474E+001
  0.129147E+001  0.294382E+001
  0.129566E+001  0.295289E+001
  0.129985E+001  0.296197E+001
  0.130404E+001  0.297106E+001
  0.130822E+001  0.298014E+001
  0.131241E+001  0.298922E+001
  0.131659E+001  0.299830E+001
  0.132077E+001  0.300739E+001
  0.132495E+001  0.301647E+001
  0.132913E+001  0.302556E+001
  0.133331E+001  0.303464E+001
  0.133748E+001  0.304373E+001
  0.134166E+001  0.305282E+001
  0.134583E+001  0.306191E+001
  0.135000E+001  0.307099E+001
  0.135417E+001  0.308008E+001
  0.135834E+001  0.308917E+001
  0.136250E+001  0.309826E+001
  0.136667E+001  0.310736E+001
  0.137083E+001  0.311645E+001
  0.137499E+001  0.312554E+001
  0.137915E+001  0.313463E+001
  0.138331E+001  0.314373E+001
  0.138747E+001  0.315282E+001
  0.139163E+001  0.316192E+001
  0.139578E+001  0.317101E+001
  0.139994E+001  0.318011E+001
  0.140409E+001  0.318921E+001
  0.140824E+001  0.319830E+001
  0.141239E+001  0.320740E+001
  0.141654E+001  0.321650E+001
  0.142069E+001  0.322560E+001
  0.142484E+001  0.323470E+001
  0.142898E+001  0.324380E+001
  0.143313E+001  0.325290E+001
  0.143727E+001  0.326200E+001
  0.144142E+001  0.327110E+001
  0.144556E+001  0.328020E+001
  0.144970E+001  0.328931E+001
  0.145384E+001  0.329841E+001
  0.145797E+001  0.330751E+001
  0.146211E+001  0.331662E+001
  0.146625E+001  0.332572E+001
  0.147038E+001  0.333483E+001
  0.147451E+001  0.334393E+001
  0.147865E+001  0.335304E+001
  0.148278E+001  0.336215E+001
  0.148691E+001  0.337125E+001
  0.149104E+001  0.338036E+001
  0.149517E+001  0.338947E+001
  0.149929E+001  0.339858E+001
  0.150342E+001  0.340769E+001
  0.150755E+001  0.341680E+001
  0.151167E+001  0.342591E+001
  0.151579E+001  0.343502E+001
  0.151992E+001  0.344413E+001
  0.152404E+001  0.345324E+001
  0.152816E+001  0.346235E+001
  0.153228E+001  0.347146E+001
  0.153640E+001  0.348057E+001
  0.154052E+001  0.348969E+001
  0.154463E+001  0.349880E+001
  0.154875E+001  0.350791E+001
  0.155287E+001  0.351703E+001
  0.155698E+001  0.352614E+001
  0.156110E+001  0.353525E+001
  0.156521E+001  0.354437E+001
  0.156932E+001  0.355348E+001
  0.157343E+001  0.356260E+001
  0.157754E+001  0.357172E+001
  0.158165E+001  0.358083E+001
  0.158576E+001  0.358995E+001
  0.158987E+001  0.359907E+001
  0.159398E+001  0.360818E+001
  0.159809E+001  0.361730E+001
  0.160219E+001  0.362642E+001
  0.160630E+001  0.363554E+001
  0.161040E+001  0.364466E+001
  0.161451E+001  0.365377E+001
  0.161861E+001  0.366289E+001
  0.162271E+001  0.367201E+001
  0.162682E+001  0.368113E+001
  0.163092E+001  0.369025E+001
  0.163502E+001  0.369937E+001
  0.163912E+001  0.370850E+001
  0.164322E+001  0.371762E+001
  0.164732E+001  0.372674E+001
  0.165141E+001  0.373586E+001
  0.165551E+001  0.374498E+001
  0.165961E+001  0.375410E+001
  0.166370E+001  0.376323E+001
  0.166780E+001  0.377235E+001
  0.167189E+001  0.378147E+001
  0.167599E+001  0.379060E+001
  0.168008E+001  0.379972E+001
  0.168418E+001  0.380884E+001
  0.168827E+001  0.381797E+001
  0.169236E+001  0.382709E+001
  0.169645E+001  0.383622E+001
  0.170054E+001  0.384534E+001
  0.170463E+001  0.385447E+001
  0.170872E+001  0.386359E+001
  0.171281E+001  0.387272E+001
  0.171690E+001  0.388184E+001
  0.172099E+001  0.389097E+001
  0.172508E+001  0.390010E+001
  0.172917E+001  0.390922E+001
  0.173325E+001  0.391835E+001
  0.173734E+001  0.392748E+001
  0.174142E+001  0.393660E+001
  0.174551E+001  0.394573E+001
  0.174959E+001  0.395486E+001
  0.175368E+001  0.396399E+001
  0.175776E+001  0.397311E+001
  0.176185E+001  0.398224E+001
  0.176593E+001  0.399137E+001
  0.177001E+001  0.400050E+001
  0.177409E+001  0.400963E+001
  0.177818E+001  0.401876E+001
  0.178226E+001  0.402789E+001
  0.178634E+001  0.403702E+001
  0.179042E+001  0.404615E+001
  0.179450E+001  0.405528E+001
  0.179858E+001  0.406441E+001
  0.180266E+001  0.407354E+001
  0.180673E+001  0.408267E+001
  0.181081E+001  0.409180E+001
  0.181489E+001  0.410093E+001
  0.181897E+001  0.411006E+001
  0.182305E+001  0.411919E+001
  0.182712E+001  0.412832E+001
  0.183120E+001  0.413745E+001
  0.183527E+001  0.414658E+001
  0.183935E+001  0.415572E+001
  0.184343E+001  0.416485E+001
  0.184750E+001  0.417398E+001
  0.185158E+001  0.418311E+001
  0.185565E+001  0.419225E+001
  0.185972E+001  0.420138E+001
  0.186380E+001  0.421051E+001
  0.186787E+001  0.421964E+001
  0.187194E+001  0.422878E+001
  0.187602E+001  0.423791E+001
  0.188009E+001  0.424704E+001
  0.188416E+001  0.425618E+001
  0.188823E+001  0.426531E+001
  0.189230E+001  0.427444E+001
  0.189637E+001  0.428358E+001
  0.190045E+001  0.429271E+001
  0.190452E+001  0.430184E+001
  0.190859E+001  0.431098E+001
  0.191266E+001  0.432011E+001
  0.191673E+001  0.432925E+001
  0.192079E+001  0.433838E+001
  0.192486E+001  0.434752E+001
  0.192893E+001  0.435665E+001
  0.193300E+001  0.436579E+001
  0.193707E+001  0.437492E+001
  0.194114E+001  0.438406E+001
  0.194521E+001  0.439319E+001
  0.194927E+001  0.440233E+001
  0.195334E+001  0.441146E+001
  0.195741E+001  0.442060E+001
  0.196147E+001  0.442973E+001
  0.196554E+001  0.443887E+001
  0.196961E+001  0.444801E+001
  0.197367E+001  0.445714E+001
  0.197774E+001  0.446628E+001
  0.198180E+001  0.447541E+001
  0.198587E+001  0.448455E+001
  0.198994E+001  0.449369E+001
  0.199400E+001  0.450282E+001
  0.199806E+001  0.451196E+001
  0.200213E+001  0.452110E+001
  0.200619E+001  0.453023E+001
  0.201026E+001  0.453937E+001
  0.201432E+001  0.454851E+001
  0.201839E+001  0.455764E+001
  0.202245E+001  0.456678E+001
  0.202651E+001  0.457592E+001
  0.203058E+001  0.458506E+001
  0.203464E+001  0.459419E+001
  0.203870E+001  0.460333E+001
  0.204276E+001  0.461247E+001
  0.204683E+001  0.462161E+001
  0.205089E+001  0.463074E+001
  0.205495E+001  0.463988E+001
  0.205901E+001  0.464902E+001
  0.206307E+001  0.465816E+001
  0.206714E+001  0.466730E+001
  0.207120E+001  0.467643E+001
  0.207526E+001  0.468557E+001
  0.207932E+001  0.469471E+001
  0.208338E+001  0.470385E+001
  0.208744E+001  0.471299E+001
  0.209150E+001  0.472213E+001
  0.209556E+001  0.473126E+001
  0.209962E+001  0.474040E+001
  0.210368E+001  0.474954E+001
  0.210774E+001  0.475868E+001
  0.211180E+001  0.476782E+001
  0.211586E+001  0.477696E+001
  0.211992E+001  0.478610E+001
  0.212398E+001  0.479524E+001
  0.212804E+001  0.480437E+001
  0.213210E+001  0.481351E+001
  0.213616E+001  0.482265E+001
  0.214022E+001  0.483179E+001
  0.214428E+001  0.484093E+001
  0.214834E+001  0.485007E+001
  0.215240E+001  0.485921E+001
  0.215645E+001  0.486835E+001
  0.216051E+001  0.487749E+001
  0.216457E+001  0.488663E+001
  0.216863E+001  0.489577E+001
  0.217269E+001  0.490491E+001
  0.217674E+001  0.491405E+001
  0.218080E+001  0.492319E+001
  0.218486E+001  0.493233E+001
  0.218892E+001  0.494147E+001
  0.219298E+001  0.495061E+001
  0.219703E+001  0.495975E+001
  0.220109E+001  0.496889E+001
  0.220515E+001  0.497803E+001
  0.220920E+001  0.498717E+001
  0.221326E+001  0.499631E+001
  0.221732E+001  0.500545E+001
  0.222137E+001  0.501459E+001
  0.222543E+001  0.502373E+001
  0.222949E+001  0.503287E+001
  0.223354E+001  0.504201E+001
  0.223760E+001  0.505115E+001
  0.224166E+001  0.506029E+001
  0.224571E+001  0.506943E+001
  0.224977E+001  0.507857E+001
  0.225383E+001  0.508771E+001
  0.225788E+001  0.509685E+001
  0.226194E+001  0.510599E+001
  0.226599E+001  0.511513E+001
  0.227005E+001  0.512427E+001
  0.227411E+001  0.513341E+001
  0.227816E+001  0.514255E+001
  0.228222E+001  0.515169E+001
  0.228627E+001  0.516083E+001
  0.229033E+001  0.516997E+001
  0.229438E+001  0.517912E+001
  0.229844E+001  0.518826E+001
  0.230249E+001  0.519740E+001
  0.230655E+001  0.520654E+001
  0.231060E+001  0.521568E+001
  0.231466E+001  0.522482E+001
  0.231871E+001  0.523396E+001
  0.232277E+001  0.524310E+001
  0.232682E+001  0.525224E+001
  0.233088E+001  0.526138E+001
  0.233493E+001  0.527053E+001
  0.233899E+001  0.527967E+001
  0.234304E+001  0.528881E+001
  0.234710E+001  0.529795E+001
  0.235115E+001  0.530709E+001
  0.235520E+001  0.531623E+001
  0.235926E+001  0.532537E+001
  0.236331E+001  0.533451E+001
  0.236737E+001  0.534365E+001
  0.237142E+001  0.535280E+001
  0.237548E+001  0.536194E+001
  0.237953E+001  0.537108E+001
  0.238358E+001  0.538022E+001
  0.238764E+001  0.538936E+001
  0.239169E+001  0.539850E+001
  0.239575E+001  0.540764E+001
  0.239980E+001  0.541679E+001
  0.240385E+001  0.542593E+001
  0.240791E+001  0.543507E+001
  0.241196E+001  0.544421E+001
  0.241601E+001  0.545335E+001
  0.242007E+001  0.546249E+001
  0.242412E+001  0.547164E+001
  0.242818E+001  0.548078E+001
  0.243223E+001  0.548992E+001
  0.243628E+001  0.549906E+001
  0.244034E+001  0.550820E+001
  0.244439E+001  0.551734E+001
  0.244844E+001  0.552648E+001
  0.245250E+001  0.553563E+001
  0.245655E+001  0.554477E+001
  0.246060E+001  0.555391E+001
  0.246466E+001  0.556305E+001
  0.246871E+001  0.557219E+001
  0.247276E+001  0.558134E+001
  0.247681E+001  0.559048E+001
  0.248087E+001  0.559962E+001
  0.248492E+001  0.560876E+001
  0.248897E+001  0.561790E+001
  0.249303E+001  0.562704E+001
  0.249708E+001  0.563619E+001
  0.250113E+001  0.564533E+001
