  0.162568E+001  0.389636E-001
  0.162568E+001  0.389636E-001
  0.162652E+001  0.438930E-001
  0.162742E+001  0.488103E-001
  0.162839E+001  0.537160E-001
  0.162941E+001  0.586106E-001
  0.163048E+001  0.634946E-001
  0.163160E+001  0.683686E-001
  0.163275E+001  0.732333E-001
  0.163395E+001  0.780893E-001
  0.163517E+001  0.829372E-001
  0.163642E+001  0.877774E-001
  0.163770E+001  0.926106E-001
  0.163901E+001  0.974371E-001
  0.164034E+001  0.102257E+000
  0.164169E+001  0.107072E+000
  0.164305E+001  0.111881E+000
  0.164444E+001  0.116685E+000
  0.164584E+001  0.121485E+000
  0.164726E+001  0.126279E+000
  0.164869E+001  0.131070E+000
  0.165014E+001  0.135856E+000
  0.165160E+001  0.140639E+000
  0.165307E+001  0.145418E+000
  0.165455E+001  0.150193E+000
  0.165604E+001  0.154966E+000
  0.165754E+001  0.159735E+000
  0.165906E+001  0.164500E+000
  0.166058E+001  0.169263E+000
  0.166211E+001  0.174023E+000
  0.166365E+001  0.178781E+000
  0.166519E+001  0.183536E+000
  0.166675E+001  0.188288E+000
  0.166831E+001  0.193038E+000
  0.166988E+001  0.197785E+000
  0.167145E+001  0.202530E+000
  0.167304E+001  0.207273E+000
  0.167463E+001  0.212013E+000
  0.167622E+001  0.216751E+000
  0.167783E+001  0.221488E+000
  0.167943E+001  0.226222E+000
  0.168105E+001  0.230954E+000
  0.168267E+001  0.235684E+000
  0.168429E+001  0.240413E+000
  0.168593E+001  0.245139E+000
  0.168756E+001  0.249864E+000
  0.168920E+001  0.254587E+000
  0.169085E+001  0.259308E+000
  0.169250E+001  0.264027E+000
  0.169416E+001  0.268745E+000
  0.169582E+001  0.273461E+000
  0.169749E+001  0.278175E+000
  0.169916E+001  0.282888E+000
  0.170083E+001  0.287599E+000
  0.170251E+001  0.292308E+000
  0.170419E+001  0.297016E+000
  0.170588E+001  0.301723E+000
  0.170757E+001  0.306428E+000
  0.170927E+001  0.311132E+000
  0.171097E+001  0.315834E+000
  0.171267E+001  0.320534E+000
  0.171438E+001  0.325234E+000
  0.171609E+001  0.329932E+000
  0.171781E+001  0.334628E+000
  0.171953E+001  0.339323E+000
  0.172125E+001  0.344017E+000
  0.172298E+001  0.348710E+000
  0.172471E+001  0.353401E+000
  0.172644E+001  0.358091E+000
  0.172818E+001  0.362780E+000
  0.172991E+001  0.367468E+000
  0.173166E+001  0.372154E+000
  0.173340E+001  0.376839E+000
  0.173515E+001  0.381523E+000
  0.173691E+001  0.386206E+000
  0.173866E+001  0.390888E+000
  0.174042E+001  0.395569E+000
  0.174218E+001  0.400248E+000
  0.174394E+001  0.404927E+000
  0.174571E+001  0.409604E+000
  0.174748E+001  0.414280E+000
  0.174925E+001  0.418956E+000
  0.175103E+001  0.423630E+000
  0.175280E+001  0.428304E+000
  0.175458E+001  0.432976E+000
  0.175637E+001  0.437648E+000
  0.175815E+001  0.442318E+000
  0.175994E+001  0.446988E+000
  0.176173E+001  0.451657E+000
  0.176352E+001  0.456325E+000
  0.176531E+001  0.460992E+000
  0.176711E+001  0.465658E+000
  0.176891E+001  0.470323E+000
  0.177071E+001  0.474988E+000
  0.177251E+001  0.479652E+000
  0.177432E+001  0.484315E+000
  0.177612E+001  0.488977E+000
  0.177793E+001  0.493639E+000
  0.177974E+001  0.498300E+000
  0.178155E+001  0.502960E+000
  0.178337E+001  0.507619E+000
  0.178518E+001  0.512278E+000
  0.178700E+001  0.516937E+000
  0.178882E+001  0.521595E+000
  0.179063E+001  0.526252E+000
  0.179246E+001  0.530908E+000
  0.179428E+001  0.535564E+000
  0.179610E+001  0.540220E+000
  0.179793E+001  0.544875E+000
  0.179975E+001  0.549530E+000
  0.180158E+001  0.554184E+000
  0.180341E+001  0.558837E+000
  0.180524E+001  0.563491E+000
  0.180707E+001  0.568144E+000
  0.180890E+001  0.572796E+000
  0.181073E+001  0.577448E+000
  0.181257E+001  0.582100E+000
  0.181440E+001  0.586752E+000
  0.181623E+001  0.591403E+000
  0.181807E+001  0.596054E+000
  0.181990E+001  0.600705E+000
  0.182174E+001  0.605355E+000
  0.182358E+001  0.610006E+000
  0.182542E+001  0.614656E+000
  0.182725E+001  0.619306E+000
  0.182909E+001  0.623956E+000
  0.183093E+001  0.628606E+000
  0.183277E+001  0.633255E+000
  0.183461E+001  0.637905E+000
  0.183645E+001  0.642555E+000
  0.183828E+001  0.647204E+000
  0.184012E+001  0.651854E+000
  0.184196E+001  0.656504E+000
  0.184380E+001  0.661153E+000
  0.184564E+001  0.665803E+000
  0.184748E+001  0.670453E+000
  0.184932E+001  0.675102E+000
  0.185115E+001  0.679752E+000
  0.185299E+001  0.684403E+000
  0.185483E+001  0.689053E+000
  0.185666E+001  0.693703E+000
  0.185850E+001  0.698354E+000
  0.186034E+001  0.703005E+000
  0.186217E+001  0.707656E+000
  0.186401E+001  0.712307E+000
  0.186584E+001  0.716959E+000
  0.186767E+001  0.721610E+000
  0.186951E+001  0.726263E+000
  0.187134E+001  0.730915E+000
  0.187317E+001  0.735568E+000
  0.187500E+001  0.740221E+000
  0.187683E+001  0.744874E+000
  0.187866E+001  0.749528E+000
  0.188048E+001  0.754182E+000
  0.188231E+001  0.758837E+000
  0.188413E+001  0.763492E+000
  0.188596E+001  0.768147E+000
  0.188778E+001  0.772803E+000
  0.188960E+001  0.777459E+000
  0.189142E+001  0.782115E+000
  0.189324E+001  0.786772E+000
  0.189506E+001  0.791430E+000
  0.189688E+001  0.796088E+000
  0.189870E+001  0.800746E+000
  0.190051E+001  0.805405E+000
  0.190233E+001  0.810064E+000
  0.190414E+001  0.814724E+000
  0.190595E+001  0.819384E+000
  0.190776E+001  0.824045E+000
  0.190957E+001  0.828706E+000
  0.191138E+001  0.833368E+000
  0.191319E+001  0.838030E+000
  0.191499E+001  0.842693E+000
  0.191680E+001  0.847356E+000
  0.191860E+001  0.852019E+000
  0.192040E+001  0.856683E+000
  0.192220E+001  0.861348E+000
  0.192400E+001  0.866013E+000
  0.192580E+001  0.870678E+000
  0.192760E+001  0.875344E+000
  0.192939E+001  0.880010E+000
  0.193119E+001  0.884677E+000
  0.193298E+001  0.889344E+000
  0.193477E+001  0.894012E+000
  0.193657E+001  0.898680E+000
  0.193836E+001  0.903349E+000
  0.194014E+001  0.908017E+000
  0.194193E+001  0.912687E+000
  0.194372E+001  0.917357E+000
  0.194551E+001  0.922027E+000
  0.194729E+001  0.926697E+000
  0.194907E+001  0.931368E+000
  0.195086E+001  0.936039E+000
  0.195264E+001  0.940711E+000
  0.195442E+001  0.945383E+000
  0.195620E+001  0.950055E+000
  0.195798E+001  0.954728E+000
  0.195976E+001  0.959401E+000
  0.196154E+001  0.964074E+000
  0.196331E+001  0.968748E+000
  0.196509E+001  0.973422E+000
  0.196687E+001  0.978096E+000
  0.196864E+001  0.982770E+000
  0.197041E+001  0.987445E+000
  0.197219E+001  0.992120E+000
  0.197396E+001  0.996795E+000
  0.197573E+001  0.100147E+001
  0.197750E+001  0.100615E+001
  0.197928E+001  0.101082E+001
  0.198105E+001  0.101550E+001
  0.198282E+001  0.102017E+001
  0.198459E+001  0.102485E+001
  0.198635E+001  0.102953E+001
  0.198812E+001  0.103420E+001
  0.198989E+001  0.103888E+001
  0.199166E+001  0.104356E+001
  0.199343E+001  0.104824E+001
  0.199519E+001  0.105291E+001
  0.199696E+001  0.105759E+001
  0.199873E+001  0.106227E+001
  0.200049E+001  0.106695E+001
  0.200226E+001  0.107162E+001
  0.200402E+001  0.107630E+001
  0.200579E+001  0.108098E+001
  0.200755E+001  0.108566E+001
  0.200932E+001  0.109034E+001
  0.201108E+001  0.109501E+001
  0.201285E+001  0.109969E+001
  0.201461E+001  0.110437E+001
  0.201638E+001  0.110905E+001
  0.201814E+001  0.111373E+001
  0.201990E+001  0.111841E+001
  0.202167E+001  0.112308E+001
  0.202343E+001  0.112776E+001
  0.202520E+001  0.113244E+001
  0.202696E+001  0.113712E+001
  0.202872E+001  0.114180E+001
  0.203049E+001  0.114648E+001
  0.203225E+001  0.115116E+001
  0.203402E+001  0.115583E+001
  0.203578E+001  0.116051E+001
  0.203754E+001  0.116519E+001
  0.203931E+001  0.116987E+001
  0.204107E+001  0.117455E+001
  0.204284E+001  0.117923E+001
  0.204460E+001  0.118390E+001
  0.204636E+001  0.118858E+001
  0.204813E+001  0.119326E+001
  0.204989E+001  0.119794E+001
  0.205166E+001  0.120262E+001
  0.205342E+001  0.120730E+001
  0.205519E+001  0.121197E+001
  0.205695E+001  0.121665E+001
  0.205872E+001  0.122133E+001
  0.206048E+001  0.122601E+001
  0.206225E+001  0.123069E+001
  0.206401E+001  0.123537E+001
  0.206578E+001  0.124004E+001
  0.206754E+001  0.124472E+001
  0.206931E+001  0.124940E+001
  0.207107E+001  0.125408E+001
  0.207284E+001  0.125876E+001
  0.207460E+001  0.126343E+001
  0.207637E+001  0.126811E+001
  0.207814E+001  0.127279E+001
  0.207990E+001  0.127747E+001
  0.208167E+001  0.128214E+001
  0.208343E+001  0.128682E+001
  0.208520E+001  0.129150E+001
  0.208697E+001  0.129618E+001
  0.208873E+001  0.130086E+001
  0.209050E+001  0.130553E+001
  0.209226E+001  0.131021E+001
  0.209403E+001  0.131489E+001
  0.209579E+001  0.131957E+001
  0.209756E+001  0.132425E+001
  0.209932E+001  0.132892E+001
  0.210109E+001  0.133360E+001
  0.210285E+001  0.133828E+001
  0.210461E+001  0.134296E+001
  0.210637E+001  0.134764E+001
  0.210813E+001  0.135232E+001
  0.210988E+001  0.135700E+001
  0.211163E+001  0.136169E+001
  0.211337E+001  0.136637E+001
  0.211510E+001  0.137107E+001
  0.211681E+001  0.137576E+001
  0.211848E+001  0.138048E+001
  0.212008E+001  0.138522E+001
  0.212153E+001  0.139000E+001
  0.212281E+001  0.139483E+001
  0.212395E+001  0.139970E+001
  0.212501E+001  0.140459E+001
  0.212605E+001  0.140948E+001
  0.212706E+001  0.141438E+001
  0.212807E+001  0.141927E+001
  0.212908E+001  0.142417E+001
  0.213009E+001  0.142907E+001
  0.213110E+001  0.143396E+001
  0.213212E+001  0.143886E+001
  0.213314E+001  0.144375E+001
  0.213416E+001  0.144865E+001
  0.213519E+001  0.145354E+001
  0.213623E+001  0.145843E+001
  0.213727E+001  0.146332E+001
  0.213831E+001  0.146821E+001
  0.213937E+001  0.147310E+001
  0.214042E+001  0.147799E+001
  0.214148E+001  0.148287E+001
  0.214255E+001  0.148776E+001
  0.214363E+001  0.149264E+001
  0.214471E+001  0.149752E+001
  0.214579E+001  0.150240E+001
  0.214689E+001  0.150728E+001
  0.214798E+001  0.151216E+001
  0.214909E+001  0.151704E+001
  0.215020E+001  0.152191E+001
  0.215132E+001  0.152679E+001
  0.215244E+001  0.153166E+001
  0.215357E+001  0.153653E+001
  0.215470E+001  0.154140E+001
  0.215585E+001  0.154627E+001
  0.215699E+001  0.155113E+001
  0.215815E+001  0.155600E+001
  0.215931E+001  0.156086E+001
  0.216047E+001  0.156572E+001
  0.216165E+001  0.157058E+001
  0.216283E+001  0.157544E+001
  0.216401E+001  0.158030E+001
  0.216520E+001  0.158516E+001
  0.216640E+001  0.159001E+001
  0.216761E+001  0.159486E+001
  0.216882E+001  0.159971E+001
  0.217004E+001  0.160456E+001
  0.217126E+001  0.160941E+001
  0.217249E+001  0.161426E+001
  0.217373E+001  0.161910E+001
  0.217497E+001  0.162394E+001
  0.217622E+001  0.162879E+001
  0.217748E+001  0.163363E+001
  0.217874E+001  0.163846E+001
  0.218001E+001  0.164330E+001
  0.218129E+001  0.164813E+001
  0.218257E+001  0.165297E+001
  0.218386E+001  0.165780E+001
  0.218515E+001  0.166263E+001
  0.218646E+001  0.166745E+001
  0.218776E+001  0.167228E+001
  0.218908E+001  0.167710E+001
  0.219040E+001  0.168193E+001
  0.219173E+001  0.168675E+001
  0.219306E+001  0.169157E+001
  0.219440E+001  0.169638E+001
  0.219575E+001  0.170120E+001
  0.219711E+001  0.170601E+001
  0.219847E+001  0.171082E+001
  0.219983E+001  0.171563E+001
  0.220121E+001  0.172044E+001
  0.220259E+001  0.172524E+001
  0.220397E+001  0.173005E+001
  0.220537E+001  0.173485E+001
  0.220677E+001  0.173965E+001
  0.220817E+001  0.174445E+001
  0.220959E+001  0.174924E+001
  0.221101E+001  0.175404E+001
  0.221243E+001  0.175883E+001
  0.221387E+001  0.176362E+001
  0.221530E+001  0.176841E+001
  0.221675E+001  0.177320E+001
  0.221820E+001  0.177798E+001
  0.221966E+001  0.178276E+001
  0.222112E+001  0.178754E+001
  0.222260E+001  0.179232E+001
  0.222407E+001  0.179710E+001
  0.222556E+001  0.180187E+001
  0.222705E+001  0.180665E+001
  0.222855E+001  0.181142E+001
  0.223005E+001  0.181619E+001
  0.223156E+001  0.182095E+001
  0.223308E+001  0.182572E+001
  0.223460E+001  0.183048E+001
  0.223613E+001  0.183524E+001
  0.223766E+001  0.184000E+001
  0.223921E+001  0.184475E+001
  0.224076E+001  0.184951E+001
  0.224231E+001  0.185426E+001
  0.224387E+001  0.185901E+001
  0.224544E+001  0.186376E+001
  0.224701E+001  0.186850E+001
  0.224859E+001  0.187325E+001
  0.225018E+001  0.187799E+001
  0.225177E+001  0.188273E+001
  0.225337E+001  0.188747E+001
  0.225498E+001  0.189220E+001
  0.225659E+001  0.189694E+001
  0.225821E+001  0.190167E+001
  0.225983E+001  0.190640E+001
  0.226146E+001  0.191112E+001
  0.226310E+001  0.191585E+001
  0.226474E+001  0.192057E+001
  0.226639E+001  0.192529E+001
  0.226804E+001  0.193001E+001
  0.226970E+001  0.193472E+001
  0.227137E+001  0.193944E+001
  0.227304E+001  0.194415E+001
  0.227472E+001  0.194886E+001
  0.227640E+001  0.195357E+001
  0.227810E+001  0.195827E+001
  0.227979E+001  0.196298E+001
  0.228149E+001  0.196768E+001
  0.228320E+001  0.197238E+001
  0.228492E+001  0.197707E+001
  0.228664E+001  0.198177E+001
  0.228836E+001  0.198646E+001
  0.229010E+001  0.199115E+001
  0.229183E+001  0.199584E+001
  0.229358E+001  0.200053E+001
  0.229533E+001  0.200521E+001
  0.229708E+001  0.200989E+001
  0.229884E+001  0.201457E+001
  0.230061E+001  0.201925E+001
  0.230238E+001  0.202392E+001
  0.230416E+001  0.202860E+001
  0.230594E+001  0.203327E+001
  0.230773E+001  0.203794E+001
  0.230953E+001  0.204260E+001
  0.231133E+001  0.204727E+001
  0.231313E+001  0.205193E+001
  0.231494E+001  0.205659E+001
  0.231676E+001  0.206125E+001
  0.231858E+001  0.206591E+001
  0.232041E+001  0.207056E+001
  0.232224E+001  0.207521E+001
  0.232408E+001  0.207986E+001
  0.232592E+001  0.208451E+001
  0.232777E+001  0.208916E+001
  0.232963E+001  0.209380E+001
  0.233148E+001  0.209844E+001
  0.233335E+001  0.210308E+001
  0.233522E+001  0.210772E+001
  0.233709E+001  0.211235E+001
  0.233897E+001  0.211699E+001
  0.234086E+001  0.212162E+001
  0.234275E+001  0.212625E+001
  0.234464E+001  0.213087E+001
  0.234654E+001  0.213550E+001
  0.234844E+001  0.214012E+001
  0.235035E+001  0.214474E+001
  0.235227E+001  0.214936E+001
  0.235419E+001  0.215398E+001
  0.235611E+001  0.215859E+001
  0.235804E+001  0.216321E+001
  0.235997E+001  0.216782E+001
  0.236191E+001  0.217243E+001
  0.236385E+001  0.217704E+001
  0.236580E+001  0.218164E+001
  0.236775E+001  0.218624E+001
  0.236971E+001  0.219085E+001
  0.237167E+001  0.219544E+001
  0.237364E+001  0.220004E+001
  0.237561E+001  0.220464E+001
  0.237758E+001  0.220923E+001
  0.237956E+001  0.221382E+001
  0.238154E+001  0.221841E+001
  0.238353E+001  0.222300E+001
  0.238552E+001  0.222759E+001
  0.238752E+001  0.223217E+001
  0.238952E+001  0.223675E+001
  0.239152E+001  0.224134E+001
  0.239353E+001  0.224591E+001
  0.239554E+001  0.225049E+001
  0.239756E+001  0.225507E+001
  0.239958E+001  0.225964E+001
  0.240160E+001  0.226421E+001
  0.240363E+001  0.226878E+001
  0.240566E+001  0.227335E+001
  0.240770E+001  0.227792E+001
  0.240974E+001  0.228248E+001
  0.241178E+001  0.228704E+001
  0.241383E+001  0.229161E+001
  0.241588E+001  0.229617E+001
  0.241794E+001  0.230072E+001
  0.242000E+001  0.230528E+001
  0.242206E+001  0.230984E+001
  0.242412E+001  0.231439E+001
  0.242619E+001  0.231894E+001
  0.242827E+001  0.232349E+001
  0.243034E+001  0.232804E+001
  0.243242E+001  0.233259E+001
  0.243451E+001  0.233713E+001
  0.243659E+001  0.234168E+001
  0.243868E+001  0.234622E+001
  0.244077E+001  0.235076E+001
  0.244287E+001  0.235530E+001
  0.244497E+001  0.235984E+001
  0.244707E+001  0.236437E+001
  0.244918E+001  0.236891E+001
  0.245128E+001  0.237344E+001
  0.245339E+001  0.237798E+001
  0.245551E+001  0.238251E+001
  0.245763E+001  0.238704E+001
  0.245974E+001  0.239157E+001
  0.246187E+001  0.239609E+001
  0.246399E+001  0.240062E+001
  0.246612E+001  0.240514E+001
  0.246825E+001  0.240967E+001
  0.247038E+001  0.241419E+001
  0.247252E+001  0.241871E+001
  0.247466E+001  0.242323E+001
  0.247680E+001  0.242775E+001
  0.247894E+001  0.243227E+001
  0.248108E+001  0.243678E+001
  0.248323E+001  0.244130E+001
  0.248538E+001  0.244581E+001
  0.248753E+001  0.245033E+001
  0.248968E+001  0.245484E+001
  0.249184E+001  0.245935E+001
  0.249400E+001  0.246386E+001
  0.249616E+001  0.246837E+001
  0.249832E+001  0.247288E+001
  0.250048E+001  0.247739E+001
