  0.180179E+001  0.746375E-001
  0.180179E+001  0.746375E-001
  0.180202E+001  0.796325E-001
  0.180225E+001  0.846268E-001
  0.180251E+001  0.896204E-001
  0.180277E+001  0.946133E-001
  0.180305E+001  0.996054E-001
  0.180335E+001  0.104597E+000
  0.180366E+001  0.109587E+000
  0.180398E+001  0.114577E+000
  0.180432E+001  0.119565E+000
  0.180467E+001  0.124553E+000
  0.180504E+001  0.129539E+000
  0.180542E+001  0.134525E+000
  0.180581E+001  0.139510E+000
  0.180622E+001  0.144493E+000
  0.180664E+001  0.149475E+000
  0.180707E+001  0.154456E+000
  0.180752E+001  0.159436E+000
  0.180798E+001  0.164415E+000
  0.180846E+001  0.169392E+000
  0.180894E+001  0.174368E+000
  0.180945E+001  0.179343E+000
  0.180996E+001  0.184317E+000
  0.181049E+001  0.189289E+000
  0.181103E+001  0.194259E+000
  0.181158E+001  0.199228E+000
  0.181215E+001  0.204196E+000
  0.181273E+001  0.209162E+000
  0.181333E+001  0.214127E+000
  0.181393E+001  0.219090E+000
  0.181455E+001  0.224052E+000
  0.181518E+001  0.229011E+000
  0.181583E+001  0.233970E+000
  0.181648E+001  0.238926E+000
  0.181715E+001  0.243881E+000
  0.181784E+001  0.248835E+000
  0.181853E+001  0.253786E+000
  0.181924E+001  0.258736E+000
  0.181996E+001  0.263684E+000
  0.182069E+001  0.268630E+000
  0.182143E+001  0.273575E+000
  0.182218E+001  0.278518E+000
  0.182295E+001  0.283458E+000
  0.182373E+001  0.288397E+000
  0.182452E+001  0.293335E+000
  0.182532E+001  0.298270E+000
  0.182614E+001  0.303203E+000
  0.182696E+001  0.308134E+000
  0.182780E+001  0.313064E+000
  0.182865E+001  0.317991E+000
  0.182951E+001  0.322917E+000
  0.183038E+001  0.327840E+000
  0.183126E+001  0.332762E+000
  0.183215E+001  0.337682E+000
  0.183306E+001  0.342599E+000
  0.183397E+001  0.347514E+000
  0.183490E+001  0.352428E+000
  0.183584E+001  0.357339E+000
  0.183679E+001  0.362248E+000
  0.183775E+001  0.367156E+000
  0.183872E+001  0.372061E+000
  0.183970E+001  0.376964E+000
  0.184069E+001  0.381864E+000
  0.184169E+001  0.386763E+000
  0.184270E+001  0.391659E+000
  0.184372E+001  0.396554E+000
  0.184476E+001  0.401446E+000
  0.184580E+001  0.406336E+000
  0.184685E+001  0.411224E+000
  0.184792E+001  0.416109E+000
  0.184899E+001  0.420993E+000
  0.185007E+001  0.425874E+000
  0.185117E+001  0.430752E+000
  0.185227E+001  0.435629E+000
  0.185339E+001  0.440503E+000
  0.185451E+001  0.445375E+000
  0.185564E+001  0.450245E+000
  0.185679E+001  0.455113E+000
  0.185794E+001  0.459978E+000
  0.185910E+001  0.464841E+000
  0.186028E+001  0.469701E+000
  0.186146E+001  0.474560E+000
  0.186265E+001  0.479415E+000
  0.186385E+001  0.484269E+000
  0.186506E+001  0.489120E+000
  0.186628E+001  0.493969E+000
  0.186751E+001  0.498815E+000
  0.186875E+001  0.503659E+000
  0.187000E+001  0.508501E+000
  0.187126E+001  0.513340E+000
  0.187253E+001  0.518177E+000
  0.187380E+001  0.523011E+000
  0.187509E+001  0.527843E+000
  0.187638E+001  0.532672E+000
  0.187769E+001  0.537499E+000
  0.187900E+001  0.542324E+000
  0.188032E+001  0.547146E+000
  0.188166E+001  0.551965E+000
  0.188300E+001  0.556782E+000
  0.188435E+001  0.561596E+000
  0.188570E+001  0.566408E+000
  0.188707E+001  0.571218E+000
  0.188845E+001  0.576024E+000
  0.188983E+001  0.580829E+000
  0.189123E+001  0.585630E+000
  0.189263E+001  0.590429E+000
  0.189404E+001  0.595226E+000
  0.189546E+001  0.600020E+000
  0.189689E+001  0.604811E+000
  0.189833E+001  0.609599E+000
  0.189978E+001  0.614385E+000
  0.190124E+001  0.619168E+000
  0.190270E+001  0.623949E+000
  0.190418E+001  0.628727E+000
  0.190566E+001  0.633502E+000
  0.190715E+001  0.638274E+000
  0.190865E+001  0.643044E+000
  0.191016E+001  0.647811E+000
  0.191167E+001  0.652576E+000
  0.191320E+001  0.657337E+000
  0.191473E+001  0.662096E+000
  0.191628E+001  0.666852E+000
  0.191783E+001  0.671605E+000
  0.191939E+001  0.676356E+000
  0.192096E+001  0.681103E+000
  0.192253E+001  0.685848E+000
  0.192412E+001  0.690590E+000
  0.192571E+001  0.695329E+000
  0.192731E+001  0.700066E+000
  0.192893E+001  0.704799E+000
  0.193054E+001  0.709530E+000
  0.193217E+001  0.714258E+000
  0.193381E+001  0.718983E+000
  0.193545E+001  0.723705E+000
  0.193710E+001  0.728424E+000
  0.193876E+001  0.733140E+000
  0.194043E+001  0.737854E+000
  0.194211E+001  0.742565E+000
  0.194379E+001  0.747272E+000
  0.194548E+001  0.751977E+000
  0.194718E+001  0.756679E+000
  0.194889E+001  0.761378E+000
  0.195061E+001  0.766075E+000
  0.195233E+001  0.770768E+000
  0.195406E+001  0.775458E+000
  0.195580E+001  0.780146E+000
  0.195755E+001  0.784831E+000
  0.195931E+001  0.789513E+000
  0.196107E+001  0.794192E+000
  0.196284E+001  0.798868E+000
  0.196462E+001  0.803541E+000
  0.196640E+001  0.808212E+000
  0.196819E+001  0.812880E+000
  0.196999E+001  0.817544E+000
  0.197180E+001  0.822207E+000
  0.197361E+001  0.826866E+000
  0.197543E+001  0.831523E+000
  0.197726E+001  0.836177E+000
  0.197910E+001  0.840828E+000
  0.198094E+001  0.845476E+000
  0.198279E+001  0.850122E+000
  0.198464E+001  0.854765E+000
  0.198650E+001  0.859406E+000
  0.198837E+001  0.864044E+000
  0.199025E+001  0.868679E+000
  0.199213E+001  0.873312E+000
  0.199401E+001  0.877943E+000
  0.199591E+001  0.882571E+000
  0.199780E+001  0.887196E+000
  0.199971E+001  0.891819E+000
  0.200162E+001  0.896440E+000
  0.200353E+001  0.901059E+000
  0.200545E+001  0.905675E+000
  0.200738E+001  0.910290E+000
  0.200931E+001  0.914902E+000
  0.201124E+001  0.919512E+000
  0.201318E+001  0.924121E+000
  0.201513E+001  0.928727E+000
  0.201708E+001  0.933332E+000
  0.201903E+001  0.937935E+000
  0.202098E+001  0.942537E+000
  0.202294E+001  0.947138E+000
  0.202490E+001  0.951737E+000
  0.202687E+001  0.956336E+000
  0.202883E+001  0.960933E+000
  0.203080E+001  0.965531E+000
  0.203276E+001  0.970128E+000
  0.203473E+001  0.974725E+000
  0.203669E+001  0.979323E+000
  0.203865E+001  0.983922E+000
  0.204061E+001  0.988523E+000
  0.204256E+001  0.993127E+000
  0.204451E+001  0.997734E+000
  0.204644E+001  0.100234E+001
  0.204836E+001  0.100696E+001
  0.205026E+001  0.101159E+001
  0.205214E+001  0.101622E+001
  0.205399E+001  0.102087E+001
  0.205580E+001  0.102552E+001
  0.205757E+001  0.103020E+001
  0.205928E+001  0.103490E+001
  0.206093E+001  0.103962E+001
  0.206249E+001  0.104437E+001
  0.206397E+001  0.104915E+001
  0.206535E+001  0.105395E+001
  0.206664E+001  0.105878E+001
  0.206783E+001  0.106364E+001
  0.206894E+001  0.106851E+001
  0.206998E+001  0.107341E+001
  0.207095E+001  0.107831E+001
  0.207187E+001  0.108322E+001
  0.207275E+001  0.108815E+001
  0.207360E+001  0.109307E+001
  0.207442E+001  0.109801E+001
  0.207521E+001  0.110294E+001
  0.207599E+001  0.110788E+001
  0.207676E+001  0.111282E+001
  0.207752E+001  0.111776E+001
  0.207827E+001  0.112271E+001
  0.207901E+001  0.112765E+001
  0.207975E+001  0.113260E+001
  0.208049E+001  0.113754E+001
  0.208122E+001  0.114249E+001
  0.208195E+001  0.114744E+001
  0.208269E+001  0.115238E+001
  0.208342E+001  0.115733E+001
  0.208416E+001  0.116227E+001
  0.208489E+001  0.116722E+001
  0.208563E+001  0.117216E+001
  0.208637E+001  0.117711E+001
  0.208712E+001  0.118205E+001
  0.208786E+001  0.118700E+001
  0.208861E+001  0.119194E+001
  0.208936E+001  0.119688E+001
  0.209012E+001  0.120183E+001
  0.209088E+001  0.120677E+001
  0.209165E+001  0.121171E+001
  0.209241E+001  0.121665E+001
  0.209318E+001  0.122159E+001
  0.209396E+001  0.122653E+001
  0.209474E+001  0.123147E+001
  0.209553E+001  0.123641E+001
  0.209632E+001  0.124134E+001
  0.209711E+001  0.124628E+001
  0.209791E+001  0.125121E+001
  0.209871E+001  0.125615E+001
  0.209952E+001  0.126108E+001
  0.210033E+001  0.126602E+001
  0.210115E+001  0.127095E+001
  0.210198E+001  0.127588E+001
  0.210280E+001  0.128081E+001
  0.210364E+001  0.128574E+001
  0.210448E+001  0.129067E+001
  0.210532E+001  0.129560E+001
  0.210617E+001  0.130053E+001
  0.210703E+001  0.130545E+001
  0.210789E+001  0.131038E+001
  0.210875E+001  0.131530E+001
  0.210963E+001  0.132023E+001
  0.211051E+001  0.132515E+001
  0.211139E+001  0.133007E+001
  0.211228E+001  0.133499E+001
  0.211318E+001  0.133991E+001
  0.211409E+001  0.134483E+001
  0.211500E+001  0.134974E+001
  0.211592E+001  0.135466E+001
  0.211685E+001  0.135957E+001
  0.211780E+001  0.136448E+001
  0.211876E+001  0.136938E+001
  0.211975E+001  0.137429E+001
  0.212078E+001  0.137918E+001
  0.212189E+001  0.138405E+001
  0.212315E+001  0.138889E+001
  0.212458E+001  0.139368E+001
  0.212616E+001  0.139843E+001
  0.212783E+001  0.140314E+001
  0.212954E+001  0.140784E+001
  0.213127E+001  0.141253E+001
  0.213301E+001  0.141722E+001
  0.213476E+001  0.142190E+001
  0.213651E+001  0.142658E+001
  0.213827E+001  0.143126E+001
  0.214003E+001  0.143594E+001
  0.214180E+001  0.144062E+001
  0.214356E+001  0.144530E+001
  0.214533E+001  0.144998E+001
  0.214709E+001  0.145466E+001
  0.214886E+001  0.145933E+001
  0.215063E+001  0.146401E+001
  0.215240E+001  0.146869E+001
  0.215416E+001  0.147336E+001
  0.215593E+001  0.147804E+001
  0.215770E+001  0.148272E+001
  0.215947E+001  0.148739E+001
  0.216124E+001  0.149207E+001
  0.216301E+001  0.149675E+001
  0.216478E+001  0.150142E+001
  0.216655E+001  0.150610E+001
  0.216832E+001  0.151078E+001
  0.217008E+001  0.151545E+001
  0.217185E+001  0.152013E+001
  0.217362E+001  0.152481E+001
  0.217539E+001  0.152948E+001
  0.217716E+001  0.153416E+001
  0.217893E+001  0.153884E+001
  0.218070E+001  0.154351E+001
  0.218247E+001  0.154819E+001
  0.218424E+001  0.155287E+001
  0.218600E+001  0.155754E+001
  0.218777E+001  0.156222E+001
  0.218954E+001  0.156690E+001
  0.219131E+001  0.157157E+001
  0.219308E+001  0.157625E+001
  0.219484E+001  0.158093E+001
  0.219661E+001  0.158561E+001
  0.219838E+001  0.159028E+001
  0.220015E+001  0.159496E+001
  0.220191E+001  0.159964E+001
  0.220368E+001  0.160432E+001
  0.220544E+001  0.160899E+001
  0.220721E+001  0.161367E+001
  0.220898E+001  0.161835E+001
  0.221074E+001  0.162303E+001
  0.221251E+001  0.162771E+001
  0.221427E+001  0.163238E+001
  0.221604E+001  0.163706E+001
  0.221780E+001  0.164174E+001
  0.221956E+001  0.164642E+001
  0.222133E+001  0.165110E+001
  0.222309E+001  0.165578E+001
  0.222485E+001  0.166046E+001
  0.222661E+001  0.166513E+001
  0.222838E+001  0.166981E+001
  0.223014E+001  0.167449E+001
  0.223190E+001  0.167917E+001
  0.223366E+001  0.168385E+001
  0.223542E+001  0.168853E+001
  0.223718E+001  0.169321E+001
  0.223894E+001  0.169789E+001
  0.224070E+001  0.170257E+001
  0.224246E+001  0.170725E+001
  0.224422E+001  0.171193E+001
  0.224598E+001  0.171661E+001
  0.224773E+001  0.172130E+001
  0.224949E+001  0.172598E+001
  0.225125E+001  0.173066E+001
  0.225300E+001  0.173534E+001
  0.225476E+001  0.174002E+001
  0.225651E+001  0.174470E+001
  0.225827E+001  0.174938E+001
  0.226002E+001  0.175407E+001
  0.226178E+001  0.175875E+001
  0.226353E+001  0.176343E+001
  0.226528E+001  0.176811E+001
  0.226704E+001  0.177280E+001
  0.226879E+001  0.177748E+001
  0.227054E+001  0.178216E+001
  0.227229E+001  0.178685E+001
  0.227404E+001  0.179153E+001
  0.227579E+001  0.179621E+001
  0.227754E+001  0.180090E+001
  0.227929E+001  0.180558E+001
  0.228104E+001  0.181027E+001
  0.228279E+001  0.181495E+001
  0.228453E+001  0.181964E+001
  0.228628E+001  0.182432E+001
  0.228803E+001  0.182901E+001
  0.228977E+001  0.183369E+001
  0.229152E+001  0.183838E+001
  0.229326E+001  0.184306E+001
  0.229501E+001  0.184775E+001
  0.229675E+001  0.185243E+001
  0.229850E+001  0.185712E+001
  0.230024E+001  0.186181E+001
  0.230198E+001  0.186649E+001
  0.230372E+001  0.187118E+001
  0.230546E+001  0.187587E+001
  0.230720E+001  0.188055E+001
  0.230894E+001  0.188524E+001
  0.231068E+001  0.188993E+001
  0.231242E+001  0.189462E+001
  0.231416E+001  0.189930E+001
  0.231590E+001  0.190399E+001
  0.231764E+001  0.190868E+001
  0.231938E+001  0.191337E+001
  0.232111E+001  0.191806E+001
  0.232285E+001  0.192275E+001
  0.232459E+001  0.192744E+001
  0.232632E+001  0.193212E+001
  0.232806E+001  0.193681E+001
  0.232979E+001  0.194150E+001
  0.233153E+001  0.194619E+001
  0.233326E+001  0.195088E+001
  0.233499E+001  0.195557E+001
  0.233673E+001  0.196026E+001
  0.233846E+001  0.196495E+001
  0.234019E+001  0.196964E+001
  0.234192E+001  0.197433E+001
  0.234365E+001  0.197902E+001
  0.234538E+001  0.198372E+001
  0.234711E+001  0.198841E+001
  0.234884E+001  0.199310E+001
  0.235057E+001  0.199779E+001
  0.235230E+001  0.200248E+001
  0.235403E+001  0.200717E+001
  0.235576E+001  0.201186E+001
  0.235749E+001  0.201655E+001
  0.235922E+001  0.202125E+001
  0.236095E+001  0.202594E+001
  0.236267E+001  0.203063E+001
  0.236440E+001  0.203532E+001
  0.236613E+001  0.204001E+001
  0.236786E+001  0.204471E+001
  0.236958E+001  0.204940E+001
  0.237131E+001  0.205409E+001
  0.237304E+001  0.205878E+001
  0.237476E+001  0.206348E+001
  0.237649E+001  0.206817E+001
  0.237821E+001  0.207286E+001
  0.237994E+001  0.207755E+001
  0.238167E+001  0.208225E+001
  0.238339E+001  0.208694E+001
  0.238512E+001  0.209163E+001
  0.238684E+001  0.209633E+001
  0.238857E+001  0.210102E+001
  0.239030E+001  0.210571E+001
  0.239202E+001  0.211040E+001
  0.239375E+001  0.211510E+001
  0.239547E+001  0.211979E+001
  0.239720E+001  0.212448E+001
  0.239892E+001  0.212917E+001
  0.240065E+001  0.213387E+001
  0.240238E+001  0.213856E+001
  0.240410E+001  0.214325E+001
  0.240583E+001  0.214794E+001
  0.240756E+001  0.215264E+001
  0.240928E+001  0.215733E+001
  0.241101E+001  0.216202E+001
  0.241274E+001  0.216671E+001
  0.241447E+001  0.217141E+001
  0.241619E+001  0.217610E+001
  0.241792E+001  0.218079E+001
  0.241965E+001  0.218548E+001
  0.242138E+001  0.219017E+001
  0.242311E+001  0.219486E+001
  0.242484E+001  0.219955E+001
  0.242657E+001  0.220424E+001
  0.242831E+001  0.220894E+001
  0.243004E+001  0.221363E+001
  0.243177E+001  0.221832E+001
  0.243350E+001  0.222301E+001
  0.243524E+001  0.222770E+001
  0.243697E+001  0.223238E+001
  0.243871E+001  0.223707E+001
  0.244044E+001  0.224176E+001
  0.244218E+001  0.224645E+001
  0.244392E+001  0.225114E+001
  0.244566E+001  0.225583E+001
  0.244740E+001  0.226052E+001
  0.244914E+001  0.226520E+001
  0.245088E+001  0.226989E+001
  0.245262E+001  0.227458E+001
  0.245437E+001  0.227926E+001
  0.245611E+001  0.228395E+001
  0.245786E+001  0.228863E+001
  0.245960E+001  0.229332E+001
  0.246135E+001  0.229800E+001
  0.246310E+001  0.230269E+001
  0.246485E+001  0.230737E+001
  0.246660E+001  0.231205E+001
  0.246836E+001  0.231674E+001
  0.247011E+001  0.232142E+001
  0.247187E+001  0.232610E+001
  0.247363E+001  0.233078E+001
  0.247538E+001  0.233546E+001
  0.247715E+001  0.234014E+001
  0.247891E+001  0.234482E+001
  0.248067E+001  0.234950E+001
  0.248244E+001  0.235417E+001
  0.248421E+001  0.235885E+001
  0.248598E+001  0.236353E+001
  0.248775E+001  0.236820E+001
  0.248952E+001  0.237288E+001
  0.249130E+001  0.237755E+001
  0.249307E+001  0.238223E+001
  0.249485E+001  0.238690E+001
  0.249663E+001  0.239157E+001
  0.249842E+001  0.239624E+001
  0.250021E+001  0.240091E+001
