  0.201999E+001  0.932506E-001
  0.201999E+001  0.932506E-001
  0.202002E+001  0.982505E-001
  0.202006E+001  0.103250E+000
  0.202010E+001  0.108250E+000
  0.202014E+001  0.113250E+000
  0.202018E+001  0.118250E+000
  0.202023E+001  0.123250E+000
  0.202027E+001  0.128249E+000
  0.202032E+001  0.133249E+000
  0.202037E+001  0.138249E+000
  0.202042E+001  0.143249E+000
  0.202047E+001  0.148248E+000
  0.202053E+001  0.153248E+000
  0.202058E+001  0.158248E+000
  0.202064E+001  0.163247E+000
  0.202070E+001  0.168247E+000
  0.202077E+001  0.173247E+000
  0.202083E+001  0.178246E+000
  0.202090E+001  0.183246E+000
  0.202097E+001  0.188245E+000
  0.202104E+001  0.193245E+000
  0.202111E+001  0.198244E+000
  0.202118E+001  0.203244E+000
  0.202126E+001  0.208243E+000
  0.202134E+001  0.213243E+000
  0.202142E+001  0.218242E+000
  0.202150E+001  0.223241E+000
  0.202158E+001  0.228241E+000
  0.202167E+001  0.233240E+000
  0.202176E+001  0.238239E+000
  0.202185E+001  0.243238E+000
  0.202194E+001  0.248237E+000
  0.202203E+001  0.253237E+000
  0.202213E+001  0.258236E+000
  0.202223E+001  0.263235E+000
  0.202233E+001  0.268234E+000
  0.202243E+001  0.273233E+000
  0.202253E+001  0.278232E+000
  0.202264E+001  0.283230E+000
  0.202274E+001  0.288229E+000
  0.202285E+001  0.293228E+000
  0.202297E+001  0.298227E+000
  0.202308E+001  0.303226E+000
  0.202320E+001  0.308224E+000
  0.202332E+001  0.313223E+000
  0.202344E+001  0.318221E+000
  0.202356E+001  0.323220E+000
  0.202368E+001  0.328218E+000
  0.202381E+001  0.333217E+000
  0.202394E+001  0.338215E+000
  0.202407E+001  0.343213E+000
  0.202420E+001  0.348211E+000
  0.202434E+001  0.353210E+000
  0.202448E+001  0.358208E+000
  0.202462E+001  0.363206E+000
  0.202476E+001  0.368204E+000
  0.202490E+001  0.373202E+000
  0.202505E+001  0.378200E+000
  0.202520E+001  0.383197E+000
  0.202535E+001  0.388195E+000
  0.202550E+001  0.393193E+000
  0.202566E+001  0.398190E+000
  0.202582E+001  0.403188E+000
  0.202598E+001  0.408185E+000
  0.202614E+001  0.413183E+000
  0.202631E+001  0.418180E+000
  0.202647E+001  0.423177E+000
  0.202664E+001  0.428174E+000
  0.202682E+001  0.433171E+000
  0.202699E+001  0.438168E+000
  0.202717E+001  0.443165E+000
  0.202735E+001  0.448162E+000
  0.202753E+001  0.453158E+000
  0.202771E+001  0.458155E+000
  0.202790E+001  0.463152E+000
  0.202809E+001  0.468148E+000
  0.202828E+001  0.473144E+000
  0.202847E+001  0.478141E+000
  0.202867E+001  0.483137E+000
  0.202887E+001  0.488133E+000
  0.202907E+001  0.493129E+000
  0.202927E+001  0.498125E+000
  0.202948E+001  0.503120E+000
  0.202969E+001  0.508116E+000
  0.202990E+001  0.513111E+000
  0.203012E+001  0.518107E+000
  0.203033E+001  0.523102E+000
  0.203055E+001  0.528097E+000
  0.203077E+001  0.533092E+000
  0.203100E+001  0.538087E+000
  0.203123E+001  0.543082E+000
  0.203146E+001  0.548077E+000
  0.203169E+001  0.553071E+000
  0.203193E+001  0.558066E+000
  0.203216E+001  0.563060E+000
  0.203241E+001  0.568054E+000
  0.203265E+001  0.573048E+000
  0.203290E+001  0.578042E+000
  0.203315E+001  0.583036E+000
  0.203340E+001  0.588030E+000
  0.203365E+001  0.593023E+000
  0.203391E+001  0.598016E+000
  0.203417E+001  0.603010E+000
  0.203444E+001  0.608003E+000
  0.203470E+001  0.612995E+000
  0.203497E+001  0.617988E+000
  0.203525E+001  0.622981E+000
  0.203552E+001  0.627973E+000
  0.203580E+001  0.632965E+000
  0.203608E+001  0.637957E+000
  0.203637E+001  0.642949E+000
  0.203666E+001  0.647941E+000
  0.203695E+001  0.652933E+000
  0.203724E+001  0.657924E+000
  0.203754E+001  0.662915E+000
  0.203784E+001  0.667906E+000
  0.203814E+001  0.672897E+000
  0.203845E+001  0.677887E+000
  0.203876E+001  0.682878E+000
  0.203907E+001  0.687868E+000
  0.203939E+001  0.692858E+000
  0.203971E+001  0.697848E+000
  0.204003E+001  0.702837E+000
  0.204035E+001  0.707827E+000
  0.204068E+001  0.712816E+000
  0.204102E+001  0.717805E+000
  0.204135E+001  0.722794E+000
  0.204169E+001  0.727782E+000
  0.204203E+001  0.732770E+000
  0.204238E+001  0.737758E+000
  0.204273E+001  0.742746E+000
  0.204308E+001  0.747733E+000
  0.204344E+001  0.752721E+000
  0.204380E+001  0.757708E+000
  0.204416E+001  0.762694E+000
  0.204453E+001  0.767681E+000
  0.204490E+001  0.772667E+000
  0.204528E+001  0.777653E+000
  0.204566E+001  0.782639E+000
  0.204604E+001  0.787624E+000
  0.204642E+001  0.792609E+000
  0.204681E+001  0.797594E+000
  0.204721E+001  0.802578E+000
  0.204761E+001  0.807563E+000
  0.204801E+001  0.812546E+000
  0.204841E+001  0.817530E+000
  0.204882E+001  0.822513E+000
  0.204924E+001  0.827496E+000
  0.204965E+001  0.832479E+000
  0.205008E+001  0.837461E+000
  0.205050E+001  0.842443E+000
  0.205093E+001  0.847424E+000
  0.205137E+001  0.852405E+000
  0.205181E+001  0.857386E+000
  0.205225E+001  0.862366E+000
  0.205270E+001  0.867346E+000
  0.205315E+001  0.872325E+000
  0.205361E+001  0.877304E+000
  0.205407E+001  0.882283E+000
  0.205454E+001  0.887261E+000
  0.205501E+001  0.892239E+000
  0.205549E+001  0.897216E+000
  0.205597E+001  0.902192E+000
  0.205646E+001  0.907168E+000
  0.205695E+001  0.912144E+000
  0.205745E+001  0.917119E+000
  0.205796E+001  0.922093E+000
  0.205847E+001  0.927067E+000
  0.205899E+001  0.932040E+000
  0.205952E+001  0.937012E+000
  0.206005E+001  0.941984E+000
  0.206059E+001  0.946954E+000
  0.206114E+001  0.951924E+000
  0.206170E+001  0.956893E+000
  0.206227E+001  0.961860E+000
  0.206285E+001  0.966826E+000
  0.206344E+001  0.971791E+000
  0.206404E+001  0.976755E+000
  0.206466E+001  0.981717E+000
  0.206529E+001  0.986676E+000
  0.206595E+001  0.991634E+000
  0.206662E+001  0.996588E+000
  0.206732E+001  0.100154E+001
  0.206804E+001  0.100649E+001
  0.206880E+001  0.101143E+001
  0.206960E+001  0.101636E+001
  0.207045E+001  0.102129E+001
  0.207136E+001  0.102621E+001
  0.207233E+001  0.103111E+001
  0.207338E+001  0.103600E+001
  0.207452E+001  0.104087E+001
  0.207577E+001  0.104571E+001
  0.207711E+001  0.105053E+001
  0.207857E+001  0.105531E+001
  0.208012E+001  0.106006E+001
  0.208176E+001  0.106479E+001
  0.208349E+001  0.106948E+001
  0.208528E+001  0.107415E+001
  0.208713E+001  0.107879E+001
  0.208903E+001  0.108342E+001
  0.209097E+001  0.108803E+001
  0.209294E+001  0.109262E+001
  0.209494E+001  0.109720E+001
  0.209697E+001  0.110177E+001
  0.209901E+001  0.110634E+001
  0.210107E+001  0.111089E+001
  0.210315E+001  0.111544E+001
  0.210524E+001  0.111998E+001
  0.210735E+001  0.112452E+001
  0.210946E+001  0.112905E+001
  0.211158E+001  0.113358E+001
  0.211372E+001  0.113810E+001
  0.211586E+001  0.114262E+001
  0.211800E+001  0.114713E+001
  0.212016E+001  0.115164E+001
  0.212232E+001  0.115615E+001
  0.212449E+001  0.116066E+001
  0.212666E+001  0.116516E+001
  0.212884E+001  0.116966E+001
  0.213102E+001  0.117416E+001
  0.213321E+001  0.117866E+001
  0.213540E+001  0.118315E+001
  0.213760E+001  0.118764E+001
  0.213980E+001  0.119213E+001
  0.214201E+001  0.119662E+001
  0.214422E+001  0.120110E+001
  0.214643E+001  0.120558E+001
  0.214865E+001  0.121007E+001
  0.215087E+001  0.121455E+001
  0.215310E+001  0.121902E+001
  0.215533E+001  0.122350E+001
  0.215756E+001  0.122797E+001
  0.215979E+001  0.123245E+001
  0.216203E+001  0.123692E+001
  0.216427E+001  0.124139E+001
  0.216652E+001  0.124585E+001
  0.216877E+001  0.125032E+001
  0.217102E+001  0.125478E+001
  0.217327E+001  0.125925E+001
  0.217553E+001  0.126371E+001
  0.217779E+001  0.126817E+001
  0.218005E+001  0.127263E+001
  0.218232E+001  0.127708E+001
  0.218459E+001  0.128154E+001
  0.218686E+001  0.128600E+001
  0.218913E+001  0.129045E+001
  0.219141E+001  0.129490E+001
  0.219368E+001  0.129935E+001
  0.219597E+001  0.130380E+001
  0.219825E+001  0.130825E+001
  0.220053E+001  0.131270E+001
  0.220282E+001  0.131714E+001
  0.220511E+001  0.132158E+001
  0.220741E+001  0.132603E+001
  0.220970E+001  0.133047E+001
  0.221200E+001  0.133491E+001
  0.221430E+001  0.133935E+001
  0.221660E+001  0.134379E+001
  0.221891E+001  0.134823E+001
  0.222121E+001  0.135266E+001
  0.222352E+001  0.135710E+001
  0.222583E+001  0.136153E+001
  0.222815E+001  0.136596E+001
  0.223046E+001  0.137039E+001
  0.223278E+001  0.137483E+001
  0.223510E+001  0.137925E+001
  0.223742E+001  0.138368E+001
  0.223975E+001  0.138811E+001
  0.224207E+001  0.139254E+001
  0.224440E+001  0.139696E+001
  0.224673E+001  0.140139E+001
  0.224906E+001  0.140581E+001
  0.225139E+001  0.141023E+001
  0.225373E+001  0.141465E+001
  0.225607E+001  0.141907E+001
  0.225840E+001  0.142349E+001
  0.226075E+001  0.142791E+001
  0.226309E+001  0.143233E+001
  0.226543E+001  0.143674E+001
  0.226778E+001  0.144116E+001
  0.227013E+001  0.144557E+001
  0.227248E+001  0.144999E+001
  0.227483E+001  0.145440E+001
  0.227718E+001  0.145881E+001
  0.227954E+001  0.146322E+001
  0.228189E+001  0.146763E+001
  0.228425E+001  0.147204E+001
  0.228661E+001  0.147645E+001
  0.228897E+001  0.148086E+001
  0.229134E+001  0.148526E+001
  0.229370E+001  0.148967E+001
  0.229607E+001  0.149407E+001
  0.229844E+001  0.149847E+001
  0.230081E+001  0.150288E+001
  0.230318E+001  0.150728E+001
  0.230555E+001  0.151168E+001
  0.230793E+001  0.151608E+001
  0.231030E+001  0.152048E+001
  0.231268E+001  0.152488E+001
  0.231506E+001  0.152928E+001
  0.231744E+001  0.153367E+001
  0.231982E+001  0.153807E+001
  0.232220E+001  0.154246E+001
  0.232459E+001  0.154686E+001
  0.232698E+001  0.155125E+001
  0.232936E+001  0.155564E+001
  0.233175E+001  0.156004E+001
  0.233414E+001  0.156443E+001
  0.233654E+001  0.156882E+001
  0.233893E+001  0.157321E+001
  0.234133E+001  0.157760E+001
  0.234372E+001  0.158199E+001
  0.234612E+001  0.158637E+001
  0.234852E+001  0.159076E+001
  0.235092E+001  0.159515E+001
  0.235332E+001  0.159953E+001
  0.235573E+001  0.160392E+001
  0.235813E+001  0.160830E+001
  0.236054E+001  0.161268E+001
  0.236294E+001  0.161706E+001
  0.236535E+001  0.162145E+001
  0.236776E+001  0.162583E+001
  0.237017E+001  0.163021E+001
  0.237259E+001  0.163459E+001
  0.237500E+001  0.163897E+001
  0.237742E+001  0.164334E+001
  0.237983E+001  0.164772E+001
  0.238225E+001  0.165210E+001
  0.238467E+001  0.165647E+001
  0.238709E+001  0.166085E+001
  0.238951E+001  0.166522E+001
  0.239193E+001  0.166960E+001
  0.239435E+001  0.167397E+001
  0.239678E+001  0.167834E+001
  0.239921E+001  0.168272E+001
  0.240163E+001  0.168709E+001
  0.240406E+001  0.169146E+001
  0.240649E+001  0.169583E+001
  0.240892E+001  0.170020E+001
  0.241135E+001  0.170457E+001
  0.241379E+001  0.170893E+001
  0.241622E+001  0.171330E+001
  0.241866E+001  0.171767E+001
  0.242109E+001  0.172203E+001
  0.242353E+001  0.172640E+001
  0.242597E+001  0.173077E+001
  0.242841E+001  0.173513E+001
  0.243085E+001  0.173949E+001
  0.243329E+001  0.174386E+001
  0.243574E+001  0.174822E+001
  0.243818E+001  0.175258E+001
  0.244062E+001  0.175694E+001
  0.244307E+001  0.176130E+001
  0.244552E+001  0.176566E+001
  0.244797E+001  0.177002E+001
  0.245042E+001  0.177438E+001
  0.245287E+001  0.177874E+001
  0.245532E+001  0.178310E+001
  0.245777E+001  0.178745E+001
  0.246022E+001  0.179181E+001
  0.246268E+001  0.179617E+001
  0.246513E+001  0.180052E+001
  0.246759E+001  0.180488E+001
  0.247005E+001  0.180923E+001
  0.247251E+001  0.181359E+001
  0.247497E+001  0.181794E+001
  0.247743E+001  0.182229E+001
  0.247989E+001  0.182664E+001
  0.248235E+001  0.183100E+001
  0.248481E+001  0.183535E+001
  0.248728E+001  0.183970E+001
  0.248974E+001  0.184405E+001
  0.249221E+001  0.184840E+001
  0.249467E+001  0.185275E+001
  0.249714E+001  0.185710E+001
  0.249961E+001  0.186144E+001
  0.250208E+001  0.186579E+001
