  0.224999E-001  0.274275E-001
  0.224999E-001  0.274275E-001
  0.269379E-001  0.328408E-001
  0.313751E-001  0.382548E-001
  0.358113E-001  0.436696E-001
  0.402463E-001  0.490854E-001
  0.446799E-001  0.545023E-001
  0.491122E-001  0.599204E-001
  0.535428E-001  0.653397E-001
  0.579716E-001  0.707606E-001
  0.623985E-001  0.761830E-001
  0.668233E-001  0.816072E-001
  0.712458E-001  0.870331E-001
  0.756659E-001  0.924611E-001
  0.800833E-001  0.978912E-001
  0.844980E-001  0.103324E+000
  0.889096E-001  0.108758E+000
  0.933181E-001  0.114196E+000
  0.977232E-001  0.119636E+000
  0.102125E+000  0.125079E+000
  0.106522E+000  0.130525E+000
  0.110916E+000  0.135974E+000
  0.115306E+000  0.141427E+000
  0.119690E+000  0.146884E+000
  0.124071E+000  0.152344E+000
  0.128446E+000  0.157808E+000
  0.132816E+000  0.163277E+000
  0.137180E+000  0.168750E+000
  0.141538E+000  0.174227E+000
  0.145890E+000  0.179710E+000
  0.150236E+000  0.185198E+000
  0.154574E+000  0.190691E+000
  0.158906E+000  0.196190E+000
  0.163229E+000  0.201696E+000
  0.167544E+000  0.207208E+000
  0.171850E+000  0.212726E+000
  0.176147E+000  0.218252E+000
  0.180434E+000  0.223786E+000
  0.184710E+000  0.229328E+000
  0.188975E+000  0.234879E+000
  0.193228E+000  0.240439E+000
  0.197468E+000  0.246009E+000
  0.201693E+000  0.251589E+000
  0.205904E+000  0.257181E+000
  0.210098E+000  0.262786E+000
  0.214275E+000  0.268403E+000
  0.218432E+000  0.274035E+000
  0.222568E+000  0.279682E+000
  0.226681E+000  0.285346E+000
  0.230769E+000  0.291029E+000
  0.234829E+000  0.296731E+000
  0.238859E+000  0.302455E+000
  0.242854E+000  0.308203E+000
  0.246810E+000  0.313977E+000
  0.250725E+000  0.319781E+000
  0.254592E+000  0.325616E+000
  0.258405E+000  0.331486E+000
  0.262158E+000  0.337395E+000
  0.265844E+000  0.343346E+000
  0.269453E+000  0.349343E+000
  0.272978E+000  0.355391E+000
  0.276407E+000  0.361494E+000
  0.279730E+000  0.367655E+000
  0.282936E+000  0.373878E+000
  0.286014E+000  0.380165E+000
  0.288954E+000  0.386517E+000
  0.291748E+000  0.392935E+000
  0.294390E+000  0.399418E+000
  0.296877E+000  0.405961E+000
  0.299209E+000  0.412561E+000
  0.301389E+000  0.419213E+000
  0.303425E+000  0.425910E+000
  0.305326E+000  0.432647E+000
  0.307103E+000  0.439418E+000
  0.308770E+000  0.446217E+000
  0.310338E+000  0.453039E+000
  0.311820E+000  0.459880E+000
  0.313229E+000  0.466737E+000
  0.314577E+000  0.473606E+000
  0.315872E+000  0.480485E+000
  0.317126E+000  0.487372E+000
  0.318346E+000  0.494265E+000
  0.319540E+000  0.501162E+000
  0.320714E+000  0.508063E+000
  0.321874E+000  0.514966E+000
  0.323026E+000  0.521871E+000
  0.324173E+000  0.528776E+000
  0.325320E+000  0.535681E+000
  0.326470E+000  0.542586E+000
  0.327625E+000  0.549490E+000
  0.328789E+000  0.556393E+000
  0.329964E+000  0.563294E+000
  0.331152E+000  0.570192E+000
  0.332354E+000  0.577088E+000
  0.333571E+000  0.583981E+000
  0.334806E+000  0.590872E+000
  0.336059E+000  0.597759E+000
  0.337331E+000  0.604642E+000
  0.338623E+000  0.611522E+000
  0.339936E+000  0.618398E+000
  0.341270E+000  0.625269E+000
  0.342626E+000  0.632137E+000
  0.344003E+000  0.639000E+000
  0.345404E+000  0.645858E+000
  0.346826E+000  0.652712E+000
  0.348272E+000  0.659561E+000
  0.349741E+000  0.666405E+000
  0.351233E+000  0.673245E+000
  0.352748E+000  0.680079E+000
  0.354286E+000  0.686908E+000
  0.355848E+000  0.693731E+000
  0.357432E+000  0.700549E+000
  0.359040E+000  0.707362E+000
  0.360670E+000  0.714170E+000
  0.362323E+000  0.720972E+000
  0.363999E+000  0.727768E+000
  0.365697E+000  0.734559E+000
  0.367417E+000  0.741345E+000
  0.369160E+000  0.748124E+000
  0.370924E+000  0.754898E+000
  0.372709E+000  0.761667E+000
  0.374516E+000  0.768430E+000
  0.376344E+000  0.775187E+000
  0.378193E+000  0.781938E+000
  0.380062E+000  0.788684E+000
  0.381951E+000  0.795424E+000
  0.383860E+000  0.802159E+000
  0.385789E+000  0.808888E+000
  0.387738E+000  0.815611E+000
  0.389705E+000  0.822329E+000
  0.391691E+000  0.829041E+000
  0.393696E+000  0.835748E+000
  0.395718E+000  0.842450E+000
  0.397759E+000  0.849146E+000
  0.399817E+000  0.855836E+000
  0.401893E+000  0.862521E+000
  0.403986E+000  0.869201E+000
  0.406095E+000  0.875876E+000
  0.408221E+000  0.882545E+000
  0.410362E+000  0.889210E+000
  0.412520E+000  0.895869E+000
  0.414693E+000  0.902523E+000
  0.416882E+000  0.909172E+000
  0.419086E+000  0.915816E+000
  0.421304E+000  0.922455E+000
  0.423537E+000  0.929090E+000
  0.425784E+000  0.935719E+000
  0.428044E+000  0.942344E+000
  0.430319E+000  0.948964E+000
  0.432607E+000  0.955580E+000
  0.434908E+000  0.962191E+000
  0.437222E+000  0.968797E+000
  0.439548E+000  0.975399E+000
  0.441887E+000  0.981997E+000
  0.444238E+000  0.988590E+000
  0.446601E+000  0.995179E+000
  0.448976E+000  0.100176E+001
  0.451362E+000  0.100835E+001
  0.453759E+000  0.101492E+001
  0.456168E+000  0.102149E+001
  0.458587E+000  0.102806E+001
  0.461016E+000  0.103463E+001
  0.463456E+000  0.104119E+001
  0.465907E+000  0.104775E+001
  0.468367E+000  0.105430E+001
  0.470836E+000  0.106085E+001
  0.473316E+000  0.106740E+001
  0.475805E+000  0.107394E+001
  0.478302E+000  0.108048E+001
  0.480809E+000  0.108701E+001
  0.483325E+000  0.109355E+001
  0.485849E+000  0.110007E+001
  0.488382E+000  0.110660E+001
  0.490923E+000  0.111312E+001
  0.493472E+000  0.111964E+001
  0.496029E+000  0.112616E+001
  0.498594E+000  0.113267E+001
  0.501166E+000  0.113918E+001
  0.503746E+000  0.114569E+001
  0.506333E+000  0.115219E+001
  0.508927E+000  0.115869E+001
  0.511529E+000  0.116519E+001
  0.514137E+000  0.117169E+001
  0.516752E+000  0.117818E+001
  0.519374E+000  0.118467E+001
  0.522002E+000  0.119116E+001
  0.524636E+000  0.119765E+001
  0.527276E+000  0.120413E+001
  0.529923E+000  0.121061E+001
  0.532576E+000  0.121709E+001
  0.535234E+000  0.122356E+001
  0.537898E+000  0.123004E+001
  0.540568E+000  0.123651E+001
  0.543243E+000  0.124298E+001
  0.545923E+000  0.124944E+001
  0.548609E+000  0.125591E+001
  0.551300E+000  0.126237E+001
  0.553996E+000  0.126883E+001
  0.556697E+000  0.127529E+001
  0.559403E+000  0.128174E+001
  0.562113E+000  0.128820E+001
  0.564828E+000  0.129465E+001
  0.567548E+000  0.130110E+001
  0.570272E+000  0.130755E+001
  0.573001E+000  0.131399E+001
  0.575734E+000  0.132044E+001
  0.578471E+000  0.132688E+001
  0.581212E+000  0.133332E+001
  0.583957E+000  0.133976E+001
  0.586706E+000  0.134620E+001
  0.589459E+000  0.135263E+001
  0.592216E+000  0.135907E+001
  0.594977E+000  0.136550E+001
  0.597741E+000  0.137193E+001
  0.600509E+000  0.137836E+001
  0.603280E+000  0.138479E+001
  0.606055E+000  0.139122E+001
  0.608833E+000  0.139764E+001
  0.611614E+000  0.140407E+001
  0.614399E+000  0.141049E+001
  0.617186E+000  0.141691E+001
  0.619977E+000  0.142333E+001
  0.622771E+000  0.142975E+001
  0.625568E+000  0.143616E+001
  0.628368E+000  0.144258E+001
  0.631171E+000  0.144899E+001
  0.633976E+000  0.145541E+001
  0.636784E+000  0.146182E+001
  0.639595E+000  0.146823E+001
  0.642409E+000  0.147464E+001
  0.645225E+000  0.148105E+001
  0.648044E+000  0.148746E+001
  0.650865E+000  0.149386E+001
  0.653689E+000  0.150027E+001
  0.656515E+000  0.150667E+001
  0.659344E+000  0.151307E+001
  0.662174E+000  0.151948E+001
  0.665007E+000  0.152588E+001
  0.667843E+000  0.153228E+001
  0.670680E+000  0.153868E+001
  0.673520E+000  0.154507E+001
  0.676362E+000  0.155147E+001
  0.679205E+000  0.155787E+001
  0.682051E+000  0.156426E+001
  0.684899E+000  0.157066E+001
  0.687749E+000  0.157705E+001
  0.690600E+000  0.158344E+001
  0.693454E+000  0.158984E+001
  0.696309E+000  0.159623E+001
  0.699166E+000  0.160262E+001
  0.702025E+000  0.160901E+001
  0.704886E+000  0.161540E+001
  0.707748E+000  0.162178E+001
  0.710613E+000  0.162817E+001
  0.713478E+000  0.163456E+001
  0.716346E+000  0.164094E+001
  0.719215E+000  0.164733E+001
  0.722085E+000  0.165371E+001
  0.724957E+000  0.166010E+001
  0.727831E+000  0.166648E+001
  0.730706E+000  0.167286E+001
  0.733582E+000  0.167924E+001
  0.736460E+000  0.168563E+001
  0.739339E+000  0.169201E+001
  0.742220E+000  0.169839E+001
  0.745102E+000  0.170476E+001
  0.747985E+000  0.171114E+001
  0.750870E+000  0.171752E+001
  0.753756E+000  0.172390E+001
  0.756643E+000  0.173028E+001
  0.759531E+000  0.173665E+001
  0.762421E+000  0.174303E+001
  0.765312E+000  0.174940E+001
  0.768204E+000  0.175578E+001
  0.771097E+000  0.176215E+001
  0.773991E+000  0.176852E+001
  0.776887E+000  0.177490E+001
  0.779783E+000  0.178127E+001
  0.782681E+000  0.178764E+001
  0.785580E+000  0.179401E+001
  0.788479E+000  0.180039E+001
  0.791380E+000  0.180676E+001
  0.794282E+000  0.181313E+001
  0.797185E+000  0.181950E+001
  0.800088E+000  0.182587E+001
  0.802993E+000  0.183223E+001
  0.805899E+000  0.183860E+001
  0.808806E+000  0.184497E+001
  0.811713E+000  0.185134E+001
  0.814622E+000  0.185771E+001
  0.817531E+000  0.186407E+001
  0.820441E+000  0.187044E+001
  0.823352E+000  0.187680E+001
  0.826264E+000  0.188317E+001
  0.829177E+000  0.188954E+001
  0.832091E+000  0.189590E+001
  0.835005E+000  0.190226E+001
  0.837921E+000  0.190863E+001
  0.840837E+000  0.191499E+001
  0.843754E+000  0.192136E+001
  0.846672E+000  0.192772E+001
  0.849590E+000  0.193408E+001
  0.852509E+000  0.194044E+001
  0.855429E+000  0.194680E+001
  0.858350E+000  0.195317E+001
  0.861272E+000  0.195953E+001
  0.864194E+000  0.196589E+001
  0.867117E+000  0.197225E+001
  0.870040E+000  0.197861E+001
  0.872965E+000  0.198497E+001
  0.875890E+000  0.199133E+001
  0.878816E+000  0.199769E+001
  0.881742E+000  0.200405E+001
  0.884669E+000  0.201041E+001
  0.887597E+000  0.201676E+001
  0.890525E+000  0.202312E+001
  0.893454E+000  0.202948E+001
  0.896384E+000  0.203584E+001
  0.899314E+000  0.204219E+001
  0.902245E+000  0.204855E+001
  0.905177E+000  0.205491E+001
  0.908109E+000  0.206126E+001
  0.911042E+000  0.206762E+001
  0.913975E+000  0.207398E+001
  0.916910E+000  0.208033E+001
  0.919844E+000  0.208669E+001
  0.922779E+000  0.209304E+001
  0.925715E+000  0.209940E+001
  0.928652E+000  0.210575E+001
  0.931589E+000  0.211210E+001
  0.934526E+000  0.211846E+001
  0.937464E+000  0.212481E+001
  0.940403E+000  0.213116E+001
  0.943342E+000  0.213752E+001
  0.946282E+000  0.214387E+001
  0.949223E+000  0.215022E+001
  0.952164E+000  0.215657E+001
  0.955105E+000  0.216293E+001
  0.958047E+000  0.216928E+001
  0.960990E+000  0.217563E+001
  0.963933E+000  0.218198E+001
  0.966876E+000  0.218833E+001
  0.969821E+000  0.219468E+001
  0.972765E+000  0.220103E+001
  0.975710E+000  0.220738E+001
  0.978656E+000  0.221373E+001
  0.981602E+000  0.222008E+001
  0.984549E+000  0.222643E+001
  0.987497E+000  0.223278E+001
  0.990444E+000  0.223913E+001
  0.993393E+000  0.224548E+001
  0.996341E+000  0.225183E+001
  0.999291E+000  0.225818E+001
  0.100224E+001  0.226453E+001
  0.100519E+001  0.227087E+001
  0.100814E+001  0.227722E+001
  0.101109E+001  0.228357E+001
  0.101404E+001  0.228992E+001
  0.101700E+001  0.229626E+001
  0.101995E+001  0.230261E+001
  0.102290E+001  0.230896E+001
  0.102586E+001  0.231530E+001
  0.102881E+001  0.232165E+001
  0.103177E+001  0.232799E+001
  0.103472E+001  0.233434E+001
  0.103768E+001  0.234069E+001
  0.104063E+001  0.234703E+001
  0.104359E+001  0.235338E+001
  0.104655E+001  0.235972E+001
  0.104950E+001  0.236606E+001
  0.105246E+001  0.237241E+001
  0.105542E+001  0.237875E+001
  0.105838E+001  0.238510E+001
  0.106134E+001  0.239144E+001
  0.106430E+001  0.239778E+001
  0.106726E+001  0.240413E+001
  0.107022E+001  0.241047E+001
  0.107318E+001  0.241681E+001
  0.107614E+001  0.242316E+001
  0.107910E+001  0.242950E+001
  0.108206E+001  0.243584E+001
  0.108503E+001  0.244218E+001
  0.108799E+001  0.244853E+001
  0.109095E+001  0.245487E+001
  0.109392E+001  0.246121E+001
  0.109688E+001  0.246755E+001
  0.109985E+001  0.247389E+001
  0.110281E+001  0.248023E+001
  0.110578E+001  0.248657E+001
  0.110874E+001  0.249291E+001
  0.111171E+001  0.249925E+001
  0.111468E+001  0.250559E+001
  0.111764E+001  0.251193E+001
  0.112061E+001  0.251827E+001
  0.112358E+001  0.252461E+001
  0.112655E+001  0.253095E+001
  0.112952E+001  0.253729E+001
  0.113248E+001  0.254363E+001
  0.113545E+001  0.254997E+001
  0.113842E+001  0.255631E+001
  0.114139E+001  0.256265E+001
  0.114436E+001  0.256899E+001
  0.114733E+001  0.257533E+001
  0.115031E+001  0.258166E+001
  0.115328E+001  0.258800E+001
  0.115625E+001  0.259434E+001
  0.115922E+001  0.260068E+001
  0.116219E+001  0.260702E+001
  0.116516E+001  0.261335E+001
  0.116814E+001  0.261969E+001
  0.117111E+001  0.262603E+001
  0.117408E+001  0.263237E+001
  0.117706E+001  0.263870E+001
  0.118003E+001  0.264504E+001
  0.118300E+001  0.265138E+001
  0.118598E+001  0.265771E+001
  0.118895E+001  0.266405E+001
  0.119193E+001  0.267039E+001
  0.119490E+001  0.267672E+001
  0.119788E+001  0.268306E+001
  0.120085E+001  0.268940E+001
  0.120383E+001  0.269573E+001
  0.120680E+001  0.270207E+001
  0.120978E+001  0.270840E+001
  0.121275E+001  0.271474E+001
  0.121573E+001  0.272108E+001
  0.121871E+001  0.272741E+001
  0.122168E+001  0.273375E+001
  0.122466E+001  0.274008E+001
  0.122764E+001  0.274642E+001
  0.123061E+001  0.275275E+001
  0.123359E+001  0.275909E+001
  0.123657E+001  0.276542E+001
  0.123954E+001  0.277176E+001
  0.124252E+001  0.277810E+001
  0.124550E+001  0.278443E+001
  0.124847E+001  0.279077E+001
  0.125145E+001  0.279710E+001
  0.125443E+001  0.280344E+001
  0.125741E+001  0.280977E+001
  0.126038E+001  0.281611E+001
  0.126336E+001  0.282244E+001
  0.126634E+001  0.282878E+001
  0.126931E+001  0.283511E+001
  0.127229E+001  0.284145E+001
  0.127527E+001  0.284778E+001
  0.127824E+001  0.285412E+001
  0.128122E+001  0.286046E+001
  0.128420E+001  0.286679E+001
  0.128718E+001  0.287313E+001
  0.129015E+001  0.287946E+001
  0.129313E+001  0.288580E+001
  0.129610E+001  0.289213E+001
  0.129908E+001  0.289847E+001
  0.130206E+001  0.290481E+001
  0.130503E+001  0.291114E+001
  0.130801E+001  0.291748E+001
  0.131098E+001  0.292381E+001
  0.131396E+001  0.293015E+001
  0.131694E+001  0.293649E+001
  0.131991E+001  0.294282E+001
  0.132289E+001  0.294916E+001
  0.132586E+001  0.295549E+001
  0.132883E+001  0.296183E+001
  0.133181E+001  0.296817E+001
  0.133478E+001  0.297450E+001
  0.133776E+001  0.298084E+001
  0.134073E+001  0.298718E+001
  0.134370E+001  0.299352E+001
  0.134667E+001  0.299985E+001
  0.134965E+001  0.300619E+001
  0.135262E+001  0.301253E+001
  0.135559E+001  0.301887E+001
  0.135856E+001  0.302521E+001
  0.136153E+001  0.303154E+001
  0.136450E+001  0.303788E+001
  0.136747E+001  0.304422E+001
  0.137044E+001  0.305056E+001
  0.137341E+001  0.305690E+001
  0.137638E+001  0.306324E+001
  0.137935E+001  0.306958E+001
  0.138232E+001  0.307592E+001
  0.138528E+001  0.308226E+001
  0.138825E+001  0.308860E+001
  0.139122E+001  0.309494E+001
  0.139418E+001  0.310128E+001
  0.139715E+001  0.310762E+001
  0.140012E+001  0.311396E+001
  0.140308E+001  0.312030E+001
  0.140604E+001  0.312664E+001
  0.140901E+001  0.313298E+001
  0.141197E+001  0.313933E+001
  0.141493E+001  0.314567E+001
  0.141789E+001  0.315201E+001
  0.142085E+001  0.315835E+001
  0.142382E+001  0.316470E+001
  0.142677E+001  0.317104E+001
  0.142973E+001  0.317738E+001
  0.143269E+001  0.318373E+001
  0.143565E+001  0.319007E+001
  0.143861E+001  0.319642E+001
  0.144156E+001  0.320276E+001
  0.144452E+001  0.320911E+001
  0.144748E+001  0.321545E+001
  0.145043E+001  0.322180E+001
  0.145338E+001  0.322815E+001
  0.145634E+001  0.323449E+001
  0.145929E+001  0.324084E+001
  0.146224E+001  0.324719E+001
  0.146519E+001  0.325353E+001
  0.146814E+001  0.325988E+001
  0.147109E+001  0.326623E+001
  0.147404E+001  0.327258E+001
  0.147699E+001  0.327893E+001
  0.147993E+001  0.328528E+001
  0.148288E+001  0.329163E+001
  0.148583E+001  0.329798E+001
  0.148877E+001  0.330433E+001
  0.149171E+001  0.331068E+001
  0.149466E+001  0.331703E+001
  0.149760E+001  0.332338E+001
  0.150054E+001  0.332973E+001
  0.150348E+001  0.333609E+001
  0.150642E+001  0.334244E+001
  0.150936E+001  0.334879E+001
  0.151230E+001  0.335515E+001
  0.151523E+001  0.336150E+001
  0.151817E+001  0.336786E+001
  0.152110E+001  0.337421E+001
  0.152404E+001  0.338057E+001
  0.152697E+001  0.338692E+001
  0.152990E+001  0.339328E+001
  0.153284E+001  0.339963E+001
  0.153577E+001  0.340599E+001
  0.153870E+001  0.341235E+001
  0.154163E+001  0.341871E+001
  0.154455E+001  0.342506E+001
  0.154748E+001  0.343142E+001
  0.155041E+001  0.343778E+001
  0.155333E+001  0.344414E+001
  0.155625E+001  0.345050E+001
  0.155918E+001  0.345686E+001
  0.156210E+001  0.346322E+001
  0.156502E+001  0.346959E+001
  0.156794E+001  0.347595E+001
  0.157086E+001  0.348231E+001
  0.157378E+001  0.348867E+001
  0.157670E+001  0.349504E+001
  0.157961E+001  0.350140E+001
  0.158253E+001  0.350776E+001
  0.158544E+001  0.351413E+001
  0.158835E+001  0.352049E+001
  0.159127E+001  0.352686E+001
  0.159418E+001  0.353322E+001
  0.159709E+001  0.353959E+001
  0.160000E+001  0.354596E+001
  0.160291E+001  0.355232E+001
  0.160581E+001  0.355869E+001
  0.160872E+001  0.356506E+001
  0.161163E+001  0.357143E+001
  0.161453E+001  0.357780E+001
  0.161743E+001  0.358417E+001
  0.162034E+001  0.359054E+001
  0.162324E+001  0.359691E+001
  0.162614E+001  0.360328E+001
  0.162904E+001  0.360965E+001
  0.163194E+001  0.361602E+001
  0.163483E+001  0.362239E+001
  0.163773E+001  0.362876E+001
  0.164063E+001  0.363514E+001
  0.164352E+001  0.364151E+001
  0.164642E+001  0.364788E+001
  0.164931E+001  0.365426E+001
  0.165220E+001  0.366063E+001
  0.165509E+001  0.366701E+001
  0.165798E+001  0.367338E+001
  0.166087E+001  0.367976E+001
  0.166376E+001  0.368614E+001
  0.166665E+001  0.369251E+001
  0.166954E+001  0.369889E+001
  0.167242E+001  0.370527E+001
  0.167531E+001  0.371165E+001
  0.167819E+001  0.371802E+001
  0.168107E+001  0.372440E+001
  0.168395E+001  0.373078E+001
  0.168684E+001  0.373716E+001
  0.168972E+001  0.374354E+001
  0.169260E+001  0.374992E+001
  0.169547E+001  0.375630E+001
  0.169835E+001  0.376268E+001
  0.170123E+001  0.376906E+001
  0.170411E+001  0.377545E+001
  0.170698E+001  0.378183E+001
  0.170986E+001  0.378821E+001
  0.171273E+001  0.379459E+001
  0.171560E+001  0.380098E+001
  0.171847E+001  0.380736E+001
  0.172135E+001  0.381374E+001
  0.172422E+001  0.382013E+001
  0.172709E+001  0.382651E+001
  0.172995E+001  0.383290E+001
  0.173282E+001  0.383928E+001
  0.173569E+001  0.384567E+001
  0.173856E+001  0.385206E+001
  0.174142E+001  0.385844E+001
  0.174429E+001  0.386483E+001
  0.174715E+001  0.387122E+001
  0.175002E+001  0.387760E+001
  0.175288E+001  0.388399E+001
  0.175574E+001  0.389038E+001
  0.175860E+001  0.389677E+001
  0.176146E+001  0.390316E+001
  0.176432E+001  0.390955E+001
  0.176718E+001  0.391594E+001
  0.177004E+001  0.392232E+001
  0.177290E+001  0.392871E+001
  0.177576E+001  0.393511E+001
  0.177861E+001  0.394150E+001
  0.178147E+001  0.394789E+001
  0.178433E+001  0.395428E+001
  0.178718E+001  0.396067E+001
  0.179004E+001  0.396706E+001
  0.179289E+001  0.397345E+001
  0.179574E+001  0.397984E+001
  0.179860E+001  0.398624E+001
  0.180145E+001  0.399263E+001
  0.180430E+001  0.399902E+001
  0.180715E+001  0.400542E+001
  0.181000E+001  0.401181E+001
  0.181285E+001  0.401820E+001
  0.181570E+001  0.402460E+001
  0.181855E+001  0.403099E+001
  0.182139E+001  0.403739E+001
  0.182424E+001  0.404378E+001
  0.182709E+001  0.405017E+001
  0.182994E+001  0.405657E+001
  0.183278E+001  0.406297E+001
  0.183563E+001  0.406936E+001
  0.183847E+001  0.407576E+001
  0.184132E+001  0.408215E+001
  0.184416E+001  0.408855E+001
  0.184700E+001  0.409495E+001
  0.184985E+001  0.410134E+001
  0.185269E+001  0.410774E+001
  0.185553E+001  0.411414E+001
  0.185837E+001  0.412053E+001
  0.186121E+001  0.412693E+001
  0.186405E+001  0.413333E+001
  0.186690E+001  0.413973E+001
  0.186973E+001  0.414612E+001
  0.187257E+001  0.415252E+001
  0.187541E+001  0.415892E+001
  0.187825E+001  0.416532E+001
  0.188109E+001  0.417172E+001
  0.188393E+001  0.417812E+001
  0.188677E+001  0.418452E+001
  0.188960E+001  0.419092E+001
  0.189244E+001  0.419732E+001
  0.189527E+001  0.420372E+001
  0.189811E+001  0.421012E+001
  0.190095E+001  0.421652E+001
  0.190378E+001  0.422292E+001
  0.190662E+001  0.422932E+001
  0.190945E+001  0.423572E+001
  0.191228E+001  0.424212E+001
  0.191512E+001  0.424852E+001
  0.191795E+001  0.425492E+001
  0.192078E+001  0.426132E+001
  0.192362E+001  0.426772E+001
  0.192645E+001  0.427412E+001
  0.192928E+001  0.428052E+001
  0.193211E+001  0.428693E+001
  0.193494E+001  0.429333E+001
  0.193777E+001  0.429973E+001
  0.194060E+001  0.430613E+001
  0.194344E+001  0.431253E+001
  0.194627E+001  0.431894E+001
  0.194910E+001  0.432534E+001
  0.195192E+001  0.433174E+001
  0.195475E+001  0.433814E+001
  0.195758E+001  0.434455E+001
  0.196041E+001  0.435095E+001
  0.196324E+001  0.435735E+001
  0.196607E+001  0.436376E+001
  0.196889E+001  0.437016E+001
  0.197172E+001  0.437656E+001
  0.197455E+001  0.438297E+001
  0.197738E+001  0.438937E+001
  0.198020E+001  0.439578E+001
  0.198303E+001  0.440218E+001
  0.198586E+001  0.440858E+001
  0.198868E+001  0.441499E+001
  0.199151E+001  0.442139E+001
  0.199433E+001  0.442780E+001
  0.199716E+001  0.443420E+001
  0.199998E+001  0.444061E+001
  0.200281E+001  0.444701E+001
  0.200563E+001  0.445342E+001
  0.200846E+001  0.445982E+001
  0.201128E+001  0.446623E+001
  0.201410E+001  0.447263E+001
  0.201693E+001  0.447904E+001
  0.201975E+001  0.448544E+001
  0.202257E+001  0.449185E+001
  0.202540E+001  0.449825E+001
  0.202822E+001  0.450466E+001
  0.203104E+001  0.451106E+001
  0.203386E+001  0.451747E+001
  0.203668E+001  0.452388E+001
  0.203951E+001  0.453028E+001
  0.204233E+001  0.453669E+001
  0.204515E+001  0.454310E+001
  0.204797E+001  0.454950E+001
  0.205079E+001  0.455591E+001
  0.205361E+001  0.456231E+001
  0.205643E+001  0.456872E+001
  0.205925E+001  0.457513E+001
  0.206207E+001  0.458154E+001
  0.206489E+001  0.458794E+001
  0.206771E+001  0.459435E+001
  0.207053E+001  0.460076E+001
  0.207335E+001  0.460716E+001
  0.207617E+001  0.461357E+001
  0.207899E+001  0.461998E+001
  0.208181E+001  0.462639E+001
  0.208463E+001  0.463279E+001
  0.208744E+001  0.463920E+001
  0.209026E+001  0.464561E+001
  0.209308E+001  0.465202E+001
  0.209590E+001  0.465842E+001
  0.209872E+001  0.466483E+001
  0.210153E+001  0.467124E+001
  0.210435E+001  0.467765E+001
  0.210717E+001  0.468406E+001
  0.210998E+001  0.469046E+001
  0.211280E+001  0.469687E+001
  0.211562E+001  0.470328E+001
  0.211843E+001  0.470969E+001
  0.212125E+001  0.471610E+001
  0.212407E+001  0.472251E+001
  0.212688E+001  0.472891E+001
  0.212970E+001  0.473532E+001
  0.213251E+001  0.474173E+001
  0.213533E+001  0.474814E+001
  0.213814E+001  0.475455E+001
  0.214096E+001  0.476096E+001
  0.214377E+001  0.476737E+001
  0.214659E+001  0.477378E+001
  0.214940E+001  0.478019E+001
  0.215222E+001  0.478660E+001
  0.215503E+001  0.479301E+001
  0.215785E+001  0.479941E+001
  0.216066E+001  0.480582E+001
  0.216347E+001  0.481223E+001
  0.216629E+001  0.481864E+001
  0.216910E+001  0.482505E+001
  0.217191E+001  0.483146E+001
  0.217473E+001  0.483787E+001
  0.217754E+001  0.484428E+001
  0.218035E+001  0.485069E+001
  0.218316E+001  0.485710E+001
  0.218598E+001  0.486351E+001
  0.218879E+001  0.486992E+001
  0.219160E+001  0.487633E+001
  0.219441E+001  0.488274E+001
  0.219723E+001  0.488915E+001
  0.220004E+001  0.489556E+001
  0.220285E+001  0.490197E+001
  0.220566E+001  0.490839E+001
  0.220847E+001  0.491480E+001
  0.221128E+001  0.492121E+001
  0.221409E+001  0.492762E+001
  0.221691E+001  0.493403E+001
  0.221972E+001  0.494044E+001
  0.222253E+001  0.494685E+001
  0.222534E+001  0.495326E+001
  0.222815E+001  0.495967E+001
  0.223096E+001  0.496608E+001
  0.223377E+001  0.497249E+001
  0.223658E+001  0.497891E+001
  0.223939E+001  0.498532E+001
  0.224220E+001  0.499173E+001
  0.224501E+001  0.499814E+001
  0.224782E+001  0.500455E+001
  0.225062E+001  0.501096E+001
  0.225343E+001  0.501738E+001
  0.225624E+001  0.502379E+001
  0.225905E+001  0.503020E+001
  0.226186E+001  0.503661E+001
  0.226467E+001  0.504302E+001
  0.226748E+001  0.504943E+001
  0.227028E+001  0.505585E+001
  0.227309E+001  0.506226E+001
  0.227590E+001  0.506867E+001
  0.227871E+001  0.507508E+001
  0.228152E+001  0.508150E+001
  0.228432E+001  0.508791E+001
  0.228713E+001  0.509432E+001
  0.228994E+001  0.510073E+001
  0.229274E+001  0.510715E+001
  0.229555E+001  0.511356E+001
  0.229836E+001  0.511997E+001
  0.230116E+001  0.512638E+001
  0.230397E+001  0.513280E+001
  0.230678E+001  0.513921E+001
  0.230958E+001  0.514562E+001
  0.231239E+001  0.515204E+001
  0.231519E+001  0.515845E+001
  0.231800E+001  0.516486E+001
  0.232081E+001  0.517127E+001
  0.232361E+001  0.517769E+001
  0.232642E+001  0.518410E+001
  0.232922E+001  0.519051E+001
  0.233203E+001  0.519693E+001
  0.233483E+001  0.520334E+001
  0.233764E+001  0.520976E+001
  0.234044E+001  0.521617E+001
  0.234324E+001  0.522258E+001
  0.234605E+001  0.522900E+001
  0.234885E+001  0.523541E+001
  0.235166E+001  0.524182E+001
  0.235446E+001  0.524824E+001
  0.235726E+001  0.525465E+001
  0.236007E+001  0.526107E+001
  0.236287E+001  0.526748E+001
  0.236567E+001  0.527389E+001
  0.236848E+001  0.528031E+001
  0.237128E+001  0.528672E+001
  0.237408E+001  0.529314E+001
  0.237689E+001  0.529955E+001
  0.237969E+001  0.530597E+001
  0.238249E+001  0.531238E+001
  0.238529E+001  0.531880E+001
  0.238809E+001  0.532521E+001
  0.239090E+001  0.533162E+001
  0.239370E+001  0.533804E+001
  0.239650E+001  0.534445E+001
  0.239930E+001  0.535087E+001
  0.240210E+001  0.535728E+001
  0.240490E+001  0.536370E+001
  0.240771E+001  0.537011E+001
  0.241051E+001  0.537653E+001
  0.241331E+001  0.538295E+001
  0.241611E+001  0.538936E+001
  0.241891E+001  0.539578E+001
  0.242171E+001  0.540219E+001
  0.242451E+001  0.540861E+001
  0.242731E+001  0.541502E+001
  0.243011E+001  0.542144E+001
  0.243291E+001  0.542785E+001
  0.243571E+001  0.543427E+001
  0.243851E+001  0.544069E+001
  0.244131E+001  0.544710E+001
  0.244411E+001  0.545352E+001
  0.244690E+001  0.545993E+001
  0.244970E+001  0.546635E+001
  0.245250E+001  0.547277E+001
  0.245530E+001  0.547918E+001
  0.245810E+001  0.548560E+001
  0.246090E+001  0.549202E+001
  0.246369E+001  0.549843E+001
  0.246649E+001  0.550485E+001
  0.246929E+001  0.551126E+001
  0.247209E+001  0.551768E+001
  0.247489E+001  0.552410E+001
  0.247768E+001  0.553051E+001
  0.248048E+001  0.553693E+001
  0.248328E+001  0.554335E+001
  0.248607E+001  0.554977E+001
  0.248887E+001  0.555618E+001
  0.249167E+001  0.556260E+001
  0.249446E+001  0.556902E+001
  0.249726E+001  0.557543E+001
  0.250006E+001  0.558185E+001
