  0.157392E+000  0.372995E-001
  0.157392E+000  0.372995E-001
  0.159282E+000  0.471193E-001
  0.161554E+000  0.568576E-001
  0.164179E+000  0.665069E-001
  0.167125E+000  0.760632E-001
  0.170362E+000  0.855249E-001
  0.173860E+000  0.948930E-001
  0.177594E+000  0.104170E+000
  0.181539E+000  0.113359E+000
  0.185675E+000  0.122464E+000
  0.189980E+000  0.131489E+000
  0.194439E+000  0.140440E+000
  0.199036E+000  0.149321E+000
  0.203757E+000  0.158136E+000
  0.208591E+000  0.166891E+000
  0.213526E+000  0.175588E+000
  0.218553E+000  0.184233E+000
  0.223663E+000  0.192828E+000
  0.228848E+000  0.201379E+000
  0.234101E+000  0.209888E+000
  0.239416E+000  0.218359E+000
  0.244785E+000  0.226795E+000
  0.250204E+000  0.235200E+000
  0.255665E+000  0.243577E+000
  0.261164E+000  0.251929E+000
  0.266694E+000  0.260261E+000
  0.272249E+000  0.268576E+000
  0.277823E+000  0.276879E+000
  0.283406E+000  0.285175E+000
  0.288991E+000  0.293470E+000
  0.294566E+000  0.301772E+000
  0.300117E+000  0.310089E+000
  0.305628E+000  0.318434E+000
  0.311077E+000  0.326819E+000
  0.316438E+000  0.335260E+000
  0.321681E+000  0.343776E+000
  0.326776E+000  0.352381E+000
  0.331704E+000  0.361082E+000
  0.336468E+000  0.369874E+000
  0.341105E+000  0.378734E+000
  0.345675E+000  0.387629E+000
  0.350250E+000  0.396521E+000
  0.354890E+000  0.405379E+000
  0.359636E+000  0.414181E+000
  0.364507E+000  0.422915E+000
  0.369505E+000  0.431576E+000
  0.374624E+000  0.440167E+000
  0.379852E+000  0.448691E+000
  0.385176E+000  0.457156E+000
  0.390582E+000  0.465569E+000
  0.396057E+000  0.473937E+000
  0.401591E+000  0.482266E+000
  0.407174E+000  0.490563E+000
  0.412798E+000  0.498831E+000
  0.418455E+000  0.507077E+000
  0.424140E+000  0.515304E+000
  0.429849E+000  0.523515E+000
  0.435575E+000  0.531712E+000
  0.441317E+000  0.539900E+000
  0.447071E+000  0.548079E+000
  0.452833E+000  0.556252E+000
  0.458602E+000  0.564420E+000
  0.464375E+000  0.572585E+000
  0.470151E+000  0.580748E+000
  0.475927E+000  0.588911E+000
  0.481703E+000  0.597075E+000
  0.487476E+000  0.605240E+000
  0.493245E+000  0.613408E+000
  0.499010E+000  0.621579E+000
  0.504768E+000  0.629755E+000
  0.510519E+000  0.637936E+000
  0.516261E+000  0.646123E+000
  0.521993E+000  0.654317E+000
  0.527714E+000  0.662519E+000
  0.533424E+000  0.670729E+000
  0.539120E+000  0.678948E+000
  0.544802E+000  0.687176E+000
  0.550469E+000  0.695416E+000
  0.556119E+000  0.703667E+000
  0.561752E+000  0.711929E+000
  0.567365E+000  0.720205E+000
  0.572958E+000  0.728495E+000
  0.578530E+000  0.736799E+000
  0.584079E+000  0.745118E+000
  0.589603E+000  0.753454E+000
  0.595101E+000  0.761806E+000
  0.600573E+000  0.770177E+000
  0.606015E+000  0.778566E+000
  0.611427E+000  0.786976E+000
  0.616806E+000  0.795405E+000
  0.622151E+000  0.803857E+000
  0.627461E+000  0.812331E+000
  0.632733E+000  0.820828E+000
  0.637965E+000  0.829350E+000
  0.643156E+000  0.837898E+000
  0.648302E+000  0.846471E+000
  0.653403E+000  0.855073E+000
  0.658457E+000  0.863702E+000
  0.663460E+000  0.872361E+000
  0.668410E+000  0.881049E+000
  0.673307E+000  0.889768E+000
  0.678147E+000  0.898519E+000
  0.682928E+000  0.907302E+000
  0.687648E+000  0.916118E+000
  0.692306E+000  0.924967E+000
  0.696899E+000  0.933850E+000
  0.701425E+000  0.942767E+000
  0.705884E+000  0.951718E+000
  0.710273E+000  0.960703E+000
  0.714591E+000  0.969723E+000
  0.718837E+000  0.978776E+000
  0.723010E+000  0.987864E+000
  0.727110E+000  0.996985E+000
  0.731137E+000  0.100614E+001
  0.735089E+000  0.101532E+001
  0.738968E+000  0.102454E+001
  0.742774E+000  0.103379E+001
  0.746508E+000  0.104307E+001
  0.750170E+000  0.105237E+001
  0.753763E+000  0.106170E+001
  0.757287E+000  0.107106E+001
  0.760745E+000  0.108044E+001
  0.764138E+000  0.108985E+001
  0.767468E+000  0.109928E+001
  0.770739E+000  0.110873E+001
  0.773951E+000  0.111820E+001
  0.777109E+000  0.112769E+001
  0.780214E+000  0.113719E+001
  0.783269E+000  0.114672E+001
  0.786277E+000  0.115625E+001
  0.789241E+000  0.116580E+001
  0.792163E+000  0.117537E+001
  0.795047E+000  0.118494E+001
  0.797893E+000  0.119453E+001
  0.800706E+000  0.120413E+001
  0.803488E+000  0.121373E+001
  0.806241E+000  0.122334E+001
  0.808968E+000  0.123297E+001
  0.811671E+000  0.124259E+001
  0.814352E+000  0.125223E+001
  0.817013E+000  0.126187E+001
  0.819656E+000  0.127151E+001
  0.822283E+000  0.128116E+001
  0.824897E+000  0.129081E+001
  0.827498E+000  0.130047E+001
  0.830088E+000  0.131013E+001
  0.832669E+000  0.131979E+001
  0.835243E+000  0.132945E+001
  0.837810E+000  0.133912E+001
  0.840372E+000  0.134878E+001
  0.842931E+000  0.135845E+001
  0.845487E+000  0.136812E+001
  0.848042E+000  0.137778E+001
  0.850596E+000  0.138745E+001
  0.853150E+000  0.139712E+001
  0.855706E+000  0.140679E+001
  0.858264E+000  0.141646E+001
  0.860825E+000  0.142612E+001
  0.863390E+000  0.143579E+001
  0.865959E+000  0.144545E+001
  0.868533E+000  0.145512E+001
  0.871112E+000  0.146478E+001
  0.873698E+000  0.147444E+001
  0.876290E+000  0.148410E+001
  0.878889E+000  0.149375E+001
  0.881496E+000  0.150341E+001
  0.884111E+000  0.151306E+001
  0.886734E+000  0.152271E+001
  0.889365E+000  0.153236E+001
  0.892005E+000  0.154200E+001
  0.894655E+000  0.155164E+001
  0.897314E+000  0.156128E+001
  0.899982E+000  0.157092E+001
  0.902661E+000  0.158056E+001
  0.905349E+000  0.159019E+001
  0.908048E+000  0.159982E+001
  0.910757E+000  0.160944E+001
  0.913477E+000  0.161907E+001
  0.916207E+000  0.162869E+001
  0.918948E+000  0.163830E+001
  0.921701E+000  0.164792E+001
  0.924464E+000  0.165753E+001
  0.927238E+000  0.166713E+001
  0.930023E+000  0.167674E+001
  0.932820E+000  0.168634E+001
  0.935627E+000  0.169594E+001
  0.938446E+000  0.170553E+001
  0.941277E+000  0.171512E+001
  0.944118E+000  0.172471E+001
  0.946971E+000  0.173430E+001
  0.949835E+000  0.174388E+001
  0.952710E+000  0.175345E+001
  0.955597E+000  0.176303E+001
  0.958495E+000  0.177260E+001
  0.961404E+000  0.178217E+001
  0.964325E+000  0.179173E+001
  0.967257E+000  0.180129E+001
  0.970199E+000  0.181085E+001
  0.973153E+000  0.182040E+001
  0.976118E+000  0.182995E+001
  0.979095E+000  0.183950E+001
  0.982082E+000  0.184904E+001
  0.985080E+000  0.185858E+001
  0.988088E+000  0.186812E+001
  0.991108E+000  0.187765E+001
  0.994138E+000  0.188718E+001
  0.997180E+000  0.189671E+001
  0.100023E+001  0.190623E+001
  0.100329E+001  0.191575E+001
  0.100637E+001  0.192527E+001
  0.100945E+001  0.193478E+001
  0.101254E+001  0.194429E+001
  0.101565E+001  0.195380E+001
  0.101876E+001  0.196330E+001
  0.102189E+001  0.197280E+001
  0.102502E+001  0.198229E+001
  0.102816E+001  0.199179E+001
  0.103132E+001  0.200128E+001
  0.103448E+001  0.201076E+001
  0.103766E+001  0.202025E+001
  0.104084E+001  0.202973E+001
  0.104403E+001  0.203920E+001
  0.104723E+001  0.204868E+001
  0.105045E+001  0.205815E+001
  0.105367E+001  0.206761E+001
  0.105690E+001  0.207708E+001
  0.106014E+001  0.208654E+001
  0.106339E+001  0.209599E+001
  0.106664E+001  0.210545E+001
  0.106991E+001  0.211490E+001
  0.107319E+001  0.212435E+001
  0.107647E+001  0.213379E+001
  0.107976E+001  0.214324E+001
  0.108307E+001  0.215268E+001
  0.108638E+001  0.216211E+001
  0.108970E+001  0.217154E+001
  0.109302E+001  0.218098E+001
  0.109636E+001  0.219040E+001
  0.109970E+001  0.219983E+001
  0.110305E+001  0.220925E+001
  0.110641E+001  0.221867E+001
  0.110978E+001  0.222808E+001
  0.111316E+001  0.223750E+001
  0.111654E+001  0.224690E+001
  0.111994E+001  0.225631E+001
  0.112334E+001  0.226572E+001
  0.112674E+001  0.227512E+001
  0.113016E+001  0.228452E+001
  0.113358E+001  0.229391E+001
  0.113701E+001  0.230331E+001
  0.114045E+001  0.231270E+001
  0.114389E+001  0.232208E+001
  0.114734E+001  0.233147E+001
  0.115080E+001  0.234085E+001
  0.115427E+001  0.235023E+001
  0.115774E+001  0.235961E+001
  0.116122E+001  0.236898E+001
  0.116471E+001  0.237836E+001
  0.116821E+001  0.238773E+001
  0.117171E+001  0.239709E+001
  0.117522E+001  0.240646E+001
  0.117873E+001  0.241582E+001
  0.118225E+001  0.242518E+001
  0.118578E+001  0.243454E+001
  0.118931E+001  0.244389E+001
  0.119285E+001  0.245324E+001
  0.119640E+001  0.246259E+001
  0.119996E+001  0.247194E+001
  0.120352E+001  0.248128E+001
  0.120708E+001  0.249063E+001
  0.121065E+001  0.249997E+001
  0.121423E+001  0.250931E+001
  0.121782E+001  0.251864E+001
  0.122141E+001  0.252797E+001
  0.122501E+001  0.253730E+001
  0.122861E+001  0.254663E+001
  0.123222E+001  0.255596E+001
  0.123583E+001  0.256528E+001
  0.123945E+001  0.257460E+001
  0.124308E+001  0.258392E+001
  0.124671E+001  0.259324E+001
  0.125035E+001  0.260256E+001
  0.125399E+001  0.261187E+001
  0.125764E+001  0.262118E+001
  0.126129E+001  0.263049E+001
  0.126495E+001  0.263979E+001
  0.126862E+001  0.264910E+001
  0.127229E+001  0.265840E+001
  0.127596E+001  0.266770E+001
  0.127964E+001  0.267700E+001
  0.128333E+001  0.268629E+001
  0.128702E+001  0.269559E+001
  0.129072E+001  0.270488E+001
  0.129442E+001  0.271417E+001
  0.129813E+001  0.272346E+001
  0.130184E+001  0.273274E+001
  0.130556E+001  0.274203E+001
  0.130928E+001  0.275131E+001
  0.131301E+001  0.276059E+001
  0.131674E+001  0.276986E+001
  0.132048E+001  0.277914E+001
  0.132422E+001  0.278841E+001
  0.132797E+001  0.279768E+001
  0.133172E+001  0.280695E+001
  0.133548E+001  0.281622E+001
  0.133924E+001  0.282549E+001
  0.134301E+001  0.283475E+001
  0.134678E+001  0.284401E+001
  0.135055E+001  0.285327E+001
  0.135433E+001  0.286253E+001
  0.135812E+001  0.287178E+001
  0.136191E+001  0.288104E+001
  0.136570E+001  0.289029E+001
  0.136950E+001  0.289954E+001
  0.137331E+001  0.290879E+001
  0.137712E+001  0.291803E+001
  0.138093E+001  0.292728E+001
  0.138475E+001  0.293652E+001
  0.138857E+001  0.294576E+001
  0.139239E+001  0.295500E+001
  0.139623E+001  0.296424E+001
  0.140006E+001  0.297347E+001
  0.140390E+001  0.298271E+001
  0.140775E+001  0.299194E+001
  0.141159E+001  0.300117E+001
  0.141545E+001  0.301040E+001
  0.141930E+001  0.301962E+001
  0.142317E+001  0.302885E+001
  0.142703E+001  0.303807E+001
  0.143090E+001  0.304729E+001
  0.143478E+001  0.305651E+001
  0.143866E+001  0.306573E+001
  0.144254E+001  0.307494E+001
  0.144643E+001  0.308415E+001
  0.145032E+001  0.309337E+001
  0.145421E+001  0.310258E+001
  0.145811E+001  0.311178E+001
  0.146202E+001  0.312099E+001
  0.146593E+001  0.313019E+001
  0.146984E+001  0.313940E+001
  0.147376E+001  0.314860E+001
  0.147768E+001  0.315780E+001
  0.148160E+001  0.316699E+001
  0.148553E+001  0.317619E+001
  0.148947E+001  0.318538E+001
  0.149340E+001  0.319458E+001
  0.149735E+001  0.320377E+001
  0.150129E+001  0.321296E+001
  0.150524E+001  0.322214E+001
  0.150920E+001  0.323133E+001
  0.151315E+001  0.324051E+001
  0.151712E+001  0.324969E+001
  0.152108E+001  0.325887E+001
  0.152505E+001  0.326805E+001
  0.152903E+001  0.327723E+001
  0.153300E+001  0.328640E+001
  0.153699E+001  0.329557E+001
  0.154097E+001  0.330475E+001
  0.154496E+001  0.331391E+001
  0.154896E+001  0.332308E+001
  0.155296E+001  0.333225E+001
  0.155696E+001  0.334141E+001
  0.156096E+001  0.335058E+001
  0.156497E+001  0.335974E+001
  0.156899E+001  0.336890E+001
  0.157300E+001  0.337805E+001
  0.157702E+001  0.338721E+001
  0.158105E+001  0.339636E+001
  0.158508E+001  0.340552E+001
  0.158911E+001  0.341467E+001
  0.159315E+001  0.342382E+001
  0.159719E+001  0.343296E+001
  0.160123E+001  0.344211E+001
  0.160528E+001  0.345125E+001
  0.160933E+001  0.346040E+001
  0.161339E+001  0.346954E+001
  0.161744E+001  0.347868E+001
  0.162151E+001  0.348781E+001
  0.162557E+001  0.349695E+001
  0.162964E+001  0.350608E+001
  0.163372E+001  0.351522E+001
  0.163779E+001  0.352435E+001
  0.164187E+001  0.353348E+001
  0.164596E+001  0.354261E+001
  0.165004E+001  0.355173E+001
  0.165413E+001  0.356086E+001
  0.165823E+001  0.356998E+001
  0.166232E+001  0.357910E+001
  0.166642E+001  0.358823E+001
  0.167053E+001  0.359734E+001
  0.167463E+001  0.360646E+001
  0.167874E+001  0.361558E+001
  0.168286E+001  0.362469E+001
  0.168697E+001  0.363381E+001
  0.169109E+001  0.364292E+001
  0.169522E+001  0.365203E+001
  0.169934E+001  0.366114E+001
  0.170347E+001  0.367025E+001
  0.170760E+001  0.367935E+001
  0.171174E+001  0.368846E+001
  0.171587E+001  0.369756E+001
  0.172001E+001  0.370667E+001
  0.172416E+001  0.371577E+001
  0.172830E+001  0.372487E+001
  0.173245E+001  0.373397E+001
  0.173660E+001  0.374306E+001
  0.174076E+001  0.375216E+001
  0.174492E+001  0.376125E+001
  0.174907E+001  0.377035E+001
  0.175324E+001  0.377944E+001
  0.175740E+001  0.378853E+001
  0.176157E+001  0.379762E+001
  0.176574E+001  0.380671E+001
  0.176991E+001  0.381580E+001
  0.177408E+001  0.382489E+001
  0.177826E+001  0.383397E+001
  0.178244E+001  0.384306E+001
  0.178662E+001  0.385214E+001
  0.179080E+001  0.386122E+001
  0.179499E+001  0.387031E+001
  0.179918E+001  0.387939E+001
  0.180337E+001  0.388847E+001
  0.180756E+001  0.389755E+001
  0.181175E+001  0.390662E+001
  0.181595E+001  0.391570E+001
  0.182015E+001  0.392478E+001
  0.182435E+001  0.393385E+001
  0.182855E+001  0.394293E+001
  0.183275E+001  0.395200E+001
  0.183696E+001  0.396107E+001
  0.184117E+001  0.397015E+001
  0.184537E+001  0.397922E+001
  0.184958E+001  0.398829E+001
  0.185380E+001  0.399736E+001
  0.185801E+001  0.400643E+001
  0.186223E+001  0.401549E+001
  0.186644E+001  0.402456E+001
  0.187066E+001  0.403363E+001
  0.187488E+001  0.404269E+001
  0.187910E+001  0.405176E+001
  0.188333E+001  0.406082E+001
  0.188755E+001  0.406989E+001
  0.189178E+001  0.407895E+001
  0.189600E+001  0.408801E+001
  0.190023E+001  0.409708E+001
  0.190446E+001  0.410614E+001
  0.190869E+001  0.411520E+001
  0.191293E+001  0.412426E+001
  0.191716E+001  0.413332E+001
  0.192139E+001  0.414238E+001
  0.192563E+001  0.415144E+001
  0.192987E+001  0.416049E+001
  0.193410E+001  0.416955E+001
  0.193834E+001  0.417861E+001
  0.194258E+001  0.418766E+001
  0.194682E+001  0.419672E+001
  0.195107E+001  0.420578E+001
  0.195531E+001  0.421483E+001
  0.195955E+001  0.422389E+001
  0.196380E+001  0.423294E+001
  0.196804E+001  0.424199E+001
  0.197229E+001  0.425105E+001
  0.197654E+001  0.426010E+001
  0.198079E+001  0.426915E+001
  0.198504E+001  0.427821E+001
  0.198929E+001  0.428726E+001
  0.199354E+001  0.429631E+001
  0.199779E+001  0.430536E+001
  0.200204E+001  0.431441E+001
  0.200629E+001  0.432346E+001
  0.201055E+001  0.433251E+001
  0.201480E+001  0.434156E+001
  0.201906E+001  0.435061E+001
  0.202331E+001  0.435966E+001
  0.202757E+001  0.436871E+001
  0.203183E+001  0.437776E+001
  0.203608E+001  0.438681E+001
  0.204034E+001  0.439586E+001
  0.204460E+001  0.440490E+001
  0.204886E+001  0.441395E+001
  0.205312E+001  0.442300E+001
  0.205738E+001  0.443205E+001
  0.206164E+001  0.444109E+001
  0.206590E+001  0.445014E+001
  0.207016E+001  0.445919E+001
  0.207442E+001  0.446823E+001
  0.207869E+001  0.447728E+001
  0.208295E+001  0.448632E+001
  0.208721E+001  0.449537E+001
  0.209148E+001  0.450441E+001
  0.209574E+001  0.451346E+001
  0.210000E+001  0.452251E+001
  0.210427E+001  0.453155E+001
  0.210853E+001  0.454060E+001
  0.211280E+001  0.454964E+001
  0.211707E+001  0.455868E+001
  0.212133E+001  0.456773E+001
  0.212560E+001  0.457677E+001
  0.212987E+001  0.458582E+001
  0.213413E+001  0.459486E+001
  0.213840E+001  0.460390E+001
  0.214267E+001  0.461295E+001
  0.214694E+001  0.462199E+001
  0.215120E+001  0.463103E+001
  0.215547E+001  0.464008E+001
  0.215974E+001  0.464912E+001
  0.216401E+001  0.465816E+001
  0.216828E+001  0.466721E+001
  0.217255E+001  0.467625E+001
  0.217682E+001  0.468529E+001
  0.218109E+001  0.469434E+001
  0.218536E+001  0.470338E+001
  0.218963E+001  0.471242E+001
  0.219390E+001  0.472146E+001
  0.219817E+001  0.473051E+001
  0.220244E+001  0.473955E+001
  0.220671E+001  0.474859E+001
  0.221098E+001  0.475763E+001
  0.221525E+001  0.476668E+001
  0.221952E+001  0.477572E+001
  0.222379E+001  0.478476E+001
  0.222806E+001  0.479380E+001
  0.223233E+001  0.480284E+001
  0.223660E+001  0.481189E+001
  0.224088E+001  0.482093E+001
  0.224515E+001  0.482997E+001
  0.224942E+001  0.483901E+001
  0.225369E+001  0.484805E+001
  0.225796E+001  0.485709E+001
  0.226223E+001  0.486614E+001
  0.226650E+001  0.487518E+001
  0.227078E+001  0.488422E+001
  0.227505E+001  0.489326E+001
  0.227932E+001  0.490230E+001
  0.228359E+001  0.491134E+001
  0.228786E+001  0.492039E+001
  0.229214E+001  0.492943E+001
  0.229641E+001  0.493847E+001
  0.230068E+001  0.494751E+001
  0.230495E+001  0.495655E+001
  0.230922E+001  0.496559E+001
  0.231350E+001  0.497464E+001
  0.231777E+001  0.498368E+001
  0.232204E+001  0.499272E+001
  0.232631E+001  0.500176E+001
  0.233058E+001  0.501080E+001
  0.233485E+001  0.501984E+001
  0.233913E+001  0.502889E+001
  0.234340E+001  0.503793E+001
  0.234767E+001  0.504697E+001
  0.235194E+001  0.505601E+001
  0.235621E+001  0.506505E+001
  0.236049E+001  0.507409E+001
  0.236476E+001  0.508314E+001
  0.236903E+001  0.509218E+001
  0.237330E+001  0.510122E+001
  0.237757E+001  0.511026E+001
  0.238184E+001  0.511930E+001
  0.238611E+001  0.512834E+001
  0.239039E+001  0.513739E+001
  0.239466E+001  0.514643E+001
  0.239893E+001  0.515547E+001
  0.240320E+001  0.516451E+001
  0.240747E+001  0.517355E+001
  0.241174E+001  0.518260E+001
  0.241601E+001  0.519164E+001
  0.242028E+001  0.520068E+001
  0.242455E+001  0.520972E+001
  0.242882E+001  0.521877E+001
  0.243309E+001  0.522781E+001
  0.243736E+001  0.523685E+001
  0.244163E+001  0.524589E+001
  0.244590E+001  0.525494E+001
  0.245017E+001  0.526398E+001
  0.245444E+001  0.527302E+001
  0.245871E+001  0.528206E+001
  0.246298E+001  0.529111E+001
  0.246725E+001  0.530015E+001
  0.247152E+001  0.530919E+001
  0.247579E+001  0.531823E+001
  0.248006E+001  0.532728E+001
  0.248433E+001  0.533632E+001
  0.248860E+001  0.534536E+001
  0.249287E+001  0.535441E+001
  0.249714E+001  0.536345E+001
  0.250141E+001  0.537249E+001
