  0.526490E+000  0.346930E-001
  0.526490E+000  0.346930E-001
  0.527151E+000  0.446711E-001
  0.527975E+000  0.546371E-001
  0.528957E+000  0.645888E-001
  0.530094E+000  0.745239E-001
  0.531383E+000  0.844405E-001
  0.532819E+000  0.943369E-001
  0.534397E+000  0.104212E+000
  0.536113E+000  0.114063E+000
  0.537963E+000  0.123891E+000
  0.539940E+000  0.133693E+000
  0.542040E+000  0.143470E+000
  0.544258E+000  0.153221E+000
  0.546590E+000  0.162945E+000
  0.549030E+000  0.172643E+000
  0.551575E+000  0.182314E+000
  0.554218E+000  0.191958E+000
  0.556957E+000  0.201576E+000
  0.559787E+000  0.211167E+000
  0.562703E+000  0.220733E+000
  0.565702E+000  0.230272E+000
  0.568781E+000  0.239786E+000
  0.571936E+000  0.249276E+000
  0.575163E+000  0.258741E+000
  0.578459E+000  0.268182E+000
  0.581821E+000  0.277600E+000
  0.585247E+000  0.286995E+000
  0.588733E+000  0.296367E+000
  0.592278E+000  0.305718E+000
  0.595878E+000  0.315048E+000
  0.599531E+000  0.324356E+000
  0.603235E+000  0.333645E+000
  0.606988E+000  0.342914E+000
  0.610788E+000  0.352164E+000
  0.614633E+000  0.361395E+000
  0.618521E+000  0.370608E+000
  0.622451E+000  0.379804E+000
  0.626420E+000  0.388982E+000
  0.630428E+000  0.398144E+000
  0.634472E+000  0.407290E+000
  0.638552E+000  0.416420E+000
  0.642666E+000  0.425534E+000
  0.646813E+000  0.434634E+000
  0.650991E+000  0.443719E+000
  0.655199E+000  0.452791E+000
  0.659436E+000  0.461849E+000
  0.663702E+000  0.470893E+000
  0.667994E+000  0.479925E+000
  0.672313E+000  0.488945E+000
  0.676656E+000  0.497952E+000
  0.681024E+000  0.506948E+000
  0.685414E+000  0.515932E+000
  0.689827E+000  0.524906E+000
  0.694262E+000  0.533869E+000
  0.698717E+000  0.542822E+000
  0.703192E+000  0.551765E+000
  0.707686E+000  0.560698E+000
  0.712199E+000  0.569622E+000
  0.716729E+000  0.578537E+000
  0.721276E+000  0.587443E+000
  0.725840E+000  0.596341E+000
  0.730419E+000  0.605231E+000
  0.735013E+000  0.614114E+000
  0.739621E+000  0.622989E+000
  0.744242E+000  0.631856E+000
  0.748877E+000  0.640718E+000
  0.753524E+000  0.649572E+000
  0.758183E+000  0.658421E+000
  0.762852E+000  0.667264E+000
  0.767532E+000  0.676101E+000
  0.772222E+000  0.684933E+000
  0.776920E+000  0.693761E+000
  0.781627E+000  0.702584E+000
  0.786341E+000  0.711403E+000
  0.791063E+000  0.720218E+000
  0.795790E+000  0.729030E+000
  0.800523E+000  0.737839E+000
  0.805260E+000  0.746646E+000
  0.810000E+000  0.755451E+000
  0.814742E+000  0.764255E+000
  0.819486E+000  0.773058E+000
  0.824230E+000  0.781861E+000
  0.828973E+000  0.790665E+000
  0.833712E+000  0.799471E+000
  0.838448E+000  0.808278E+000
  0.843177E+000  0.817090E+000
  0.847897E+000  0.825905E+000
  0.852607E+000  0.834727E+000
  0.857304E+000  0.843555E+000
  0.861984E+000  0.852392E+000
  0.866645E+000  0.861240E+000
  0.871283E+000  0.870099E+000
  0.875893E+000  0.878973E+000
  0.880474E+000  0.887862E+000
  0.885019E+000  0.896769E+000
  0.889527E+000  0.905696E+000
  0.893994E+000  0.914643E+000
  0.898420E+000  0.923610E+000
  0.902804E+000  0.932598E+000
  0.907149E+000  0.941604E+000
  0.911460E+000  0.950627E+000
  0.915744E+000  0.959663E+000
  0.920010E+000  0.968708E+000
  0.924267E+000  0.977756E+000
  0.928526E+000  0.986804E+000
  0.932796E+000  0.995847E+000
  0.937086E+000  0.100488E+001
  0.941405E+000  0.101390E+001
  0.945760E+000  0.102290E+001
  0.950155E+000  0.103188E+001
  0.954596E+000  0.104084E+001
  0.959086E+000  0.104978E+001
  0.963627E+000  0.105869E+001
  0.968220E+000  0.106757E+001
  0.972867E+000  0.107643E+001
  0.977568E+000  0.108525E+001
  0.982322E+000  0.109405E+001
  0.987130E+000  0.110282E+001
  0.991991E+000  0.111156E+001
  0.996904E+000  0.112027E+001
  0.100187E+001  0.112895E+001
  0.100688E+001  0.113760E+001
  0.101194E+001  0.114622E+001
  0.101705E+001  0.115482E+001
  0.102221E+001  0.116339E+001
  0.102740E+001  0.117193E+001
  0.103264E+001  0.118045E+001
  0.103793E+001  0.118894E+001
  0.104325E+001  0.119741E+001
  0.104861E+001  0.120585E+001
  0.105400E+001  0.121427E+001
  0.105943E+001  0.122267E+001
  0.106490E+001  0.123104E+001
  0.107039E+001  0.123940E+001
  0.107592E+001  0.124773E+001
  0.108147E+001  0.125605E+001
  0.108705E+001  0.126434E+001
  0.109266E+001  0.127262E+001
  0.109829E+001  0.128089E+001
  0.110395E+001  0.128913E+001
  0.110963E+001  0.129737E+001
  0.111532E+001  0.130559E+001
  0.112104E+001  0.131379E+001
  0.112677E+001  0.132199E+001
  0.113251E+001  0.133018E+001
  0.113825E+001  0.133836E+001
  0.114398E+001  0.134656E+001
  0.114959E+001  0.135484E+001
  0.115480E+001  0.136337E+001
  0.115961E+001  0.137214E+001
  0.116428E+001  0.138098E+001
  0.116890E+001  0.138985E+001
  0.117348E+001  0.139874E+001
  0.117804E+001  0.140764E+001
  0.118257E+001  0.141655E+001
  0.118708E+001  0.142548E+001
  0.119157E+001  0.143442E+001
  0.119604E+001  0.144336E+001
  0.120048E+001  0.145232E+001
  0.120490E+001  0.146129E+001
  0.120930E+001  0.147027E+001
  0.121368E+001  0.147926E+001
  0.121804E+001  0.148826E+001
  0.122237E+001  0.149728E+001
  0.122668E+001  0.150630E+001
  0.123096E+001  0.151533E+001
  0.123522E+001  0.152438E+001
  0.123946E+001  0.153344E+001
  0.124368E+001  0.154251E+001
  0.124787E+001  0.155159E+001
  0.125203E+001  0.156068E+001
  0.125618E+001  0.156978E+001
  0.126030E+001  0.157889E+001
  0.126439E+001  0.158801E+001
  0.126846E+001  0.159715E+001
  0.127251E+001  0.160629E+001
  0.127653E+001  0.161545E+001
  0.128052E+001  0.162462E+001
  0.128450E+001  0.163379E+001
  0.128845E+001  0.164298E+001
  0.129237E+001  0.165218E+001
  0.129627E+001  0.166139E+001
  0.130015E+001  0.167060E+001
  0.130400E+001  0.167983E+001
  0.130783E+001  0.168907E+001
  0.131164E+001  0.169831E+001
  0.131543E+001  0.170757E+001
  0.131919E+001  0.171684E+001
  0.132293E+001  0.172611E+001
  0.132664E+001  0.173540E+001
  0.133034E+001  0.174469E+001
  0.133401E+001  0.175399E+001
  0.133766E+001  0.176330E+001
  0.134129E+001  0.177262E+001
  0.134490E+001  0.178194E+001
  0.134849E+001  0.179128E+001
  0.135205E+001  0.180062E+001
  0.135560E+001  0.180997E+001
  0.135913E+001  0.181933E+001
  0.136264E+001  0.182869E+001
  0.136613E+001  0.183806E+001
  0.136960E+001  0.184744E+001
  0.137306E+001  0.185682E+001
  0.137649E+001  0.186621E+001
  0.137991E+001  0.187561E+001
  0.138332E+001  0.188501E+001
  0.138670E+001  0.189442E+001
  0.139007E+001  0.190384E+001
  0.139343E+001  0.191326E+001
  0.139677E+001  0.192268E+001
  0.140009E+001  0.193212E+001
  0.140340E+001  0.194155E+001
  0.140670E+001  0.195099E+001
  0.140998E+001  0.196044E+001
  0.141325E+001  0.196989E+001
  0.141651E+001  0.197934E+001
  0.141976E+001  0.198880E+001
  0.142299E+001  0.199826E+001
  0.142622E+001  0.200773E+001
  0.142943E+001  0.201720E+001
  0.143263E+001  0.202667E+001
  0.143582E+001  0.203615E+001
  0.143900E+001  0.204563E+001
  0.144218E+001  0.205511E+001
  0.144534E+001  0.206460E+001
  0.144849E+001  0.207409E+001
  0.145164E+001  0.208358E+001
  0.145478E+001  0.209308E+001
  0.145791E+001  0.210257E+001
  0.146104E+001  0.211207E+001
  0.146416E+001  0.212157E+001
  0.146727E+001  0.213108E+001
  0.147037E+001  0.214058E+001
  0.147347E+001  0.215009E+001
  0.147657E+001  0.215960E+001
  0.147966E+001  0.216911E+001
  0.148274E+001  0.217862E+001
  0.148582E+001  0.218814E+001
  0.148890E+001  0.219765E+001
  0.149197E+001  0.220717E+001
  0.149504E+001  0.221668E+001
  0.149811E+001  0.222620E+001
  0.150117E+001  0.223572E+001
  0.150423E+001  0.224524E+001
  0.150729E+001  0.225476E+001
  0.151034E+001  0.226428E+001
  0.151340E+001  0.227381E+001
  0.151645E+001  0.228333E+001
  0.151950E+001  0.229285E+001
  0.152255E+001  0.230238E+001
  0.152560E+001  0.231190E+001
  0.152865E+001  0.232143E+001
  0.153169E+001  0.233095E+001
  0.153474E+001  0.234047E+001
  0.153779E+001  0.235000E+001
  0.154083E+001  0.235952E+001
  0.154388E+001  0.236905E+001
  0.154693E+001  0.237857E+001
  0.154997E+001  0.238810E+001
  0.155302E+001  0.239762E+001
  0.155607E+001  0.240714E+001
  0.155912E+001  0.241667E+001
  0.156217E+001  0.242619E+001
  0.156523E+001  0.243571E+001
  0.156828E+001  0.244524E+001
  0.157134E+001  0.245476E+001
  0.157440E+001  0.246428E+001
  0.157746E+001  0.247380E+001
  0.158052E+001  0.248332E+001
  0.158358E+001  0.249284E+001
  0.158665E+001  0.250236E+001
  0.158972E+001  0.251187E+001
  0.159279E+001  0.252139E+001
  0.159586E+001  0.253091E+001
  0.159894E+001  0.254042E+001
  0.160202E+001  0.254994E+001
  0.160510E+001  0.255945E+001
  0.160818E+001  0.256896E+001
  0.161127E+001  0.257847E+001
  0.161436E+001  0.258798E+001
  0.161746E+001  0.259749E+001
  0.162056E+001  0.260700E+001
  0.162366E+001  0.261651E+001
  0.162676E+001  0.262601E+001
  0.162987E+001  0.263552E+001
  0.163298E+001  0.264502E+001
  0.163610E+001  0.265452E+001
  0.163922E+001  0.266402E+001
  0.164234E+001  0.267352E+001
  0.164547E+001  0.268302E+001
  0.164860E+001  0.269252E+001
  0.165173E+001  0.270201E+001
  0.165487E+001  0.271151E+001
  0.165801E+001  0.272100E+001
  0.166116E+001  0.273049E+001
  0.166431E+001  0.273998E+001
  0.166747E+001  0.274947E+001
  0.167063E+001  0.275896E+001
  0.167379E+001  0.276845E+001
  0.167696E+001  0.277793E+001
  0.168013E+001  0.278742E+001
  0.168331E+001  0.279690E+001
  0.168649E+001  0.280638E+001
  0.168968E+001  0.281586E+001
  0.169287E+001  0.282534E+001
  0.169606E+001  0.283481E+001
  0.169926E+001  0.284429E+001
  0.170246E+001  0.285376E+001
  0.170567E+001  0.286323E+001
  0.170888E+001  0.287270E+001
  0.171210E+001  0.288217E+001
  0.171532E+001  0.289164E+001
  0.171855E+001  0.290110E+001
  0.172178E+001  0.291057E+001
  0.172501E+001  0.292003E+001
  0.172825E+001  0.292949E+001
  0.173150E+001  0.293895E+001
  0.173475E+001  0.294840E+001
  0.173800E+001  0.295786E+001
  0.174126E+001  0.296731E+001
  0.174452E+001  0.297677E+001
  0.174779E+001  0.298622E+001
  0.175106E+001  0.299567E+001
  0.175434E+001  0.300511E+001
  0.175762E+001  0.301456E+001
  0.176091E+001  0.302401E+001
  0.176420E+001  0.303345E+001
  0.176750E+001  0.304289E+001
  0.177080E+001  0.305233E+001
  0.177410E+001  0.306177E+001
  0.177741E+001  0.307120E+001
  0.178073E+001  0.308064E+001
  0.178405E+001  0.309007E+001
  0.178737E+001  0.309950E+001
  0.179070E+001  0.310893E+001
  0.179403E+001  0.311836E+001
  0.179737E+001  0.312779E+001
  0.180072E+001  0.313721E+001
  0.180406E+001  0.314663E+001
  0.180741E+001  0.315606E+001
  0.181077E+001  0.316547E+001
  0.181413E+001  0.317489E+001
  0.181750E+001  0.318431E+001
  0.182087E+001  0.319372E+001
  0.182424E+001  0.320314E+001
  0.182762E+001  0.321255E+001
  0.183101E+001  0.322196E+001
  0.183440E+001  0.323137E+001
  0.183779E+001  0.324077E+001
  0.184119E+001  0.325018E+001
  0.184459E+001  0.325958E+001
  0.184800E+001  0.326898E+001
  0.185141E+001  0.327838E+001
  0.185483E+001  0.328778E+001
  0.185825E+001  0.329718E+001
  0.186167E+001  0.330657E+001
  0.186510E+001  0.331597E+001
  0.186854E+001  0.332536E+001
  0.187197E+001  0.333475E+001
  0.187542E+001  0.334414E+001
  0.187886E+001  0.335353E+001
  0.188232E+001  0.336291E+001
  0.188577E+001  0.337230E+001
  0.188923E+001  0.338168E+001
  0.189270E+001  0.339106E+001
  0.189617E+001  0.340044E+001
  0.189964E+001  0.340981E+001
  0.190312E+001  0.341919E+001
  0.190660E+001  0.342856E+001
  0.191008E+001  0.343794E+001
  0.191357E+001  0.344731E+001
  0.191707E+001  0.345668E+001
  0.192057E+001  0.346605E+001
  0.192407E+001  0.347541E+001
  0.192758E+001  0.348478E+001
  0.193109E+001  0.349414E+001
  0.193461E+001  0.350350E+001
  0.193812E+001  0.351286E+001
  0.194165E+001  0.352222E+001
  0.194518E+001  0.353158E+001
  0.194871E+001  0.354093E+001
  0.195224E+001  0.355029E+001
  0.195578E+001  0.355964E+001
  0.195933E+001  0.356899E+001
  0.196288E+001  0.357834E+001
  0.196643E+001  0.358769E+001
  0.196998E+001  0.359703E+001
  0.197354E+001  0.360638E+001
  0.197711E+001  0.361572E+001
  0.198068E+001  0.362506E+001
  0.198425E+001  0.363440E+001
  0.198782E+001  0.364374E+001
  0.199140E+001  0.365308E+001
  0.199499E+001  0.366242E+001
  0.199857E+001  0.367175E+001
  0.200217E+001  0.368108E+001
  0.200576E+001  0.369042E+001
  0.200936E+001  0.369975E+001
  0.201296E+001  0.370907E+001
  0.201657E+001  0.371840E+001
  0.202018E+001  0.372773E+001
  0.202379E+001  0.373705E+001
  0.202741E+001  0.374637E+001
  0.203103E+001  0.375570E+001
  0.203465E+001  0.376501E+001
  0.203828E+001  0.377433E+001
  0.204192E+001  0.378365E+001
  0.204555E+001  0.379297E+001
  0.204919E+001  0.380228E+001
  0.205283E+001  0.381159E+001
  0.205648E+001  0.382091E+001
  0.206013E+001  0.383022E+001
  0.206378E+001  0.383952E+001
  0.206744E+001  0.384883E+001
  0.207110E+001  0.385814E+001
  0.207476E+001  0.386744E+001
  0.207843E+001  0.387675E+001
  0.208210E+001  0.388605E+001
  0.208578E+001  0.389535E+001
  0.208945E+001  0.390465E+001
  0.209313E+001  0.391394E+001
  0.209682E+001  0.392324E+001
  0.210051E+001  0.393254E+001
  0.210420E+001  0.394183E+001
  0.210789E+001  0.395112E+001
  0.211159E+001  0.396041E+001
  0.211529E+001  0.396970E+001
  0.211899E+001  0.397899E+001
  0.212270E+001  0.398828E+001
  0.212641E+001  0.399757E+001
  0.213013E+001  0.400685E+001
  0.213384E+001  0.401613E+001
  0.213756E+001  0.402542E+001
  0.214129E+001  0.403470E+001
  0.214501E+001  0.404398E+001
  0.214874E+001  0.405326E+001
  0.215248E+001  0.406253E+001
  0.215621E+001  0.407181E+001
  0.215995E+001  0.408108E+001
  0.216369E+001  0.409036E+001
  0.216744E+001  0.409963E+001
  0.217119E+001  0.410890E+001
  0.217494E+001  0.411817E+001
  0.217869E+001  0.412744E+001
  0.218245E+001  0.413671E+001
  0.218621E+001  0.414597E+001
  0.218997E+001  0.415524E+001
  0.219374E+001  0.416450E+001
  0.219751E+001  0.417376E+001
  0.220128E+001  0.418302E+001
  0.220505E+001  0.419228E+001
  0.220883E+001  0.420154E+001
  0.221261E+001  0.421080E+001
  0.221640E+001  0.422006E+001
  0.222018E+001  0.422931E+001
  0.222397E+001  0.423857E+001
  0.222776E+001  0.424782E+001
  0.223156E+001  0.425707E+001
  0.223536E+001  0.426632E+001
  0.223916E+001  0.427557E+001
  0.224296E+001  0.428482E+001
  0.224676E+001  0.429407E+001
  0.225057E+001  0.430332E+001
  0.225438E+001  0.431256E+001
  0.225820E+001  0.432181E+001
  0.226201E+001  0.433105E+001
  0.226583E+001  0.434029E+001
  0.226965E+001  0.434953E+001
  0.227348E+001  0.435877E+001
  0.227731E+001  0.436801E+001
  0.228114E+001  0.437725E+001
  0.228497E+001  0.438648E+001
  0.228880E+001  0.439572E+001
  0.229264E+001  0.440495E+001
  0.229648E+001  0.441419E+001
  0.230032E+001  0.442342E+001
  0.230417E+001  0.443265E+001
  0.230801E+001  0.444188E+001
  0.231186E+001  0.445111E+001
  0.231572E+001  0.446034E+001
  0.231957E+001  0.446957E+001
  0.232343E+001  0.447879E+001
  0.232729E+001  0.448802E+001
  0.233115E+001  0.449724E+001
  0.233501E+001  0.450647E+001
  0.233888E+001  0.451569E+001
  0.234275E+001  0.452491E+001
  0.234662E+001  0.453413E+001
  0.235050E+001  0.454335E+001
  0.235437E+001  0.455257E+001
  0.235825E+001  0.456178E+001
  0.236213E+001  0.457100E+001
  0.236602E+001  0.458021E+001
  0.236990E+001  0.458943E+001
  0.237379E+001  0.459864E+001
  0.237768E+001  0.460785E+001
  0.238157E+001  0.461707E+001
  0.238547E+001  0.462628E+001
  0.238936E+001  0.463549E+001
  0.239326E+001  0.464469E+001
  0.239716E+001  0.465390E+001
  0.240107E+001  0.466311E+001
  0.240497E+001  0.467231E+001
  0.240888E+001  0.468152E+001
  0.241279E+001  0.469072E+001
  0.241670E+001  0.469993E+001
  0.242062E+001  0.470913E+001
  0.242453E+001  0.471833E+001
  0.242845E+001  0.472753E+001
  0.243237E+001  0.473673E+001
  0.243629E+001  0.474593E+001
  0.244022E+001  0.475513E+001
  0.244415E+001  0.476432E+001
  0.244807E+001  0.477352E+001
  0.245200E+001  0.478271E+001
  0.245594E+001  0.479191E+001
  0.245987E+001  0.480110E+001
  0.246381E+001  0.481029E+001
  0.246775E+001  0.481948E+001
  0.247169E+001  0.482868E+001
  0.247563E+001  0.483787E+001
  0.247958E+001  0.484705E+001
  0.248352E+001  0.485624E+001
  0.248747E+001  0.486543E+001
  0.249142E+001  0.487462E+001
  0.249538E+001  0.488380E+001
  0.249933E+001  0.489299E+001
  0.250329E+001  0.490217E+001
