  0.822000E+000  0.589583E-001
  0.822000E+000  0.589583E-001
  0.828000E+000  0.589583E-001
  0.834000E+000  0.589583E-001
  0.840000E+000  0.589583E-001
  0.846000E+000  0.589583E-001
  0.852000E+000  0.589583E-001
  0.858000E+000  0.589583E-001
  0.864000E+000  0.589583E-001
  0.870000E+000  0.589583E-001
  0.876000E+000  0.589583E-001
  0.882000E+000  0.589583E-001
  0.888000E+000  0.589583E-001
  0.894000E+000  0.589583E-001
  0.900000E+000  0.589583E-001
  0.906000E+000  0.589583E-001
  0.912000E+000  0.589583E-001
  0.918000E+000  0.589583E-001
  0.924000E+000  0.589583E-001
  0.930000E+000  0.589583E-001
  0.936000E+000  0.589583E-001
  0.942000E+000  0.589583E-001
  0.948000E+000  0.589583E-001
  0.954000E+000  0.589583E-001
  0.960000E+000  0.589583E-001
  0.966000E+000  0.589583E-001
  0.972000E+000  0.589583E-001
  0.978000E+000  0.589583E-001
  0.984000E+000  0.589583E-001
  0.990000E+000  0.589583E-001
  0.996000E+000  0.589583E-001
  0.100200E+001  0.589583E-001
  0.100800E+001  0.589583E-001
  0.101400E+001  0.589583E-001
  0.102000E+001  0.589583E-001
  0.102600E+001  0.589583E-001
  0.103200E+001  0.589583E-001
  0.103800E+001  0.589583E-001
  0.104400E+001  0.589583E-001
  0.105000E+001  0.589583E-001
  0.105600E+001  0.589583E-001
  0.106200E+001  0.589583E-001
  0.106800E+001  0.589583E-001
  0.107400E+001  0.589583E-001
  0.108000E+001  0.589583E-001
  0.108600E+001  0.589583E-001
  0.109200E+001  0.589583E-001
  0.109800E+001  0.589583E-001
  0.110400E+001  0.589583E-001
  0.111000E+001  0.589583E-001
  0.111600E+001  0.589583E-001
  0.112200E+001  0.589583E-001
  0.112800E+001  0.589583E-001
  0.113400E+001  0.589583E-001
  0.114000E+001  0.589583E-001
  0.114600E+001  0.589583E-001
  0.115200E+001  0.589583E-001
  0.115800E+001  0.589583E-001
  0.116400E+001  0.589583E-001
  0.117000E+001  0.589583E-001
  0.117600E+001  0.589583E-001
  0.118200E+001  0.589583E-001
  0.118800E+001  0.589583E-001
  0.119400E+001  0.589583E-001
  0.120000E+001  0.589583E-001
  0.120600E+001  0.589583E-001
  0.121200E+001  0.589583E-001
  0.121800E+001  0.589583E-001
  0.122400E+001  0.589583E-001
  0.123000E+001  0.589583E-001
  0.123600E+001  0.589583E-001
  0.124200E+001  0.589583E-001
  0.124800E+001  0.589583E-001
  0.125400E+001  0.589583E-001
  0.126000E+001  0.589583E-001
  0.126600E+001  0.589583E-001
  0.127200E+001  0.589583E-001
  0.127800E+001  0.589583E-001
  0.128400E+001  0.589583E-001
  0.129000E+001  0.589583E-001
  0.129600E+001  0.589583E-001
  0.130200E+001  0.589583E-001
  0.130800E+001  0.589583E-001
  0.131400E+001  0.589583E-001
  0.132000E+001  0.589583E-001
  0.132600E+001  0.589583E-001
  0.133200E+001  0.589583E-001
  0.133800E+001  0.589583E-001
  0.134400E+001  0.589583E-001
  0.135000E+001  0.589583E-001
  0.135600E+001  0.589583E-001
  0.136200E+001  0.589583E-001
  0.136800E+001  0.589583E-001
  0.137400E+001  0.589583E-001
  0.138000E+001  0.589583E-001
  0.138600E+001  0.589583E-001
  0.139200E+001  0.589583E-001
  0.139800E+001  0.589583E-001
  0.140400E+001  0.589583E-001
  0.141000E+001  0.589583E-001
  0.141600E+001  0.589583E-001
  0.142200E+001  0.589583E-001
  0.142800E+001  0.589583E-001
  0.143400E+001  0.589583E-001
  0.144000E+001  0.589583E-001
  0.144600E+001  0.589583E-001
  0.145200E+001  0.589583E-001
  0.145800E+001  0.589583E-001
  0.146400E+001  0.589583E-001
  0.147000E+001  0.589583E-001
  0.147600E+001  0.589583E-001
  0.148200E+001  0.589583E-001
  0.148800E+001  0.589583E-001
  0.149400E+001  0.589583E-001
  0.150000E+001  0.589583E-001
  0.150600E+001  0.589583E-001
  0.151200E+001  0.589583E-001
  0.151800E+001  0.589583E-001
  0.152400E+001  0.589583E-001
  0.153000E+001  0.589583E-001
  0.153600E+001  0.589583E-001
  0.154200E+001  0.589583E-001
  0.154800E+001  0.589583E-001
  0.155400E+001  0.589583E-001
  0.156000E+001  0.589583E-001
  0.156600E+001  0.589583E-001
  0.157200E+001  0.589583E-001
  0.157800E+001  0.589583E-001
  0.158400E+001  0.589583E-001
  0.159000E+001  0.589583E-001
  0.159600E+001  0.589583E-001
  0.160200E+001  0.589583E-001
  0.160800E+001  0.589583E-001
  0.161400E+001  0.589583E-001
  0.162000E+001  0.589583E-001
  0.162600E+001  0.589583E-001
  0.163200E+001  0.589583E-001
  0.163800E+001  0.589583E-001
  0.164400E+001  0.589583E-001
  0.165000E+001  0.589583E-001
  0.165600E+001  0.589583E-001
  0.166200E+001  0.589583E-001
  0.166800E+001  0.589583E-001
  0.167400E+001  0.589583E-001
  0.168000E+001  0.589583E-001
  0.168600E+001  0.589583E-001
  0.169200E+001  0.589583E-001
  0.169800E+001  0.589583E-001
  0.170400E+001  0.589583E-001
  0.171000E+001  0.589583E-001
  0.171600E+001  0.589583E-001
  0.172200E+001  0.589583E-001
  0.172800E+001  0.589583E-001
  0.173400E+001  0.589583E-001
  0.174000E+001  0.589583E-001
  0.174600E+001  0.589583E-001
  0.175200E+001  0.589583E-001
  0.175800E+001  0.589583E-001
  0.176400E+001  0.589583E-001
  0.177000E+001  0.589583E-001
  0.177600E+001  0.589583E-001
  0.178200E+001  0.589583E-001
  0.178800E+001  0.589583E-001
  0.179400E+001  0.589583E-001
  0.180000E+001  0.589583E-001
  0.180600E+001  0.589583E-001
  0.181200E+001  0.589583E-001
  0.181800E+001  0.589583E-001
  0.182400E+001  0.589583E-001
  0.183000E+001  0.589583E-001
  0.183600E+001  0.589583E-001
  0.184200E+001  0.589583E-001
  0.184800E+001  0.589583E-001
  0.185400E+001  0.589583E-001
  0.186000E+001  0.589583E-001
  0.186600E+001  0.589583E-001
  0.187200E+001  0.589583E-001
  0.187800E+001  0.589583E-001
  0.188400E+001  0.589583E-001
  0.189000E+001  0.589583E-001
  0.189600E+001  0.589583E-001
  0.190200E+001  0.589583E-001
  0.190800E+001  0.589583E-001
  0.191400E+001  0.589583E-001
  0.192000E+001  0.589583E-001
  0.192600E+001  0.589583E-001
  0.193200E+001  0.589583E-001
  0.193800E+001  0.589583E-001
  0.194400E+001  0.589583E-001
  0.195000E+001  0.589583E-001
  0.195600E+001  0.589583E-001
  0.196200E+001  0.589583E-001
  0.196800E+001  0.589583E-001
  0.197400E+001  0.589583E-001
  0.198000E+001  0.589583E-001
  0.198600E+001  0.589583E-001
  0.199200E+001  0.589583E-001
  0.199800E+001  0.589583E-001
  0.200400E+001  0.589583E-001
  0.201000E+001  0.589583E-001
  0.201600E+001  0.589583E-001
  0.202200E+001  0.589583E-001
  0.202800E+001  0.589583E-001
  0.203400E+001  0.589583E-001
  0.204000E+001  0.589583E-001
  0.204600E+001  0.589583E-001
  0.205200E+001  0.589583E-001
  0.205800E+001  0.589583E-001
  0.206400E+001  0.589583E-001
  0.207000E+001  0.589583E-001
  0.207600E+001  0.589583E-001
  0.208200E+001  0.589583E-001
  0.208800E+001  0.589583E-001
  0.209400E+001  0.589583E-001
  0.210000E+001  0.589583E-001
  0.210600E+001  0.589583E-001
  0.211200E+001  0.589583E-001
  0.211800E+001  0.589583E-001
  0.212400E+001  0.589583E-001
  0.213000E+001  0.589583E-001
  0.213600E+001  0.589583E-001
  0.214200E+001  0.589583E-001
  0.214800E+001  0.589583E-001
  0.215400E+001  0.589583E-001
  0.216000E+001  0.589583E-001
  0.216600E+001  0.589583E-001
  0.217200E+001  0.589583E-001
  0.217800E+001  0.589583E-001
  0.218400E+001  0.589583E-001
  0.219000E+001  0.589583E-001
  0.219600E+001  0.589583E-001
  0.220200E+001  0.589583E-001
  0.220800E+001  0.589583E-001
  0.221400E+001  0.589583E-001
  0.222000E+001  0.589583E-001
  0.222600E+001  0.589583E-001
  0.223200E+001  0.589583E-001
  0.223800E+001  0.589583E-001
  0.224400E+001  0.589583E-001
  0.225000E+001  0.589583E-001
  0.225600E+001  0.589583E-001
  0.226200E+001  0.589583E-001
  0.226800E+001  0.589583E-001
  0.227400E+001  0.589583E-001
  0.228000E+001  0.589583E-001
  0.228600E+001  0.589583E-001
  0.229200E+001  0.589583E-001
  0.229800E+001  0.589583E-001
  0.230400E+001  0.589583E-001
  0.231000E+001  0.589583E-001
  0.231600E+001  0.589583E-001
  0.232200E+001  0.589583E-001
  0.232800E+001  0.589583E-001
  0.233400E+001  0.589583E-001
  0.234000E+001  0.589583E-001
  0.234600E+001  0.589583E-001
  0.235200E+001  0.589583E-001
  0.235800E+001  0.589583E-001
  0.236400E+001  0.589583E-001
  0.237000E+001  0.589583E-001
  0.237600E+001  0.589583E-001
  0.238200E+001  0.589583E-001
  0.238800E+001  0.589583E-001
  0.239400E+001  0.589583E-001
  0.240000E+001  0.589583E-001
  0.240600E+001  0.589583E-001
  0.241200E+001  0.589583E-001
  0.241800E+001  0.589583E-001
  0.242400E+001  0.589583E-001
  0.243000E+001  0.589583E-001
  0.243600E+001  0.589583E-001
  0.244200E+001  0.589583E-001
  0.244800E+001  0.589583E-001
  0.245400E+001  0.589583E-001
  0.246000E+001  0.589583E-001
  0.246600E+001  0.589583E-001
  0.247200E+001  0.589583E-001
  0.247800E+001  0.589583E-001
  0.248400E+001  0.589583E-001
  0.249000E+001  0.589583E-001
  0.249600E+001  0.589583E-001
  0.250200E+001  0.589583E-001
