  0.943738E+000  0.362319E-001
  0.943738E+000  0.362319E-001
  0.943453E+000  0.412238E-001
  0.943136E+000  0.462138E-001
  0.942788E+000  0.512016E-001
  0.942411E+000  0.561874E-001
  0.942005E+000  0.611709E-001
  0.941573E+000  0.661522E-001
  0.941116E+000  0.711313E-001
  0.940636E+000  0.761081E-001
  0.940134E+000  0.810829E-001
  0.939612E+000  0.860556E-001
  0.939072E+000  0.910263E-001
  0.938515E+000  0.959952E-001
  0.937942E+000  0.100962E+000
  0.937356E+000  0.105928E+000
  0.936757E+000  0.110892E+000
  0.936146E+000  0.115854E+000
  0.935526E+000  0.120816E+000
  0.934897E+000  0.125776E+000
  0.934261E+000  0.130735E+000
  0.933619E+000  0.135694E+000
  0.932971E+000  0.140652E+000
  0.932320E+000  0.145609E+000
  0.931666E+000  0.150566E+000
  0.931010E+000  0.155523E+000
  0.930353E+000  0.160480E+000
  0.929697E+000  0.165436E+000
  0.929041E+000  0.170393E+000
  0.928388E+000  0.175350E+000
  0.927738E+000  0.180308E+000
  0.927092E+000  0.185266E+000
  0.926450E+000  0.190225E+000
  0.925814E+000  0.195184E+000
  0.925185E+000  0.200144E+000
  0.924563E+000  0.205106E+000
  0.923949E+000  0.210068E+000
  0.923345E+000  0.215031E+000
  0.922751E+000  0.219996E+000
  0.922168E+000  0.224962E+000
  0.921597E+000  0.229929E+000
  0.921039E+000  0.234898E+000
  0.920494E+000  0.239868E+000
  0.919965E+000  0.244840E+000
  0.919452E+000  0.249813E+000
  0.918956E+000  0.254789E+000
  0.918478E+000  0.259766E+000
  0.918020E+000  0.264745E+000
  0.917583E+000  0.269726E+000
  0.917168E+000  0.274708E+000
  0.916777E+000  0.279693E+000
  0.916410E+000  0.284680E+000
  0.916071E+000  0.289668E+000
  0.915759E+000  0.294658E+000
  0.915478E+000  0.299650E+000
  0.915228E+000  0.304644E+000
  0.915013E+000  0.309640E+000
  0.914833E+000  0.314636E+000
  0.914691E+000  0.319634E+000
  0.914588E+000  0.324633E+000
  0.914529E+000  0.329633E+000
  0.914513E+000  0.334633E+000
  0.914544E+000  0.339633E+000
  0.914624E+000  0.344632E+000
  0.914755E+000  0.349630E+000
  0.914940E+000  0.354627E+000
  0.915180E+000  0.359621E+000
  0.915476E+000  0.364612E+000
  0.915832E+000  0.369600E+000
  0.916248E+000  0.374582E+000
  0.916726E+000  0.379560E+000
  0.917266E+000  0.384530E+000
  0.917869E+000  0.389494E+000
  0.918535E+000  0.394449E+000
  0.919264E+000  0.399396E+000
  0.920055E+000  0.404333E+000
  0.920909E+000  0.409259E+000
  0.921822E+000  0.414175E+000
  0.922795E+000  0.419080E+000
  0.923826E+000  0.423972E+000
  0.924912E+000  0.428853E+000
  0.926052E+000  0.433721E+000
  0.927244E+000  0.438577E+000
  0.928486E+000  0.443420E+000
  0.929775E+000  0.448251E+000
  0.931109E+000  0.453070E+000
  0.932487E+000  0.457877E+000
  0.933905E+000  0.462671E+000
  0.935363E+000  0.467454E+000
  0.936857E+000  0.472225E+000
  0.938387E+000  0.476986E+000
  0.939950E+000  0.481735E+000
  0.941545E+000  0.486474E+000
  0.943170E+000  0.491202E+000
  0.944824E+000  0.495921E+000
  0.946505E+000  0.500630E+000
  0.948212E+000  0.505330E+000
  0.949943E+000  0.510020E+000
  0.951698E+000  0.514702E+000
  0.953475E+000  0.519376E+000
  0.955273E+000  0.524041E+000
  0.957092E+000  0.528699E+000
  0.958930E+000  0.533348E+000
  0.960787E+000  0.537991E+000
  0.962662E+000  0.542626E+000
  0.964554E+000  0.547254E+000
  0.966462E+000  0.551876E+000
  0.968387E+000  0.556491E+000
  0.970326E+000  0.561099E+000
  0.972280E+000  0.565702E+000
  0.974248E+000  0.570298E+000
  0.976229E+000  0.574889E+000
  0.978224E+000  0.579473E+000
  0.980232E+000  0.584053E+000
  0.982251E+000  0.588627E+000
  0.984283E+000  0.593195E+000
  0.986326E+000  0.597759E+000
  0.988380E+000  0.602318E+000
  0.990445E+000  0.606871E+000
  0.992520E+000  0.611420E+000
  0.994606E+000  0.615965E+000
  0.996701E+000  0.620504E+000
  0.998806E+000  0.625040E+000
  0.100092E+001  0.629571E+000
  0.100304E+001  0.634097E+000
  0.100518E+001  0.638620E+000
  0.100732E+001  0.643138E+000
  0.100947E+001  0.647653E+000
  0.101162E+001  0.652163E+000
  0.101379E+001  0.656670E+000
  0.101596E+001  0.661173E+000
  0.101814E+001  0.665672E+000
  0.102033E+001  0.670168E+000
  0.102253E+001  0.674660E+000
  0.102473E+001  0.679149E+000
  0.102694E+001  0.683634E+000
  0.102916E+001  0.688116E+000
  0.103138E+001  0.692594E+000
  0.103361E+001  0.697070E+000
  0.103585E+001  0.701542E+000
  0.103809E+001  0.706011E+000
  0.104034E+001  0.710477E+000
  0.104259E+001  0.714940E+000
  0.104485E+001  0.719400E+000
  0.104712E+001  0.723857E+000
  0.104939E+001  0.728311E+000
  0.105167E+001  0.732763E+000
  0.105395E+001  0.737211E+000
  0.105624E+001  0.741657E+000
  0.105853E+001  0.746100E+000
  0.106083E+001  0.750541E+000
  0.106313E+001  0.754979E+000
  0.106544E+001  0.759414E+000
  0.106775E+001  0.763847E+000
  0.107007E+001  0.768277E+000
  0.107239E+001  0.772705E+000
  0.107472E+001  0.777131E+000
  0.107705E+001  0.781554E+000
  0.107939E+001  0.785975E+000
  0.108173E+001  0.790393E+000
  0.108407E+001  0.794810E+000
  0.108642E+001  0.799224E+000
  0.108877E+001  0.803635E+000
  0.109113E+001  0.808045E+000
  0.109349E+001  0.812453E+000
  0.109585E+001  0.816858E+000
  0.109822E+001  0.821262E+000
  0.110059E+001  0.825663E+000
  0.110297E+001  0.830063E+000
  0.110535E+001  0.834460E+000
  0.110773E+001  0.838855E+000
  0.111012E+001  0.843249E+000
  0.111251E+001  0.847641E+000
  0.111490E+001  0.852031E+000
  0.111730E+001  0.856419E+000
  0.111970E+001  0.860805E+000
  0.112210E+001  0.865190E+000
  0.112451E+001  0.869572E+000
  0.112692E+001  0.873953E+000
  0.112933E+001  0.878333E+000
  0.113175E+001  0.882710E+000
  0.113417E+001  0.887086E+000
  0.113659E+001  0.891461E+000
  0.113901E+001  0.895834E+000
  0.114144E+001  0.900205E+000
  0.114387E+001  0.904575E+000
  0.114630E+001  0.908943E+000
  0.114874E+001  0.913310E+000
  0.115118E+001  0.917675E+000
  0.115362E+001  0.922039E+000
  0.115606E+001  0.926402E+000
  0.115851E+001  0.930763E+000
  0.116095E+001  0.935122E+000
  0.116340E+001  0.939481E+000
  0.116586E+001  0.943838E+000
  0.116831E+001  0.948193E+000
  0.117077E+001  0.952548E+000
  0.117323E+001  0.956901E+000
  0.117569E+001  0.961253E+000
  0.117816E+001  0.965604E+000
  0.118062E+001  0.969953E+000
  0.118309E+001  0.974301E+000
  0.118556E+001  0.978649E+000
  0.118803E+001  0.982995E+000
  0.119051E+001  0.987339E+000
  0.119298E+001  0.991683E+000
  0.119546E+001  0.996026E+000
  0.119794E+001  0.100037E+001
  0.120042E+001  0.100471E+001
  0.120291E+001  0.100905E+001
  0.120539E+001  0.101339E+001
  0.120788E+001  0.101772E+001
  0.121037E+001  0.102206E+001
  0.121286E+001  0.102640E+001
  0.121535E+001  0.103073E+001
  0.121784E+001  0.103506E+001
  0.122034E+001  0.103940E+001
  0.122284E+001  0.104373E+001
  0.122533E+001  0.104806E+001
  0.122783E+001  0.105239E+001
  0.123033E+001  0.105672E+001
  0.123284E+001  0.106105E+001
  0.123534E+001  0.106538E+001
  0.123785E+001  0.106970E+001
  0.124035E+001  0.107403E+001
  0.124286E+001  0.107836E+001
  0.124537E+001  0.108268E+001
  0.124788E+001  0.108701E+001
  0.125039E+001  0.109133E+001
  0.125290E+001  0.109565E+001
  0.125542E+001  0.109997E+001
  0.125793E+001  0.110430E+001
  0.126045E+001  0.110862E+001
  0.126296E+001  0.111294E+001
  0.126548E+001  0.111726E+001
  0.126800E+001  0.112158E+001
  0.127052E+001  0.112590E+001
  0.127304E+001  0.113021E+001
  0.127556E+001  0.113453E+001
  0.127808E+001  0.113885E+001
  0.128061E+001  0.114316E+001
  0.128313E+001  0.114748E+001
  0.128566E+001  0.115180E+001
  0.128818E+001  0.115611E+001
  0.129071E+001  0.116043E+001
  0.129324E+001  0.116474E+001
  0.129576E+001  0.116905E+001
  0.129829E+001  0.117337E+001
  0.130082E+001  0.117768E+001
  0.130335E+001  0.118199E+001
  0.130588E+001  0.118631E+001
  0.130841E+001  0.119062E+001
  0.131094E+001  0.119493E+001
  0.131348E+001  0.119924E+001
  0.131601E+001  0.120355E+001
  0.131854E+001  0.120786E+001
  0.132108E+001  0.121217E+001
  0.132361E+001  0.121648E+001
  0.132614E+001  0.122080E+001
  0.132868E+001  0.122511E+001
  0.133121E+001  0.122941E+001
  0.133375E+001  0.123372E+001
  0.133628E+001  0.123803E+001
  0.133882E+001  0.124234E+001
  0.134136E+001  0.124665E+001
  0.134389E+001  0.125096E+001
  0.134643E+001  0.125527E+001
  0.134896E+001  0.125958E+001
  0.135150E+001  0.126389E+001
  0.135404E+001  0.126820E+001
  0.135658E+001  0.127250E+001
  0.135911E+001  0.127681E+001
  0.136165E+001  0.128112E+001
  0.136419E+001  0.128543E+001
  0.136672E+001  0.128974E+001
  0.136926E+001  0.129405E+001
  0.137180E+001  0.129835E+001
  0.137434E+001  0.130266E+001
  0.137687E+001  0.130697E+001
  0.137941E+001  0.131128E+001
  0.138195E+001  0.131559E+001
  0.138448E+001  0.131990E+001
  0.138702E+001  0.132421E+001
  0.138956E+001  0.132851E+001
  0.139209E+001  0.133282E+001
  0.139463E+001  0.133713E+001
  0.139717E+001  0.134144E+001
  0.139970E+001  0.134575E+001
  0.140224E+001  0.135006E+001
  0.140477E+001  0.135437E+001
  0.140731E+001  0.135868E+001
  0.140984E+001  0.136299E+001
  0.141238E+001  0.136730E+001
  0.141491E+001  0.137161E+001
  0.141744E+001  0.137592E+001
  0.141998E+001  0.138023E+001
  0.142251E+001  0.138454E+001
  0.142504E+001  0.138886E+001
  0.142757E+001  0.139317E+001
  0.143010E+001  0.139748E+001
  0.143263E+001  0.140179E+001
  0.143516E+001  0.140611E+001
  0.143769E+001  0.141042E+001
  0.144022E+001  0.141473E+001
  0.144275E+001  0.141905E+001
  0.144527E+001  0.142336E+001
  0.144780E+001  0.142767E+001
  0.145033E+001  0.143199E+001
  0.145285E+001  0.143631E+001
  0.145538E+001  0.144062E+001
  0.145790E+001  0.144494E+001
  0.146042E+001  0.144925E+001
  0.146295E+001  0.145357E+001
  0.146547E+001  0.145789E+001
  0.146799E+001  0.146221E+001
  0.147051E+001  0.146652E+001
  0.147303E+001  0.147084E+001
  0.147555E+001  0.147516E+001
  0.147807E+001  0.147948E+001
  0.148058E+001  0.148380E+001
  0.148310E+001  0.148812E+001
  0.148561E+001  0.149245E+001
  0.148813E+001  0.149677E+001
  0.149064E+001  0.150109E+001
  0.149315E+001  0.150541E+001
  0.149566E+001  0.150974E+001
  0.149817E+001  0.151406E+001
  0.150068E+001  0.151839E+001
  0.150319E+001  0.152271E+001
  0.150569E+001  0.152704E+001
  0.150820E+001  0.153137E+001
  0.151070E+001  0.153569E+001
  0.151321E+001  0.154002E+001
  0.151571E+001  0.154435E+001
  0.151821E+001  0.154868E+001
  0.152071E+001  0.155301E+001
  0.152321E+001  0.155734E+001
  0.152571E+001  0.156167E+001
  0.152820E+001  0.156601E+001
  0.153070E+001  0.157034E+001
  0.153319E+001  0.157467E+001
  0.153569E+001  0.157901E+001
  0.153818E+001  0.158334E+001
  0.154067E+001  0.158768E+001
  0.154315E+001  0.159201E+001
  0.154564E+001  0.159635E+001
  0.154813E+001  0.160069E+001
  0.155061E+001  0.160503E+001
  0.155310E+001  0.160937E+001
  0.155558E+001  0.161371E+001
  0.155806E+001  0.161805E+001
  0.156054E+001  0.162239E+001
  0.156301E+001  0.162674E+001
  0.156549E+001  0.163108E+001
  0.156796E+001  0.163543E+001
  0.157044E+001  0.163977E+001
  0.157291E+001  0.164412E+001
  0.157538E+001  0.164847E+001
  0.157784E+001  0.165281E+001
  0.158031E+001  0.165716E+001
  0.158278E+001  0.166151E+001
  0.158524E+001  0.166586E+001
  0.158770E+001  0.167022E+001
  0.159016E+001  0.167457E+001
  0.159262E+001  0.167892E+001
  0.159508E+001  0.168328E+001
  0.159753E+001  0.168763E+001
  0.159998E+001  0.169199E+001
  0.160244E+001  0.169635E+001
  0.160489E+001  0.170071E+001
  0.160733E+001  0.170507E+001
  0.160978E+001  0.170943E+001
  0.161223E+001  0.171379E+001
  0.161467E+001  0.171815E+001
  0.161711E+001  0.172252E+001
  0.161955E+001  0.172688E+001
  0.162199E+001  0.173125E+001
  0.162442E+001  0.173561E+001
  0.162685E+001  0.173998E+001
  0.162929E+001  0.174435E+001
  0.163172E+001  0.174872E+001
  0.163414E+001  0.175309E+001
  0.163657E+001  0.175746E+001
  0.163899E+001  0.176184E+001
  0.164142E+001  0.176621E+001
  0.164384E+001  0.177059E+001
  0.164625E+001  0.177496E+001
  0.164867E+001  0.177934E+001
  0.165108E+001  0.178372E+001
  0.165350E+001  0.178810E+001
  0.165591E+001  0.179248E+001
  0.165831E+001  0.179686E+001
  0.166072E+001  0.180124E+001
  0.166312E+001  0.180563E+001
  0.166553E+001  0.181001E+001
  0.166793E+001  0.181440E+001
  0.167032E+001  0.181879E+001
  0.167272E+001  0.182317E+001
  0.167511E+001  0.182756E+001
  0.167751E+001  0.183196E+001
  0.167990E+001  0.183635E+001
  0.168228E+001  0.184074E+001
  0.168467E+001  0.184513E+001
  0.168705E+001  0.184953E+001
  0.168943E+001  0.185393E+001
  0.169181E+001  0.185832E+001
  0.169419E+001  0.186272E+001
  0.169656E+001  0.186712E+001
  0.169894E+001  0.187152E+001
  0.170131E+001  0.187593E+001
  0.170368E+001  0.188033E+001
  0.170604E+001  0.188474E+001
  0.170841E+001  0.188914E+001
  0.171077E+001  0.189355E+001
  0.171313E+001  0.189796E+001
  0.171548E+001  0.190237E+001
  0.171784E+001  0.190678E+001
  0.172019E+001  0.191119E+001
  0.172255E+001  0.191560E+001
  0.172489E+001  0.192001E+001
  0.172724E+001  0.192443E+001
  0.172959E+001  0.192884E+001
  0.173193E+001  0.193326E+001
  0.173427E+001  0.193768E+001
  0.173661E+001  0.194210E+001
  0.173895E+001  0.194652E+001
  0.174128E+001  0.195094E+001
  0.174361E+001  0.195536E+001
  0.174594E+001  0.195979E+001
  0.174827E+001  0.196421E+001
  0.175060E+001  0.196864E+001
  0.175292E+001  0.197307E+001
  0.175524E+001  0.197749E+001
  0.175756E+001  0.198192E+001
  0.175988E+001  0.198635E+001
  0.176220E+001  0.199078E+001
  0.176451E+001  0.199522E+001
  0.176682E+001  0.199965E+001
  0.176913E+001  0.200409E+001
  0.177144E+001  0.200852E+001
  0.177375E+001  0.201296E+001
  0.177605E+001  0.201739E+001
  0.177835E+001  0.202183E+001
  0.178065E+001  0.202627E+001
  0.178295E+001  0.203071E+001
  0.178524E+001  0.203516E+001
  0.178754E+001  0.203960E+001
  0.178983E+001  0.204404E+001
  0.179212E+001  0.204849E+001
  0.179441E+001  0.205293E+001
  0.179669E+001  0.205738E+001
  0.179898E+001  0.206183E+001
  0.180126E+001  0.206628E+001
  0.180354E+001  0.207073E+001
  0.180582E+001  0.207518E+001
  0.180809E+001  0.207963E+001
  0.181037E+001  0.208408E+001
  0.181264E+001  0.208854E+001
  0.181491E+001  0.209299E+001
  0.181718E+001  0.209745E+001
  0.181945E+001  0.210190E+001
  0.182171E+001  0.210636E+001
  0.182397E+001  0.211082E+001
  0.182624E+001  0.211528E+001
  0.182849E+001  0.211974E+001
  0.183075E+001  0.212420E+001
  0.183301E+001  0.212866E+001
  0.183526E+001  0.213313E+001
  0.183751E+001  0.213759E+001
  0.183976E+001  0.214206E+001
  0.184200E+001  0.214653E+001
  0.184425E+001  0.215099E+001
  0.184649E+001  0.215546E+001
  0.184873E+001  0.215993E+001
  0.185097E+001  0.216440E+001
  0.185320E+001  0.216888E+001
  0.185544E+001  0.217335E+001
  0.185767E+001  0.217782E+001
  0.185990E+001  0.218230E+001
  0.186213E+001  0.218678E+001
  0.186435E+001  0.219125E+001
  0.186657E+001  0.219573E+001
  0.186879E+001  0.220021E+001
  0.187101E+001  0.220470E+001
  0.187322E+001  0.220918E+001
  0.187543E+001  0.221366E+001
  0.187764E+001  0.221815E+001
  0.187985E+001  0.222263E+001
  0.188205E+001  0.222712E+001
  0.188425E+001  0.223161E+001
  0.188645E+001  0.223610E+001
  0.188865E+001  0.224060E+001
  0.189084E+001  0.224509E+001
  0.189303E+001  0.224958E+001
  0.189522E+001  0.225408E+001
  0.189740E+001  0.225858E+001
  0.189958E+001  0.226308E+001
  0.190176E+001  0.226758E+001
  0.190393E+001  0.227208E+001
  0.190610E+001  0.227659E+001
  0.190827E+001  0.228109E+001
  0.191043E+001  0.228560E+001
  0.191259E+001  0.229011E+001
  0.191475E+001  0.229462E+001
  0.191690E+001  0.229913E+001
  0.191905E+001  0.230365E+001
  0.192120E+001  0.230816E+001
  0.192334E+001  0.231268E+001
  0.192548E+001  0.231720E+001
  0.192761E+001  0.232172E+001
  0.192974E+001  0.232625E+001
  0.193187E+001  0.233077E+001
  0.193399E+001  0.233530E+001
  0.193611E+001  0.233983E+001
  0.193822E+001  0.234436E+001
  0.194033E+001  0.234889E+001
  0.194244E+001  0.235343E+001
  0.194454E+001  0.235796E+001
  0.194664E+001  0.236250E+001
  0.194873E+001  0.236704E+001
  0.195082E+001  0.237159E+001
  0.195291E+001  0.237613E+001
  0.195499E+001  0.238068E+001
  0.195706E+001  0.238523E+001
  0.195913E+001  0.238978E+001
  0.196120E+001  0.239433E+001
  0.196326E+001  0.239888E+001
  0.196532E+001  0.240344E+001
  0.196737E+001  0.240800E+001
  0.196942E+001  0.241256E+001
  0.197147E+001  0.241712E+001
  0.197351E+001  0.242169E+001
  0.197554E+001  0.242626E+001
  0.197757E+001  0.243083E+001
  0.197960E+001  0.243540E+001
  0.198162E+001  0.243997E+001
  0.198364E+001  0.244454E+001
  0.198565E+001  0.244912E+001
  0.198766E+001  0.245370E+001
  0.198966E+001  0.245828E+001
  0.199166E+001  0.246286E+001
  0.199365E+001  0.246745E+001
  0.199564E+001  0.247204E+001
  0.199763E+001  0.247663E+001
  0.199961E+001  0.248122E+001
  0.200159E+001  0.248581E+001
  0.200356E+001  0.249041E+001
  0.200552E+001  0.249500E+001
  0.200749E+001  0.249960E+001
  0.200945E+001  0.250420E+001
  0.201140E+001  0.250880E+001
  0.201335E+001  0.251341E+001
  0.201529E+001  0.251801E+001
  0.201724E+001  0.252262E+001
  0.201917E+001  0.252723E+001
  0.202110E+001  0.253184E+001
  0.202303E+001  0.253646E+001
  0.202496E+001  0.254107E+001
  0.202688E+001  0.254569E+001
  0.202879E+001  0.255031E+001
  0.203070E+001  0.255493E+001
  0.203261E+001  0.255955E+001
  0.203451E+001  0.256417E+001
  0.203641E+001  0.256880E+001
  0.203831E+001  0.257342E+001
  0.204020E+001  0.257805E+001
  0.204209E+001  0.258268E+001
  0.204397E+001  0.258732E+001
  0.204585E+001  0.259195E+001
  0.204772E+001  0.259658E+001
  0.204960E+001  0.260122E+001
  0.205146E+001  0.260586E+001
  0.205333E+001  0.261050E+001
  0.205519E+001  0.261514E+001
  0.205705E+001  0.261978E+001
  0.205890E+001  0.262442E+001
  0.206075E+001  0.262907E+001
  0.206260E+001  0.263372E+001
  0.206444E+001  0.263836E+001
  0.206628E+001  0.264301E+001
  0.206811E+001  0.264766E+001
  0.206995E+001  0.265232E+001
  0.207178E+001  0.265697E+001
  0.207360E+001  0.266162E+001
  0.207542E+001  0.266628E+001
  0.207724E+001  0.267094E+001
  0.207906E+001  0.267560E+001
  0.208087E+001  0.268026E+001
  0.208268E+001  0.268492E+001
  0.208449E+001  0.268958E+001
  0.208629E+001  0.269424E+001
  0.208809E+001  0.269891E+001
  0.208989E+001  0.270357E+001
  0.209168E+001  0.270824E+001
  0.209347E+001  0.271291E+001
  0.209526E+001  0.271758E+001
  0.209704E+001  0.272225E+001
  0.209883E+001  0.272692E+001
  0.210061E+001  0.273159E+001
  0.210238E+001  0.273627E+001
  0.210416E+001  0.274094E+001
  0.210593E+001  0.274562E+001
  0.210770E+001  0.275029E+001
  0.210946E+001  0.275497E+001
  0.211123E+001  0.275965E+001
  0.211299E+001  0.276433E+001
  0.211474E+001  0.276901E+001
  0.211650E+001  0.277369E+001
  0.211825E+001  0.277838E+001
  0.212000E+001  0.278306E+001
  0.212175E+001  0.278774E+001
  0.212349E+001  0.279243E+001
  0.212524E+001  0.279712E+001
  0.212698E+001  0.280180E+001
  0.212872E+001  0.280649E+001
  0.213045E+001  0.281118E+001
  0.213219E+001  0.281587E+001
  0.213392E+001  0.282056E+001
  0.213565E+001  0.282525E+001
  0.213737E+001  0.282995E+001
  0.213910E+001  0.283464E+001
  0.214082E+001  0.283933E+001
  0.214254E+001  0.284403E+001
  0.214426E+001  0.284872E+001
  0.214597E+001  0.285342E+001
  0.214769E+001  0.285812E+001
  0.214940E+001  0.286281E+001
  0.215111E+001  0.286751E+001
  0.215282E+001  0.287221E+001
  0.215452E+001  0.287691E+001
  0.215623E+001  0.288161E+001
  0.215793E+001  0.288631E+001
  0.215963E+001  0.289102E+001
  0.216133E+001  0.289572E+001
  0.216302E+001  0.290042E+001
  0.216472E+001  0.290513E+001
  0.216641E+001  0.290983E+001
  0.216810E+001  0.291454E+001
  0.216979E+001  0.291924E+001
  0.217148E+001  0.292395E+001
  0.217316E+001  0.292866E+001
  0.217485E+001  0.293336E+001
  0.217653E+001  0.293807E+001
  0.217821E+001  0.294278E+001
  0.217989E+001  0.294749E+001
  0.218157E+001  0.295220E+001
  0.218324E+001  0.295691E+001
  0.218492E+001  0.296162E+001
  0.218659E+001  0.296634E+001
  0.218826E+001  0.297105E+001
  0.218993E+001  0.297576E+001
  0.219160E+001  0.298047E+001
  0.219327E+001  0.298519E+001
  0.219493E+001  0.298990E+001
  0.219660E+001  0.299462E+001
  0.219826E+001  0.299933E+001
  0.219992E+001  0.300405E+001
  0.220158E+001  0.300877E+001
  0.220324E+001  0.301348E+001
  0.220490E+001  0.301820E+001
  0.220656E+001  0.302292E+001
  0.220821E+001  0.302764E+001
  0.220986E+001  0.303235E+001
  0.221152E+001  0.303707E+001
  0.221317E+001  0.304179E+001
  0.221482E+001  0.304651E+001
  0.221647E+001  0.305123E+001
  0.221812E+001  0.305595E+001
  0.221976E+001  0.306067E+001
  0.222141E+001  0.306540E+001
  0.222305E+001  0.307012E+001
  0.222470E+001  0.307484E+001
  0.222634E+001  0.307956E+001
  0.222798E+001  0.308428E+001
  0.222962E+001  0.308901E+001
  0.223126E+001  0.309373E+001
  0.223290E+001  0.309846E+001
  0.223454E+001  0.310318E+001
  0.223617E+001  0.310790E+001
  0.223781E+001  0.311263E+001
  0.223944E+001  0.311735E+001
  0.224108E+001  0.312208E+001
  0.224271E+001  0.312681E+001
  0.224434E+001  0.313153E+001
  0.224597E+001  0.313626E+001
  0.224760E+001  0.314098E+001
  0.224923E+001  0.314571E+001
  0.225086E+001  0.315044E+001
  0.225249E+001  0.315517E+001
  0.225412E+001  0.315989E+001
  0.225574E+001  0.316462E+001
  0.225737E+001  0.316935E+001
  0.225899E+001  0.317408E+001
  0.226062E+001  0.317881E+001
  0.226224E+001  0.318354E+001
  0.226386E+001  0.318827E+001
  0.226549E+001  0.319300E+001
  0.226711E+001  0.319773E+001
  0.226873E+001  0.320246E+001
  0.227035E+001  0.320719E+001
  0.227197E+001  0.321192E+001
  0.227359E+001  0.321665E+001
  0.227521E+001  0.322138E+001
  0.227683E+001  0.322611E+001
  0.227844E+001  0.323084E+001
  0.228006E+001  0.323557E+001
  0.228168E+001  0.324030E+001
  0.228329E+001  0.324503E+001
  0.228491E+001  0.324977E+001
  0.228652E+001  0.325450E+001
  0.228814E+001  0.325923E+001
  0.228975E+001  0.326396E+001
  0.229137E+001  0.326869E+001
  0.229298E+001  0.327343E+001
  0.229459E+001  0.327816E+001
  0.229620E+001  0.328289E+001
  0.229782E+001  0.328763E+001
  0.229943E+001  0.329236E+001
  0.230104E+001  0.329709E+001
  0.230265E+001  0.330183E+001
  0.230426E+001  0.330656E+001
  0.230587E+001  0.331129E+001
  0.230748E+001  0.331603E+001
  0.230909E+001  0.332076E+001
  0.231070E+001  0.332549E+001
  0.231231E+001  0.333023E+001
  0.231392E+001  0.333496E+001
  0.231553E+001  0.333970E+001
  0.231713E+001  0.334443E+001
  0.231874E+001  0.334917E+001
  0.232035E+001  0.335390E+001
  0.232196E+001  0.335863E+001
  0.232357E+001  0.336337E+001
  0.232517E+001  0.336810E+001
  0.232678E+001  0.337284E+001
  0.232839E+001  0.337757E+001
  0.232999E+001  0.338231E+001
  0.233160E+001  0.338704E+001
  0.233321E+001  0.339178E+001
  0.233481E+001  0.339651E+001
  0.233642E+001  0.340125E+001
  0.233803E+001  0.340598E+001
  0.233963E+001  0.341072E+001
  0.234124E+001  0.341545E+001
  0.234284E+001  0.342019E+001
  0.234445E+001  0.342492E+001
  0.234606E+001  0.342966E+001
  0.234766E+001  0.343439E+001
  0.234927E+001  0.343913E+001
  0.235087E+001  0.344386E+001
  0.235248E+001  0.344860E+001
  0.235408E+001  0.345333E+001
  0.235569E+001  0.345807E+001
  0.235729E+001  0.346280E+001
  0.235890E+001  0.346754E+001
  0.236051E+001  0.347227E+001
  0.236211E+001  0.347701E+001
  0.236372E+001  0.348174E+001
  0.236532E+001  0.348648E+001
  0.236693E+001  0.349121E+001
  0.236854E+001  0.349595E+001
  0.237014E+001  0.350068E+001
  0.237175E+001  0.350542E+001
  0.237335E+001  0.351015E+001
  0.237496E+001  0.351489E+001
  0.237657E+001  0.351962E+001
  0.237817E+001  0.352436E+001
  0.237978E+001  0.352909E+001
  0.238139E+001  0.353383E+001
  0.238299E+001  0.353856E+001
  0.238460E+001  0.354330E+001
  0.238621E+001  0.354803E+001
  0.238782E+001  0.355277E+001
  0.238942E+001  0.355750E+001
  0.239103E+001  0.356224E+001
  0.239264E+001  0.356697E+001
  0.239425E+001  0.357170E+001
  0.239586E+001  0.357644E+001
  0.239747E+001  0.358117E+001
  0.239907E+001  0.358591E+001
  0.240068E+001  0.359064E+001
  0.240229E+001  0.359538E+001
  0.240390E+001  0.360011E+001
  0.240551E+001  0.360484E+001
  0.240712E+001  0.360958E+001
  0.240873E+001  0.361431E+001
  0.241034E+001  0.361904E+001
  0.241195E+001  0.362378E+001
  0.241357E+001  0.362851E+001
  0.241518E+001  0.363324E+001
  0.241679E+001  0.363798E+001
  0.241840E+001  0.364271E+001
  0.242001E+001  0.364744E+001
  0.242163E+001  0.365218E+001
  0.242324E+001  0.365691E+001
  0.242485E+001  0.366164E+001
  0.242647E+001  0.366637E+001
  0.242808E+001  0.367111E+001
  0.242969E+001  0.367584E+001
  0.243131E+001  0.368057E+001
  0.243292E+001  0.368530E+001
  0.243454E+001  0.369003E+001
  0.243616E+001  0.369477E+001
  0.243777E+001  0.369950E+001
  0.243939E+001  0.370423E+001
  0.244100E+001  0.370896E+001
  0.244262E+001  0.371369E+001
  0.244424E+001  0.371842E+001
  0.244586E+001  0.372315E+001
  0.244748E+001  0.372788E+001
  0.244909E+001  0.373261E+001
  0.245071E+001  0.373734E+001
  0.245233E+001  0.374208E+001
  0.245395E+001  0.374681E+001
  0.245557E+001  0.375154E+001
  0.245720E+001  0.375627E+001
  0.245882E+001  0.376100E+001
  0.246044E+001  0.376573E+001
  0.246206E+001  0.377045E+001
  0.246368E+001  0.377518E+001
  0.246531E+001  0.377991E+001
  0.246693E+001  0.378464E+001
  0.246855E+001  0.378937E+001
  0.247018E+001  0.379410E+001
  0.247180E+001  0.379883E+001
  0.247343E+001  0.380356E+001
  0.247506E+001  0.380828E+001
  0.247668E+001  0.381301E+001
  0.247831E+001  0.381774E+001
  0.247994E+001  0.382247E+001
  0.248156E+001  0.382720E+001
  0.248319E+001  0.383192E+001
  0.248482E+001  0.383665E+001
  0.248645E+001  0.384138E+001
  0.248808E+001  0.384610E+001
  0.248971E+001  0.385083E+001
  0.249134E+001  0.385556E+001
  0.249297E+001  0.386028E+001
  0.249461E+001  0.386501E+001
  0.249624E+001  0.386974E+001
  0.249787E+001  0.387446E+001
  0.249951E+001  0.387919E+001
  0.250114E+001  0.388391E+001
