  0.102353E+001  0.554948E-001
  0.102353E+001  0.554948E-001
  0.102414E+001  0.604572E-001
  0.102480E+001  0.654140E-001
  0.102550E+001  0.703650E-001
  0.102624E+001  0.753101E-001
  0.102701E+001  0.802491E-001
  0.102783E+001  0.851821E-001
  0.102868E+001  0.901090E-001
  0.102957E+001  0.950298E-001
  0.103049E+001  0.999446E-001
  0.103144E+001  0.104853E+000
  0.103242E+001  0.109756E+000
  0.103343E+001  0.114653E+000
  0.103447E+001  0.119544E+000
  0.103553E+001  0.124430E+000
  0.103662E+001  0.129310E+000
  0.103773E+001  0.134184E+000
  0.103887E+001  0.139054E+000
  0.104003E+001  0.143918E+000
  0.104121E+001  0.148776E+000
  0.104241E+001  0.153630E+000
  0.104363E+001  0.158479E+000
  0.104486E+001  0.163324E+000
  0.104612E+001  0.168163E+000
  0.104739E+001  0.172999E+000
  0.104868E+001  0.177829E+000
  0.104999E+001  0.182656E+000
  0.105131E+001  0.187478E+000
  0.105265E+001  0.192296E+000
  0.105400E+001  0.197110E+000
  0.105536E+001  0.201920E+000
  0.105674E+001  0.206726E+000
  0.105813E+001  0.211529E+000
  0.105954E+001  0.216328E+000
  0.106095E+001  0.221123E+000
  0.106238E+001  0.225915E+000
  0.106382E+001  0.230703E+000
  0.106527E+001  0.235488E+000
  0.106673E+001  0.240269E+000
  0.106821E+001  0.245048E+000
  0.106969E+001  0.249823E+000
  0.107118E+001  0.254595E+000
  0.107268E+001  0.259364E+000
  0.107419E+001  0.264130E+000
  0.107572E+001  0.268893E+000
  0.107725E+001  0.273653E+000
  0.107878E+001  0.278411E+000
  0.108033E+001  0.283165E+000
  0.108189E+001  0.287917E+000
  0.108345E+001  0.292666E+000
  0.108502E+001  0.297412E+000
  0.108660E+001  0.302156E+000
  0.108819E+001  0.306897E+000
  0.108979E+001  0.311635E+000
  0.109139E+001  0.316371E+000
  0.109300E+001  0.321105E+000
  0.109462E+001  0.325836E+000
  0.109624E+001  0.330565E+000
  0.109788E+001  0.335291E+000
  0.109951E+001  0.340015E+000
  0.110116E+001  0.344737E+000
  0.110281E+001  0.349456E+000
  0.110447E+001  0.354173E+000
  0.110613E+001  0.358888E+000
  0.110780E+001  0.363601E+000
  0.110948E+001  0.368312E+000
  0.111116E+001  0.373020E+000
  0.111285E+001  0.377726E+000
  0.111455E+001  0.382430E+000
  0.111625E+001  0.387132E+000
  0.111795E+001  0.391832E+000
  0.111966E+001  0.396530E+000
  0.112138E+001  0.401226E+000
  0.112310E+001  0.405920E+000
  0.112483E+001  0.410612E+000
  0.112656E+001  0.415302E+000
  0.112830E+001  0.419991E+000
  0.113004E+001  0.424677E+000
  0.113179E+001  0.429361E+000
  0.113355E+001  0.434044E+000
  0.113530E+001  0.438724E+000
  0.113707E+001  0.443403E+000
  0.113883E+001  0.448080E+000
  0.114061E+001  0.452755E+000
  0.114238E+001  0.457429E+000
  0.114417E+001  0.462101E+000
  0.114595E+001  0.466770E+000
  0.114774E+001  0.471439E+000
  0.114954E+001  0.476105E+000
  0.115134E+001  0.480770E+000
  0.115314E+001  0.485433E+000
  0.115495E+001  0.490095E+000
  0.115677E+001  0.494754E+000
  0.115858E+001  0.499413E+000
  0.116040E+001  0.504069E+000
  0.116223E+001  0.508724E+000
  0.116406E+001  0.513378E+000
  0.116589E+001  0.518029E+000
  0.116773E+001  0.522680E+000
  0.116957E+001  0.527328E+000
  0.117141E+001  0.531976E+000
  0.117326E+001  0.536621E+000
  0.117511E+001  0.541265E+000
  0.117697E+001  0.545908E+000
  0.117883E+001  0.550549E+000
  0.118069E+001  0.555189E+000
  0.118256E+001  0.559827E+000
  0.118443E+001  0.564464E+000
  0.118631E+001  0.569100E+000
  0.118818E+001  0.573734E+000
  0.119007E+001  0.578366E+000
  0.119195E+001  0.582998E+000
  0.119384E+001  0.587628E+000
  0.119573E+001  0.592256E+000
  0.119762E+001  0.596883E+000
  0.119952E+001  0.601509E+000
  0.120142E+001  0.606134E+000
  0.120333E+001  0.610757E+000
  0.120523E+001  0.615379E+000
  0.120714E+001  0.620000E+000
  0.120906E+001  0.624619E+000
  0.121097E+001  0.629237E+000
  0.121289E+001  0.633854E+000
  0.121482E+001  0.638470E+000
  0.121674E+001  0.643084E+000
  0.121867E+001  0.647697E+000
  0.122060E+001  0.652310E+000
  0.122253E+001  0.656920E+000
  0.122447E+001  0.661530E+000
  0.122641E+001  0.666139E+000
  0.122835E+001  0.670746E+000
  0.123030E+001  0.675352E+000
  0.123224E+001  0.679958E+000
  0.123419E+001  0.684562E+000
  0.123615E+001  0.689164E+000
  0.123810E+001  0.693766E+000
  0.124006E+001  0.698367E+000
  0.124202E+001  0.702967E+000
  0.124398E+001  0.707566E+000
  0.124595E+001  0.712163E+000
  0.124792E+001  0.716760E+000
  0.124989E+001  0.721355E+000
  0.125186E+001  0.725950E+000
  0.125383E+001  0.730544E+000
  0.125581E+001  0.735136E+000
  0.125779E+001  0.739728E+000
  0.125977E+001  0.744319E+000
  0.126175E+001  0.748908E+000
  0.126374E+001  0.753497E+000
  0.126573E+001  0.758085E+000
  0.126772E+001  0.762672E+000
  0.126971E+001  0.767258E+000
  0.127170E+001  0.771844E+000
  0.127370E+001  0.776428E+000
  0.127569E+001  0.781011E+000
  0.127769E+001  0.785594E+000
  0.127970E+001  0.790176E+000
  0.128170E+001  0.794757E+000
  0.128371E+001  0.799337E+000
  0.128571E+001  0.803917E+000
  0.128772E+001  0.808495E+000
  0.128973E+001  0.813073E+000
  0.129174E+001  0.817650E+000
  0.129376E+001  0.822227E+000
  0.129577E+001  0.826802E+000
  0.129779E+001  0.831377E+000
  0.129981E+001  0.835952E+000
  0.130183E+001  0.840525E+000
  0.130385E+001  0.845098E+000
  0.130588E+001  0.849670E+000
  0.130790E+001  0.854242E+000
  0.130993E+001  0.858813E+000
  0.131196E+001  0.863383E+000
  0.131399E+001  0.867952E+000
  0.131602E+001  0.872521E+000
  0.131805E+001  0.877090E+000
  0.132008E+001  0.881658E+000
  0.132212E+001  0.886225E+000
  0.132415E+001  0.890792E+000
  0.132619E+001  0.895358E+000
  0.132823E+001  0.899924E+000
  0.133027E+001  0.904489E+000
  0.133231E+001  0.909054E+000
  0.133435E+001  0.913618E+000
  0.133639E+001  0.918182E+000
  0.133844E+001  0.922745E+000
  0.134048E+001  0.927308E+000
  0.134253E+001  0.931870E+000
  0.134457E+001  0.936432E+000
  0.134662E+001  0.940994E+000
  0.134867E+001  0.945555E+000
  0.135072E+001  0.950116E+000
  0.135277E+001  0.954676E+000
  0.135482E+001  0.959236E+000
  0.135687E+001  0.963796E+000
  0.135892E+001  0.968355E+000
  0.136098E+001  0.972914E+000
  0.136303E+001  0.977473E+000
  0.136508E+001  0.982032E+000
  0.136714E+001  0.986590E+000
  0.136919E+001  0.991148E+000
  0.137125E+001  0.995705E+000
  0.137331E+001  0.100026E+001
  0.137536E+001  0.100482E+001
  0.137742E+001  0.100938E+001
  0.137948E+001  0.101393E+001
  0.138154E+001  0.101849E+001
  0.138360E+001  0.102305E+001
  0.138566E+001  0.102760E+001
  0.138772E+001  0.103216E+001
  0.138978E+001  0.103672E+001
  0.139184E+001  0.104127E+001
  0.139390E+001  0.104583E+001
  0.139596E+001  0.105038E+001
  0.139802E+001  0.105494E+001
  0.140008E+001  0.105949E+001
  0.140214E+001  0.106405E+001
  0.140420E+001  0.106860E+001
  0.140627E+001  0.107316E+001
  0.140833E+001  0.107771E+001
  0.141039E+001  0.108227E+001
  0.141245E+001  0.108682E+001
  0.141452E+001  0.109138E+001
  0.141658E+001  0.109593E+001
  0.141864E+001  0.110048E+001
  0.142071E+001  0.110504E+001
  0.142277E+001  0.110959E+001
  0.142484E+001  0.111415E+001
  0.142690E+001  0.111870E+001
  0.142897E+001  0.112326E+001
  0.143103E+001  0.112781E+001
  0.143310E+001  0.113236E+001
  0.143516E+001  0.113692E+001
  0.143723E+001  0.114147E+001
  0.143929E+001  0.114602E+001
  0.144136E+001  0.115058E+001
  0.144343E+001  0.115513E+001
  0.144549E+001  0.115968E+001
  0.144756E+001  0.116423E+001
  0.144963E+001  0.116879E+001
  0.145170E+001  0.117334E+001
  0.145377E+001  0.117789E+001
  0.145584E+001  0.118244E+001
  0.145791E+001  0.118699E+001
  0.145998E+001  0.119154E+001
  0.146205E+001  0.119609E+001
  0.146413E+001  0.120064E+001
  0.146620E+001  0.120519E+001
  0.146828E+001  0.120974E+001
  0.147035E+001  0.121429E+001
  0.147243E+001  0.121884E+001
  0.147451E+001  0.122338E+001
  0.147659E+001  0.122793E+001
  0.147867E+001  0.123247E+001
  0.148076E+001  0.123702E+001
  0.148284E+001  0.124156E+001
  0.148493E+001  0.124611E+001
  0.148702E+001  0.125065E+001
  0.148911E+001  0.125519E+001
  0.149121E+001  0.125973E+001
  0.149330E+001  0.126427E+001
  0.149540E+001  0.126881E+001
  0.149750E+001  0.127335E+001
  0.149960E+001  0.127788E+001
  0.150171E+001  0.128242E+001
  0.150382E+001  0.128695E+001
  0.150593E+001  0.129149E+001
  0.150804E+001  0.129602E+001
  0.151016E+001  0.130055E+001
  0.151228E+001  0.130508E+001
  0.151440E+001  0.130960E+001
  0.151652E+001  0.131413E+001
  0.151865E+001  0.131865E+001
  0.152079E+001  0.132318E+001
  0.152292E+001  0.132770E+001
  0.152506E+001  0.133222E+001
  0.152720E+001  0.133673E+001
  0.152935E+001  0.134125E+001
  0.153150E+001  0.134576E+001
  0.153365E+001  0.135028E+001
  0.153581E+001  0.135479E+001
  0.153797E+001  0.135930E+001
  0.154013E+001  0.136381E+001
  0.154230E+001  0.136831E+001
  0.154447E+001  0.137282E+001
  0.154664E+001  0.137732E+001
  0.154881E+001  0.138182E+001
  0.155099E+001  0.138632E+001
  0.155318E+001  0.139082E+001
  0.155536E+001  0.139532E+001
  0.155755E+001  0.139981E+001
  0.155974E+001  0.140431E+001
  0.156193E+001  0.140880E+001
  0.156413E+001  0.141329E+001
  0.156633E+001  0.141778E+001
  0.156853E+001  0.142227E+001
  0.157073E+001  0.142676E+001
  0.157293E+001  0.143125E+001
  0.157513E+001  0.143574E+001
  0.157734E+001  0.144023E+001
  0.157954E+001  0.144472E+001
  0.158174E+001  0.144921E+001
  0.158395E+001  0.145369E+001
  0.158615E+001  0.145818E+001
  0.158835E+001  0.146267E+001
  0.159055E+001  0.146716E+001
  0.159275E+001  0.147165E+001
  0.159495E+001  0.147614E+001
  0.159714E+001  0.148064E+001
  0.159933E+001  0.148513E+001
  0.160152E+001  0.148963E+001
  0.160370E+001  0.149413E+001
  0.160587E+001  0.149863E+001
  0.160804E+001  0.150313E+001
  0.161021E+001  0.150764E+001
  0.161237E+001  0.151215E+001
  0.161452E+001  0.151666E+001
  0.161667E+001  0.152118E+001
  0.161881E+001  0.152570E+001
  0.162094E+001  0.153022E+001
  0.162306E+001  0.153475E+001
  0.162517E+001  0.153928E+001
  0.162728E+001  0.154382E+001
  0.162938E+001  0.154835E+001
  0.163147E+001  0.155290E+001
  0.163355E+001  0.155744E+001
  0.163562E+001  0.156199E+001
  0.163769E+001  0.156654E+001
  0.163975E+001  0.157110E+001
  0.164180E+001  0.157566E+001
  0.164385E+001  0.158022E+001
  0.164589E+001  0.158479E+001
  0.164792E+001  0.158936E+001
  0.164995E+001  0.159393E+001
  0.165197E+001  0.159850E+001
  0.165399E+001  0.160307E+001
  0.165601E+001  0.160765E+001
  0.165802E+001  0.161222E+001
  0.166003E+001  0.161680E+001
  0.166204E+001  0.162138E+001
  0.166405E+001  0.162596E+001
  0.166606E+001  0.163054E+001
  0.166806E+001  0.163512E+001
  0.167007E+001  0.163970E+001
  0.167208E+001  0.164428E+001
  0.167409E+001  0.164886E+001
  0.167610E+001  0.165343E+001
  0.167811E+001  0.165801E+001
  0.168012E+001  0.166259E+001
  0.168214E+001  0.166716E+001
  0.168416E+001  0.167174E+001
  0.168619E+001  0.167631E+001
  0.168821E+001  0.168088E+001
  0.169025E+001  0.168545E+001
  0.169228E+001  0.169001E+001
  0.169432E+001  0.169458E+001
  0.169636E+001  0.169914E+001
  0.169841E+001  0.170370E+001
  0.170046E+001  0.170826E+001
  0.170252E+001  0.171282E+001
  0.170458E+001  0.171737E+001
  0.170665E+001  0.172193E+001
  0.170873E+001  0.172648E+001
  0.171080E+001  0.173102E+001
  0.171289E+001  0.173557E+001
  0.171498E+001  0.174011E+001
  0.171707E+001  0.174465E+001
  0.171917E+001  0.174919E+001
  0.172128E+001  0.175373E+001
  0.172339E+001  0.175826E+001
  0.172550E+001  0.176279E+001
  0.172763E+001  0.176731E+001
  0.172976E+001  0.177184E+001
  0.173189E+001  0.177636E+001
  0.173403E+001  0.178088E+001
  0.173617E+001  0.178540E+001
  0.173833E+001  0.178991E+001
  0.174048E+001  0.179442E+001
  0.174265E+001  0.179893E+001
  0.174481E+001  0.180343E+001
  0.174699E+001  0.180794E+001
  0.174917E+001  0.181244E+001
  0.175135E+001  0.181693E+001
  0.175354E+001  0.182143E+001
  0.175574E+001  0.182592E+001
  0.175794E+001  0.183041E+001
  0.176015E+001  0.183490E+001
  0.176236E+001  0.183938E+001
  0.176457E+001  0.184386E+001
  0.176680E+001  0.184834E+001
  0.176903E+001  0.185282E+001
  0.177126E+001  0.185729E+001
  0.177350E+001  0.186176E+001
  0.177574E+001  0.186623E+001
  0.177799E+001  0.187070E+001
  0.178024E+001  0.187516E+001
  0.178250E+001  0.187962E+001
  0.178476E+001  0.188408E+001
  0.178703E+001  0.188854E+001
  0.178930E+001  0.189299E+001
  0.179158E+001  0.189744E+001
  0.179386E+001  0.190189E+001
  0.179614E+001  0.190634E+001
  0.179843E+001  0.191078E+001
  0.180073E+001  0.191523E+001
  0.180303E+001  0.191967E+001
  0.180533E+001  0.192411E+001
  0.180763E+001  0.192854E+001
  0.180994E+001  0.193298E+001
  0.181226E+001  0.193741E+001
  0.181458E+001  0.194184E+001
  0.181690E+001  0.194627E+001
  0.181922E+001  0.195069E+001
  0.182155E+001  0.195512E+001
  0.182388E+001  0.195954E+001
  0.182622E+001  0.196396E+001
  0.182856E+001  0.196838E+001
  0.183090E+001  0.197280E+001
  0.183324E+001  0.197722E+001
  0.183559E+001  0.198163E+001
  0.183794E+001  0.198605E+001
  0.184029E+001  0.199046E+001
  0.184264E+001  0.199487E+001
  0.184500E+001  0.199928E+001
  0.184736E+001  0.200369E+001
  0.184972E+001  0.200809E+001
  0.185208E+001  0.201250E+001
  0.185445E+001  0.201691E+001
  0.185681E+001  0.202131E+001
  0.185918E+001  0.202571E+001
  0.186155E+001  0.203012E+001
  0.186392E+001  0.203452E+001
  0.186630E+001  0.203892E+001
  0.186867E+001  0.204332E+001
  0.187104E+001  0.204772E+001
  0.187342E+001  0.205212E+001
  0.187579E+001  0.205652E+001
  0.187817E+001  0.206092E+001
  0.188055E+001  0.206532E+001
  0.188292E+001  0.206972E+001
  0.188530E+001  0.207412E+001
  0.188768E+001  0.207852E+001
  0.189006E+001  0.208291E+001
  0.189243E+001  0.208731E+001
  0.189481E+001  0.209171E+001
  0.189719E+001  0.209611E+001
  0.189957E+001  0.210051E+001
  0.190194E+001  0.210491E+001
  0.190432E+001  0.210931E+001
  0.190670E+001  0.211371E+001
  0.190907E+001  0.211810E+001
  0.191145E+001  0.212250E+001
  0.191383E+001  0.212690E+001
  0.191620E+001  0.213130E+001
  0.191858E+001  0.213570E+001
  0.192096E+001  0.214010E+001
  0.192333E+001  0.214450E+001
  0.192571E+001  0.214890E+001
  0.192809E+001  0.215329E+001
  0.193047E+001  0.215769E+001
  0.193285E+001  0.216209E+001
  0.193523E+001  0.216649E+001
  0.193761E+001  0.217088E+001
  0.193999E+001  0.217528E+001
  0.194238E+001  0.217967E+001
  0.194477E+001  0.218407E+001
  0.194715E+001  0.218846E+001
  0.194955E+001  0.219285E+001
  0.195194E+001  0.219724E+001
  0.195433E+001  0.220163E+001
  0.195673E+001  0.220602E+001
  0.195913E+001  0.221040E+001
  0.196154E+001  0.221479E+001
  0.196395E+001  0.221917E+001
  0.196636E+001  0.222355E+001
  0.196877E+001  0.222793E+001
  0.197119E+001  0.223230E+001
  0.197362E+001  0.223668E+001
  0.197604E+001  0.224105E+001
  0.197848E+001  0.224542E+001
  0.198091E+001  0.224978E+001
  0.198335E+001  0.225415E+001
  0.198580E+001  0.225851E+001
  0.198825E+001  0.226286E+001
  0.199071E+001  0.226722E+001
  0.199317E+001  0.227157E+001
  0.199563E+001  0.227592E+001
  0.199811E+001  0.228027E+001
  0.200058E+001  0.228461E+001
  0.200307E+001  0.228895E+001
  0.200556E+001  0.229329E+001
  0.200805E+001  0.229762E+001
  0.201055E+001  0.230195E+001
  0.201306E+001  0.230627E+001
  0.201557E+001  0.231060E+001
  0.201809E+001  0.231492E+001
  0.202062E+001  0.231923E+001
  0.202315E+001  0.232354E+001
  0.202568E+001  0.232785E+001
  0.202823E+001  0.233216E+001
  0.203078E+001  0.233646E+001
  0.203333E+001  0.234076E+001
  0.203589E+001  0.234505E+001
  0.203846E+001  0.234934E+001
  0.204103E+001  0.235363E+001
  0.204362E+001  0.235791E+001
  0.204620E+001  0.236219E+001
  0.204879E+001  0.236647E+001
  0.205139E+001  0.237074E+001
  0.205400E+001  0.237501E+001
  0.205661E+001  0.237927E+001
  0.205922E+001  0.238353E+001
  0.206184E+001  0.238779E+001
  0.206447E+001  0.239204E+001
  0.206711E+001  0.239629E+001
  0.206975E+001  0.240054E+001
  0.207239E+001  0.240478E+001
  0.207504E+001  0.240902E+001
  0.207770E+001  0.241326E+001
  0.208036E+001  0.241749E+001
  0.208302E+001  0.242172E+001
  0.208569E+001  0.242595E+001
  0.208837E+001  0.243017E+001
  0.209105E+001  0.243439E+001
  0.209374E+001  0.243861E+001
  0.209643E+001  0.244282E+001
  0.209912E+001  0.244704E+001
  0.210182E+001  0.245125E+001
  0.210452E+001  0.245545E+001
  0.210723E+001  0.245966E+001
  0.210994E+001  0.246386E+001
  0.211265E+001  0.246806E+001
  0.211537E+001  0.247226E+001
  0.211809E+001  0.247645E+001
  0.212081E+001  0.248065E+001
  0.212353E+001  0.248484E+001
  0.212626E+001  0.248903E+001
  0.212899E+001  0.249322E+001
  0.213171E+001  0.249741E+001
  0.213444E+001  0.250160E+001
  0.213717E+001  0.250579E+001
  0.213990E+001  0.250998E+001
  0.214263E+001  0.251417E+001
  0.214536E+001  0.251836E+001
  0.214809E+001  0.252255E+001
  0.215081E+001  0.252674E+001
  0.215353E+001  0.253094E+001
  0.215625E+001  0.253514E+001
  0.215896E+001  0.253934E+001
  0.216167E+001  0.254354E+001
  0.216437E+001  0.254775E+001
  0.216706E+001  0.255196E+001
  0.216975E+001  0.255618E+001
  0.217243E+001  0.256040E+001
  0.217510E+001  0.256462E+001
  0.217776E+001  0.256886E+001
  0.218042E+001  0.257309E+001
  0.218306E+001  0.257734E+001
  0.218569E+001  0.258159E+001
  0.218832E+001  0.258584E+001
  0.219094E+001  0.259010E+001
  0.219354E+001  0.259437E+001
  0.219614E+001  0.259864E+001
  0.219873E+001  0.260292E+001
  0.220131E+001  0.260720E+001
  0.220388E+001  0.261149E+001
  0.220645E+001  0.261578E+001
  0.220901E+001  0.262008E+001
  0.221156E+001  0.262438E+001
  0.221410E+001  0.262868E+001
  0.221664E+001  0.263299E+001
  0.221917E+001  0.263730E+001
  0.222170E+001  0.264162E+001
  0.222422E+001  0.264593E+001
  0.222674E+001  0.265025E+001
  0.222925E+001  0.265458E+001
  0.223175E+001  0.265890E+001
  0.223425E+001  0.266323E+001
  0.223675E+001  0.266757E+001
  0.223924E+001  0.267190E+001
  0.224173E+001  0.267624E+001
  0.224421E+001  0.268058E+001
  0.224669E+001  0.268492E+001
  0.224917E+001  0.268926E+001
  0.225164E+001  0.269361E+001
  0.225411E+001  0.269796E+001
  0.225657E+001  0.270231E+001
  0.225903E+001  0.270667E+001
  0.226148E+001  0.271102E+001
  0.226394E+001  0.271538E+001
  0.226638E+001  0.271974E+001
  0.226883E+001  0.272410E+001
  0.227127E+001  0.272846E+001
  0.227370E+001  0.273283E+001
  0.227614E+001  0.273720E+001
  0.227857E+001  0.274157E+001
  0.228099E+001  0.274594E+001
  0.228341E+001  0.275032E+001
  0.228583E+001  0.275469E+001
  0.228824E+001  0.275907E+001
  0.229066E+001  0.276345E+001
  0.229306E+001  0.276783E+001
  0.229546E+001  0.277222E+001
  0.229786E+001  0.277661E+001
  0.230026E+001  0.278100E+001
  0.230265E+001  0.278539E+001
  0.230504E+001  0.278978E+001
  0.230742E+001  0.279417E+001
  0.230980E+001  0.279857E+001
  0.231218E+001  0.280297E+001
  0.231455E+001  0.280737E+001
  0.231692E+001  0.281178E+001
  0.231928E+001  0.281618E+001
  0.232164E+001  0.282059E+001
  0.232400E+001  0.282500E+001
  0.232635E+001  0.282941E+001
  0.232870E+001  0.283383E+001
  0.233104E+001  0.283824E+001
  0.233338E+001  0.284266E+001
  0.233572E+001  0.284708E+001
  0.233805E+001  0.285150E+001
  0.234038E+001  0.285593E+001
  0.234270E+001  0.286036E+001
  0.234502E+001  0.286479E+001
  0.234734E+001  0.286922E+001
  0.234965E+001  0.287365E+001
  0.235196E+001  0.287809E+001
  0.235426E+001  0.288253E+001
  0.235656E+001  0.288697E+001
  0.235885E+001  0.289141E+001
  0.236114E+001  0.289585E+001
  0.236343E+001  0.290030E+001
  0.236571E+001  0.290475E+001
  0.236798E+001  0.290920E+001
  0.237026E+001  0.291366E+001
  0.237252E+001  0.291811E+001
  0.237479E+001  0.292257E+001
  0.237705E+001  0.292703E+001
  0.237930E+001  0.293149E+001
  0.238155E+001  0.293596E+001
  0.238380E+001  0.294043E+001
  0.238604E+001  0.294490E+001
  0.238827E+001  0.294937E+001
  0.239051E+001  0.295384E+001
  0.239273E+001  0.295832E+001
  0.239496E+001  0.296280E+001
  0.239717E+001  0.296728E+001
  0.239939E+001  0.297176E+001
  0.240160E+001  0.297625E+001
  0.240380E+001  0.298073E+001
  0.240600E+001  0.298522E+001
  0.240820E+001  0.298972E+001
  0.241039E+001  0.299421E+001
  0.241257E+001  0.299871E+001
  0.241476E+001  0.300321E+001
  0.241693E+001  0.300771E+001
  0.241910E+001  0.301221E+001
  0.242127E+001  0.301672E+001
  0.242343E+001  0.302123E+001
  0.242559E+001  0.302574E+001
  0.242774E+001  0.303025E+001
  0.242989E+001  0.303476E+001
  0.243204E+001  0.303928E+001
  0.243418E+001  0.304380E+001
  0.243631E+001  0.304832E+001
  0.243844E+001  0.305285E+001
  0.244057E+001  0.305737E+001
  0.244269E+001  0.306190E+001
  0.244480E+001  0.306643E+001
  0.244691E+001  0.307096E+001
  0.244902E+001  0.307550E+001
  0.245112E+001  0.308003E+001
  0.245322E+001  0.308457E+001
  0.245531E+001  0.308912E+001
  0.245740E+001  0.309366E+001
  0.245948E+001  0.309820E+001
  0.246156E+001  0.310275E+001
  0.246363E+001  0.310730E+001
  0.246570E+001  0.311185E+001
  0.246776E+001  0.311641E+001
  0.246982E+001  0.312096E+001
  0.247188E+001  0.312552E+001
  0.247393E+001  0.313008E+001
  0.247597E+001  0.313465E+001
  0.247801E+001  0.313921E+001
  0.248005E+001  0.314378E+001
  0.248208E+001  0.314834E+001
  0.248411E+001  0.315292E+001
  0.248613E+001  0.315749E+001
  0.248815E+001  0.316206E+001
  0.249016E+001  0.316664E+001
  0.249217E+001  0.317122E+001
  0.249418E+001  0.317580E+001
  0.249618E+001  0.318038E+001
  0.249817E+001  0.318497E+001
  0.250016E+001  0.318955E+001
