  0.151541E+001  0.133599E+000
  0.151541E+001  0.133599E+000
  0.151533E+001  0.138599E+000
  0.151525E+001  0.143598E+000
  0.151516E+001  0.148597E+000
  0.151508E+001  0.153596E+000
  0.151499E+001  0.158596E+000
  0.151490E+001  0.163595E+000
  0.151480E+001  0.168594E+000
  0.151471E+001  0.173593E+000
  0.151461E+001  0.178592E+000
  0.151451E+001  0.183591E+000
  0.151440E+001  0.188590E+000
  0.151430E+001  0.193589E+000
  0.151419E+001  0.198588E+000
  0.151408E+001  0.203586E+000
  0.151397E+001  0.208585E+000
  0.151385E+001  0.213584E+000
  0.151374E+001  0.218583E+000
  0.151362E+001  0.223581E+000
  0.151350E+001  0.228580E+000
  0.151338E+001  0.233578E+000
  0.151325E+001  0.238577E+000
  0.151313E+001  0.243575E+000
  0.151300E+001  0.248573E+000
  0.151287E+001  0.253572E+000
  0.151273E+001  0.258570E+000
  0.151260E+001  0.263568E+000
  0.151246E+001  0.268566E+000
  0.151231E+001  0.273564E+000
  0.151217E+001  0.278562E+000
  0.151201E+001  0.283560E+000
  0.151186E+001  0.288557E+000
  0.151170E+001  0.293554E+000
  0.151153E+001  0.298552E+000
  0.151135E+001  0.303548E+000
  0.151116E+001  0.308545E+000
  0.151096E+001  0.313541E+000
  0.151074E+001  0.318536E+000
  0.151050E+001  0.323530E+000
  0.151023E+001  0.328523E+000
  0.150993E+001  0.333514E+000
  0.150958E+001  0.338502E+000
  0.150918E+001  0.343486E+000
  0.150872E+001  0.348465E+000
  0.150819E+001  0.353437E+000
  0.150760E+001  0.358401E+000
  0.150695E+001  0.363359E+000
  0.150625E+001  0.368310E+000
  0.150552E+001  0.373255E+000
  0.150475E+001  0.378197E+000
  0.150397E+001  0.383135E+000
  0.150317E+001  0.388070E+000
  0.150236E+001  0.393005E+000
  0.150155E+001  0.397938E+000
  0.150073E+001  0.402871E+000
  0.149992E+001  0.407804E+000
  0.149910E+001  0.412738E+000
  0.149829E+001  0.417671E+000
  0.149748E+001  0.422606E+000
  0.149668E+001  0.427541E+000
  0.149588E+001  0.432477E+000
  0.149509E+001  0.437413E+000
  0.149430E+001  0.442351E+000
  0.149353E+001  0.447290E+000
  0.149275E+001  0.452230E+000
  0.149199E+001  0.457171E+000
  0.149123E+001  0.462114E+000
  0.149048E+001  0.467057E+000
  0.148974E+001  0.472002E+000
  0.148900E+001  0.476948E+000
  0.148828E+001  0.481895E+000
  0.148756E+001  0.486843E+000
  0.148685E+001  0.491792E+000
  0.148615E+001  0.496743E+000
  0.148546E+001  0.501695E+000
  0.148478E+001  0.506648E+000
  0.148411E+001  0.511603E+000
  0.148344E+001  0.516559E+000
  0.148279E+001  0.521516E+000
  0.148214E+001  0.526474E+000
  0.148151E+001  0.531433E+000
  0.148088E+001  0.536394E+000
  0.148026E+001  0.541356E+000
  0.147966E+001  0.546319E+000
  0.147906E+001  0.551283E+000
  0.147847E+001  0.556248E+000
  0.147789E+001  0.561215E+000
  0.147733E+001  0.566182E+000
  0.147677E+001  0.571151E+000
  0.147622E+001  0.576121E+000
  0.147569E+001  0.581092E+000
  0.147516E+001  0.586065E+000
  0.147464E+001  0.591038E+000
  0.147414E+001  0.596012E+000
  0.147364E+001  0.600988E+000
  0.147316E+001  0.605964E+000
  0.147269E+001  0.610942E+000
  0.147222E+001  0.615920E+000
  0.147177E+001  0.620900E+000
  0.147133E+001  0.625881E+000
  0.147090E+001  0.630862E+000
  0.147049E+001  0.635845E+000
  0.147008E+001  0.640828E+000
  0.146968E+001  0.645812E+000
  0.146930E+001  0.650798E+000
  0.146893E+001  0.655784E+000
  0.146857E+001  0.660771E+000
  0.146822E+001  0.665759E+000
  0.146788E+001  0.670747E+000
  0.146756E+001  0.675737E+000
  0.146724E+001  0.680727E+000
  0.146694E+001  0.685718E+000
  0.146665E+001  0.690709E+000
  0.146638E+001  0.695702E+000
  0.146611E+001  0.700695E+000
  0.146586E+001  0.705688E+000
  0.146562E+001  0.710683E+000
  0.146539E+001  0.715677E+000
  0.146518E+001  0.720673E+000
  0.146498E+001  0.725669E+000
  0.146479E+001  0.730665E+000
  0.146461E+001  0.735662E+000
  0.146445E+001  0.740660E+000
  0.146430E+001  0.745657E+000
  0.146416E+001  0.750655E+000
  0.146404E+001  0.755654E+000
  0.146393E+001  0.760653E+000
  0.146384E+001  0.765652E+000
  0.146375E+001  0.770651E+000
  0.146369E+001  0.775651E+000
  0.146363E+001  0.780650E+000
  0.146359E+001  0.785650E+000
  0.146356E+001  0.790650E+000
  0.146355E+001  0.795650E+000
  0.146355E+001  0.800650E+000
  0.146357E+001  0.805650E+000
  0.146360E+001  0.810650E+000
  0.146364E+001  0.815650E+000
  0.146370E+001  0.820649E+000
  0.146378E+001  0.825649E+000
  0.146386E+001  0.830648E+000
  0.146397E+001  0.835647E+000
  0.146409E+001  0.840646E+000
  0.146422E+001  0.845644E+000
  0.146437E+001  0.850642E+000
  0.146453E+001  0.855639E+000
  0.146471E+001  0.860636E+000
  0.146491E+001  0.865632E+000
  0.146512E+001  0.870627E+000
  0.146535E+001  0.875622E+000
  0.146559E+001  0.880616E+000
  0.146585E+001  0.885610E+000
  0.146612E+001  0.890602E+000
  0.146641E+001  0.895594E+000
  0.146672E+001  0.900584E+000
  0.146704E+001  0.905574E+000
  0.146738E+001  0.910562E+000
  0.146774E+001  0.915550E+000
  0.146811E+001  0.920536E+000
  0.146850E+001  0.925520E+000
  0.146891E+001  0.930504E+000
  0.146933E+001  0.935486E+000
  0.146977E+001  0.940466E+000
  0.147023E+001  0.945445E+000
  0.147071E+001  0.950423E+000
  0.147120E+001  0.955398E+000
  0.147171E+001  0.960372E+000
  0.147224E+001  0.965344E+000
  0.147278E+001  0.970315E+000
  0.147334E+001  0.975283E+000
  0.147392E+001  0.980249E+000
  0.147452E+001  0.985213E+000
  0.147514E+001  0.990175E+000
  0.147577E+001  0.995135E+000
  0.147643E+001  0.100009E+001
  0.147710E+001  0.100505E+001
  0.147779E+001  0.101000E+001
  0.147849E+001  0.101495E+001
  0.147922E+001  0.101990E+001
  0.147996E+001  0.102484E+001
  0.148073E+001  0.102978E+001
  0.148151E+001  0.103472E+001
  0.148231E+001  0.103966E+001
  0.148313E+001  0.104459E+001
  0.148397E+001  0.104952E+001
  0.148482E+001  0.105444E+001
  0.148570E+001  0.105937E+001
  0.148659E+001  0.106429E+001
  0.148750E+001  0.106920E+001
  0.148844E+001  0.107411E+001
  0.148939E+001  0.107902E+001
  0.149036E+001  0.108393E+001
  0.149135E+001  0.108883E+001
  0.149235E+001  0.109373E+001
  0.149338E+001  0.109862E+001
  0.149443E+001  0.110351E+001
  0.149549E+001  0.110839E+001
  0.149658E+001  0.111328E+001
  0.149768E+001  0.111815E+001
  0.149880E+001  0.112302E+001
  0.149994E+001  0.112789E+001
  0.150110E+001  0.113276E+001
  0.150228E+001  0.113762E+001
  0.150347E+001  0.114247E+001
  0.150469E+001  0.114732E+001
  0.150592E+001  0.115217E+001
  0.150717E+001  0.115701E+001
  0.150844E+001  0.116184E+001
  0.150973E+001  0.116668E+001
  0.151103E+001  0.117150E+001
  0.151236E+001  0.117632E+001
  0.151370E+001  0.118114E+001
  0.151506E+001  0.118595E+001
  0.151643E+001  0.119076E+001
  0.151783E+001  0.119556E+001
  0.151924E+001  0.120036E+001
  0.152066E+001  0.120515E+001
  0.152211E+001  0.120994E+001
  0.152357E+001  0.121472E+001
  0.152504E+001  0.121950E+001
  0.152654E+001  0.122427E+001
  0.152805E+001  0.122904E+001
  0.152957E+001  0.123380E+001
  0.153111E+001  0.123855E+001
  0.153266E+001  0.124331E+001
  0.153423E+001  0.124805E+001
  0.153582E+001  0.125280E+001
  0.153742E+001  0.125753E+001
  0.153903E+001  0.126227E+001
  0.154065E+001  0.126699E+001
  0.154229E+001  0.127172E+001
  0.154395E+001  0.127644E+001
  0.154561E+001  0.128115E+001
  0.154729E+001  0.128586E+001
  0.154898E+001  0.129057E+001
  0.155068E+001  0.129527E+001
  0.155239E+001  0.129997E+001
  0.155412E+001  0.130466E+001
  0.155585E+001  0.130935E+001
  0.155760E+001  0.131403E+001
  0.155936E+001  0.131872E+001
  0.156112E+001  0.132339E+001
  0.156290E+001  0.132807E+001
  0.156468E+001  0.133274E+001
  0.156647E+001  0.133741E+001
  0.156827E+001  0.134207E+001
  0.157008E+001  0.134674E+001
  0.157189E+001  0.135139E+001
  0.157371E+001  0.135605E+001
  0.157553E+001  0.136071E+001
  0.157736E+001  0.136536E+001
  0.157920E+001  0.137001E+001
  0.158103E+001  0.137466E+001
  0.158287E+001  0.137931E+001
  0.158472E+001  0.138396E+001
  0.158656E+001  0.138861E+001
  0.158840E+001  0.139325E+001
  0.159025E+001  0.139790E+001
  0.159209E+001  0.140255E+001
  0.159393E+001  0.140720E+001
  0.159577E+001  0.141185E+001
  0.159761E+001  0.141650E+001
  0.159944E+001  0.142115E+001
  0.160126E+001  0.142581E+001
  0.160309E+001  0.143046E+001
  0.160490E+001  0.143512E+001
  0.160672E+001  0.143978E+001
  0.160853E+001  0.144444E+001
  0.161033E+001  0.144910E+001
  0.161213E+001  0.145377E+001
  0.161393E+001  0.145843E+001
  0.161573E+001  0.146310E+001
  0.161753E+001  0.146776E+001
  0.161933E+001  0.147243E+001
  0.162113E+001  0.147709E+001
  0.162294E+001  0.148175E+001
  0.162475E+001  0.148641E+001
  0.162657E+001  0.149107E+001
  0.162839E+001  0.149573E+001
  0.163023E+001  0.150038E+001
  0.163207E+001  0.150503E+001
  0.163393E+001  0.150967E+001
  0.163579E+001  0.151431E+001
  0.163767E+001  0.151894E+001
  0.163956E+001  0.152357E+001
  0.164146E+001  0.152820E+001
  0.164338E+001  0.153281E+001
  0.164530E+001  0.153743E+001
  0.164725E+001  0.154204E+001
  0.164920E+001  0.154664E+001
  0.165117E+001  0.155124E+001
  0.165315E+001  0.155583E+001
  0.165514E+001  0.156041E+001
  0.165714E+001  0.156499E+001
  0.165916E+001  0.156957E+001
  0.166118E+001  0.157414E+001
  0.166322E+001  0.157871E+001
  0.166526E+001  0.158327E+001
  0.166732E+001  0.158783E+001
  0.166938E+001  0.159238E+001
  0.167145E+001  0.159693E+001
  0.167353E+001  0.160148E+001
  0.167561E+001  0.160603E+001
  0.167770E+001  0.161057E+001
  0.167980E+001  0.161511E+001
  0.168190E+001  0.161965E+001
  0.168401E+001  0.162418E+001
  0.168611E+001  0.162871E+001
  0.168823E+001  0.163325E+001
  0.169034E+001  0.163778E+001
  0.169246E+001  0.164231E+001
  0.169458E+001  0.164683E+001
  0.169670E+001  0.165136E+001
  0.169882E+001  0.165589E+001
  0.170095E+001  0.166042E+001
  0.170308E+001  0.166494E+001
  0.170520E+001  0.166947E+001
  0.170733E+001  0.167399E+001
  0.170946E+001  0.167851E+001
  0.171159E+001  0.168304E+001
  0.171372E+001  0.168756E+001
  0.171585E+001  0.169209E+001
  0.171798E+001  0.169661E+001
  0.172011E+001  0.170113E+001
  0.172223E+001  0.170566E+001
  0.172436E+001  0.171018E+001
  0.172649E+001  0.171471E+001
  0.172862E+001  0.171923E+001
  0.173075E+001  0.172375E+001
  0.173288E+001  0.172828E+001
  0.173501E+001  0.173280E+001
  0.173714E+001  0.173733E+001
  0.173927E+001  0.174185E+001
  0.174139E+001  0.174638E+001
  0.174352E+001  0.175090E+001
  0.174565E+001  0.175543E+001
  0.174778E+001  0.175995E+001
  0.174990E+001  0.176447E+001
  0.175203E+001  0.176900E+001
  0.175416E+001  0.177352E+001
  0.175629E+001  0.177805E+001
  0.175841E+001  0.178258E+001
  0.176054E+001  0.178710E+001
  0.176267E+001  0.179163E+001
  0.176479E+001  0.179615E+001
  0.176692E+001  0.180068E+001
  0.176905E+001  0.180520E+001
  0.177117E+001  0.180973E+001
  0.177330E+001  0.181425E+001
  0.177543E+001  0.181878E+001
  0.177756E+001  0.182330E+001
  0.177968E+001  0.182782E+001
  0.178181E+001  0.183235E+001
  0.178394E+001  0.183687E+001
  0.178607E+001  0.184140E+001
  0.178820E+001  0.184592E+001
  0.179033E+001  0.185044E+001
  0.179246E+001  0.185497E+001
  0.179459E+001  0.185949E+001
  0.179673E+001  0.186401E+001
  0.179886E+001  0.186853E+001
  0.180099E+001  0.187306E+001
  0.180313E+001  0.187758E+001
  0.180526E+001  0.188210E+001
  0.180740E+001  0.188662E+001
  0.180954E+001  0.189114E+001
  0.181168E+001  0.189566E+001
  0.181382E+001  0.190018E+001
  0.181596E+001  0.190469E+001
  0.181810E+001  0.190921E+001
  0.182025E+001  0.191373E+001
  0.182239E+001  0.191824E+001
  0.182454E+001  0.192276E+001
  0.182669E+001  0.192727E+001
  0.182884E+001  0.193179E+001
  0.183100E+001  0.193630E+001
  0.183315E+001  0.194081E+001
  0.183531E+001  0.194532E+001
  0.183747E+001  0.194983E+001
  0.183963E+001  0.195434E+001
  0.184180E+001  0.195885E+001
  0.184396E+001  0.196335E+001
  0.184613E+001  0.196786E+001
  0.184831E+001  0.197236E+001
  0.185048E+001  0.197686E+001
  0.185266E+001  0.198136E+001
  0.185484E+001  0.198586E+001
  0.185703E+001  0.199036E+001
  0.185922E+001  0.199485E+001
  0.186141E+001  0.199935E+001
  0.186360E+001  0.200384E+001
  0.186580E+001  0.200833E+001
  0.186801E+001  0.201282E+001
  0.187022E+001  0.201730E+001
  0.187243E+001  0.202179E+001
  0.187465E+001  0.202627E+001
  0.187687E+001  0.203075E+001
  0.187909E+001  0.203523E+001
  0.188132E+001  0.203970E+001
  0.188356E+001  0.204417E+001
  0.188580E+001  0.204864E+001
  0.188805E+001  0.205311E+001
  0.189030E+001  0.205757E+001
  0.189256E+001  0.206203E+001
  0.189483E+001  0.206649E+001
  0.189710E+001  0.207095E+001
  0.189937E+001  0.207540E+001
  0.190166E+001  0.207985E+001
  0.190395E+001  0.208429E+001
  0.190624E+001  0.208873E+001
  0.190854E+001  0.209317E+001
  0.191085E+001  0.209761E+001
  0.191317E+001  0.210204E+001
  0.191549E+001  0.210647E+001
  0.191782E+001  0.211089E+001
  0.192015E+001  0.211531E+001
  0.192250E+001  0.211973E+001
  0.192485E+001  0.212414E+001
  0.192720E+001  0.212855E+001
  0.192956E+001  0.213296E+001
  0.193193E+001  0.213736E+001
  0.193431E+001  0.214176E+001
  0.193669E+001  0.214616E+001
  0.193908E+001  0.215055E+001
  0.194148E+001  0.215494E+001
  0.194388E+001  0.215932E+001
  0.194629E+001  0.216371E+001
  0.194870E+001  0.216809E+001
  0.195112E+001  0.217246E+001
  0.195354E+001  0.217683E+001
  0.195597E+001  0.218120E+001
  0.195841E+001  0.218557E+001
  0.196085E+001  0.218993E+001
  0.196330E+001  0.219429E+001
  0.196575E+001  0.219865E+001
  0.196820E+001  0.220301E+001
  0.197066E+001  0.220736E+001
  0.197313E+001  0.221171E+001
  0.197560E+001  0.221606E+001
  0.197807E+001  0.222040E+001
  0.198055E+001  0.222475E+001
  0.198303E+001  0.222909E+001
  0.198551E+001  0.223343E+001
  0.198800E+001  0.223777E+001
  0.199049E+001  0.224210E+001
  0.199299E+001  0.224643E+001
  0.199548E+001  0.225077E+001
  0.199798E+001  0.225509E+001
  0.200049E+001  0.225942E+001
  0.200299E+001  0.226375E+001
  0.200550E+001  0.226807E+001
  0.200802E+001  0.227240E+001
  0.201053E+001  0.227672E+001
  0.201305E+001  0.228104E+001
  0.201557E+001  0.228536E+001
  0.201809E+001  0.228968E+001
  0.202061E+001  0.229399E+001
  0.202313E+001  0.229831E+001
  0.202566E+001  0.230262E+001
  0.202819E+001  0.230694E+001
  0.203072E+001  0.231125E+001
  0.203325E+001  0.231556E+001
  0.203579E+001  0.231987E+001
  0.203832E+001  0.232418E+001
  0.204086E+001  0.232849E+001
  0.204340E+001  0.233280E+001
  0.204594E+001  0.233710E+001
  0.204848E+001  0.234141E+001
  0.205102E+001  0.234571E+001
  0.205357E+001  0.235002E+001
  0.205611E+001  0.235432E+001
  0.205866E+001  0.235863E+001
  0.206120E+001  0.236293E+001
  0.206375E+001  0.236723E+001
  0.206630E+001  0.237153E+001
  0.206885E+001  0.237583E+001
  0.207140E+001  0.238013E+001
  0.207396E+001  0.238443E+001
  0.207651E+001  0.238873E+001
  0.207906E+001  0.239303E+001
  0.208162E+001  0.239733E+001
  0.208417E+001  0.240163E+001
  0.208673E+001  0.240592E+001
  0.208928E+001  0.241022E+001
  0.209184E+001  0.241452E+001
  0.209440E+001  0.241881E+001
  0.209696E+001  0.242311E+001
  0.209952E+001  0.242740E+001
  0.210208E+001  0.243170E+001
  0.210464E+001  0.243599E+001
  0.210721E+001  0.244028E+001
  0.210977E+001  0.244458E+001
  0.211234E+001  0.244887E+001
  0.211490E+001  0.245316E+001
  0.211747E+001  0.245745E+001
  0.212004E+001  0.246174E+001
  0.212261E+001  0.246603E+001
  0.212518E+001  0.247031E+001
  0.212776E+001  0.247460E+001
  0.213034E+001  0.247888E+001
  0.213291E+001  0.248317E+001
  0.213550E+001  0.248745E+001
  0.213808E+001  0.249173E+001
  0.214067E+001  0.249601E+001
  0.214326E+001  0.250029E+001
  0.214585E+001  0.250456E+001
  0.214845E+001  0.250883E+001
  0.215105E+001  0.251310E+001
  0.215366E+001  0.251737E+001
  0.215627E+001  0.252163E+001
  0.215889E+001  0.252589E+001
  0.216152E+001  0.253014E+001
  0.216415E+001  0.253439E+001
  0.216680E+001  0.253864E+001
  0.216945E+001  0.254288E+001
  0.217211E+001  0.254711E+001
  0.217478E+001  0.255134E+001
  0.217745E+001  0.255556E+001
  0.218014E+001  0.255978E+001
  0.218285E+001  0.256398E+001
  0.218556E+001  0.256818E+001
  0.218828E+001  0.257238E+001
  0.219101E+001  0.257656E+001
  0.219376E+001  0.258074E+001
  0.219652E+001  0.258492E+001
  0.219928E+001  0.258908E+001
  0.220206E+001  0.259324E+001
  0.220484E+001  0.259739E+001
  0.220764E+001  0.260154E+001
  0.221045E+001  0.260567E+001
  0.221326E+001  0.260981E+001
  0.221608E+001  0.261394E+001
  0.221891E+001  0.261806E+001
  0.222174E+001  0.262218E+001
  0.222459E+001  0.262629E+001
  0.222744E+001  0.263040E+001
  0.223029E+001  0.263450E+001
  0.223315E+001  0.263860E+001
  0.223602E+001  0.264270E+001
  0.223889E+001  0.264679E+001
  0.224177E+001  0.265088E+001
  0.224465E+001  0.265497E+001
  0.224754E+001  0.265905E+001
  0.225042E+001  0.266313E+001
  0.225332E+001  0.266721E+001
  0.225622E+001  0.267129E+001
  0.225912E+001  0.267536E+001
  0.226202E+001  0.267943E+001
  0.226493E+001  0.268350E+001
  0.226784E+001  0.268756E+001
  0.227076E+001  0.269162E+001
  0.227367E+001  0.269568E+001
  0.227659E+001  0.269974E+001
  0.227951E+001  0.270380E+001
  0.228244E+001  0.270785E+001
  0.228537E+001  0.271191E+001
  0.228830E+001  0.271596E+001
  0.229123E+001  0.272001E+001
  0.229417E+001  0.272406E+001
  0.229710E+001  0.272810E+001
  0.230004E+001  0.273215E+001
  0.230298E+001  0.273619E+001
  0.230593E+001  0.274023E+001
  0.230887E+001  0.274428E+001
  0.231182E+001  0.274831E+001
  0.231477E+001  0.275235E+001
  0.231772E+001  0.275639E+001
  0.232067E+001  0.276042E+001
  0.232362E+001  0.276446E+001
  0.232658E+001  0.276849E+001
  0.232953E+001  0.277252E+001
  0.233249E+001  0.277656E+001
  0.233545E+001  0.278059E+001
  0.233841E+001  0.278461E+001
  0.234137E+001  0.278864E+001
  0.234434E+001  0.279267E+001
  0.234730E+001  0.279670E+001
  0.235027E+001  0.280072E+001
  0.235324E+001  0.280475E+001
  0.235620E+001  0.280877E+001
  0.235917E+001  0.281279E+001
  0.236214E+001  0.281681E+001
  0.236512E+001  0.282084E+001
  0.236809E+001  0.282486E+001
  0.237106E+001  0.282888E+001
  0.237404E+001  0.283289E+001
  0.237701E+001  0.283691E+001
  0.237999E+001  0.284093E+001
  0.238296E+001  0.284495E+001
  0.238594E+001  0.284896E+001
  0.238892E+001  0.285298E+001
  0.239190E+001  0.285700E+001
  0.239488E+001  0.286101E+001
  0.239786E+001  0.286503E+001
  0.240084E+001  0.286904E+001
  0.240382E+001  0.287305E+001
  0.240681E+001  0.287707E+001
  0.240979E+001  0.288108E+001
  0.241277E+001  0.288509E+001
  0.241576E+001  0.288910E+001
  0.241874E+001  0.289312E+001
  0.242172E+001  0.289713E+001
  0.242471E+001  0.290114E+001
  0.242770E+001  0.290515E+001
  0.243068E+001  0.290916E+001
  0.243367E+001  0.291317E+001
  0.243666E+001  0.291718E+001
  0.243964E+001  0.292119E+001
  0.244263E+001  0.292520E+001
  0.244562E+001  0.292921E+001
  0.244861E+001  0.293322E+001
  0.245159E+001  0.293722E+001
  0.245458E+001  0.294123E+001
  0.245757E+001  0.294524E+001
  0.246056E+001  0.294925E+001
  0.246355E+001  0.295326E+001
  0.246654E+001  0.295727E+001
  0.246952E+001  0.296128E+001
  0.247251E+001  0.296528E+001
  0.247550E+001  0.296929E+001
  0.247849E+001  0.297330E+001
  0.248148E+001  0.297731E+001
  0.248447E+001  0.298132E+001
  0.248746E+001  0.298533E+001
  0.249045E+001  0.298934E+001
  0.249343E+001  0.299334E+001
  0.249642E+001  0.299735E+001
  0.249941E+001  0.300136E+001
  0.250240E+001  0.300537E+001
