  0.346056E+000  0.462758E-001
  0.346056E+000  0.462758E-001
  0.346047E+000  0.467757E-001
  0.346037E+000  0.472756E-001
  0.346027E+000  0.477755E-001
  0.346018E+000  0.482754E-001
  0.346008E+000  0.487754E-001
  0.345998E+000  0.492753E-001
  0.345988E+000  0.497752E-001
  0.345978E+000  0.502750E-001
  0.345967E+000  0.507749E-001
  0.345957E+000  0.512748E-001
  0.345947E+000  0.517747E-001
  0.345936E+000  0.522746E-001
  0.345926E+000  0.527745E-001
  0.345915E+000  0.532744E-001
  0.345904E+000  0.537743E-001
  0.345893E+000  0.542742E-001
  0.345882E+000  0.547740E-001
  0.345871E+000  0.552739E-001
  0.345860E+000  0.557738E-001
  0.345849E+000  0.562737E-001
  0.345838E+000  0.567735E-001
  0.345827E+000  0.572734E-001
  0.345815E+000  0.577733E-001
  0.345804E+000  0.582732E-001
  0.345792E+000  0.587730E-001
  0.345780E+000  0.592729E-001
  0.345769E+000  0.597727E-001
  0.345757E+000  0.602726E-001
  0.345745E+000  0.607725E-001
  0.345733E+000  0.612723E-001
  0.345721E+000  0.617722E-001
  0.345709E+000  0.622720E-001
  0.345696E+000  0.627719E-001
  0.345684E+000  0.632717E-001
  0.345672E+000  0.637716E-001
  0.345659E+000  0.642714E-001
  0.345647E+000  0.647713E-001
  0.345634E+000  0.652711E-001
  0.345621E+000  0.657709E-001
  0.345608E+000  0.662708E-001
  0.345595E+000  0.667706E-001
  0.345583E+000  0.672704E-001
  0.345569E+000  0.677703E-001
  0.345556E+000  0.682701E-001
  0.345543E+000  0.687699E-001
  0.345530E+000  0.692697E-001
  0.345517E+000  0.697696E-001
  0.345503E+000  0.702694E-001
  0.345490E+000  0.707692E-001
  0.345476E+000  0.712690E-001
  0.345462E+000  0.717688E-001
  0.345449E+000  0.722686E-001
  0.345435E+000  0.727685E-001
  0.345421E+000  0.732683E-001
  0.345407E+000  0.737681E-001
  0.345393E+000  0.742679E-001
  0.345379E+000  0.747677E-001
  0.345365E+000  0.752675E-001
  0.345351E+000  0.757673E-001
  0.345337E+000  0.762671E-001
  0.345322E+000  0.767669E-001
  0.345308E+000  0.772667E-001
  0.345293E+000  0.777665E-001
  0.345279E+000  0.782662E-001
  0.345264E+000  0.787660E-001
  0.345250E+000  0.792658E-001
  0.345235E+000  0.797656E-001
  0.345220E+000  0.802654E-001
  0.345205E+000  0.807652E-001
  0.345190E+000  0.812649E-001
  0.345175E+000  0.817647E-001
  0.345160E+000  0.822645E-001
  0.345145E+000  0.827642E-001
  0.345130E+000  0.832640E-001
  0.345115E+000  0.837638E-001
  0.345099E+000  0.842636E-001
  0.345084E+000  0.847633E-001
  0.345069E+000  0.852631E-001
  0.345053E+000  0.857628E-001
  0.345038E+000  0.862626E-001
  0.345022E+000  0.867624E-001
  0.345006E+000  0.872621E-001
  0.344991E+000  0.877619E-001
  0.344975E+000  0.882616E-001
  0.344959E+000  0.887614E-001
  0.344943E+000  0.892611E-001
  0.344927E+000  0.897609E-001
  0.344911E+000  0.902606E-001
  0.344895E+000  0.907603E-001
  0.344879E+000  0.912601E-001
  0.344863E+000  0.917598E-001
  0.344847E+000  0.922596E-001
  0.344830E+000  0.927593E-001
  0.344814E+000  0.932590E-001
  0.344798E+000  0.937588E-001
  0.344781E+000  0.942585E-001
  0.344765E+000  0.947582E-001
  0.344748E+000  0.952580E-001
  0.344732E+000  0.957577E-001
  0.344715E+000  0.962574E-001
  0.344699E+000  0.967571E-001
  0.344682E+000  0.972568E-001
  0.344665E+000  0.977566E-001
  0.344648E+000  0.982563E-001
  0.344632E+000  0.987560E-001
  0.344615E+000  0.992557E-001
  0.344598E+000  0.997554E-001
  0.344581E+000  0.100255E+000
  0.344564E+000  0.100755E+000
  0.344547E+000  0.101255E+000
  0.344530E+000  0.101754E+000
  0.344513E+000  0.102254E+000
  0.344495E+000  0.102754E+000
  0.344478E+000  0.103253E+000
  0.344461E+000  0.103753E+000
  0.344444E+000  0.104253E+000
  0.344426E+000  0.104752E+000
  0.344409E+000  0.105252E+000
  0.344392E+000  0.105752E+000
  0.344374E+000  0.106252E+000
  0.344357E+000  0.106751E+000
  0.344339E+000  0.107251E+000
  0.344322E+000  0.107751E+000
  0.344304E+000  0.108250E+000
  0.344286E+000  0.108750E+000
  0.344269E+000  0.109250E+000
  0.344251E+000  0.109749E+000
  0.344233E+000  0.110249E+000
  0.344216E+000  0.110749E+000
  0.344198E+000  0.111248E+000
  0.344180E+000  0.111748E+000
  0.344162E+000  0.112248E+000
  0.344145E+000  0.112748E+000
  0.344127E+000  0.113247E+000
  0.344109E+000  0.113747E+000
  0.344091E+000  0.114247E+000
  0.344073E+000  0.114746E+000
  0.344055E+000  0.115246E+000
  0.344037E+000  0.115746E+000
  0.344019E+000  0.116245E+000
  0.344001E+000  0.116745E+000
  0.343983E+000  0.117245E+000
  0.343965E+000  0.117744E+000
  0.343947E+000  0.118244E+000
  0.343928E+000  0.118744E+000
  0.343910E+000  0.119243E+000
  0.343892E+000  0.119743E+000
  0.343874E+000  0.120243E+000
  0.343856E+000  0.120742E+000
  0.343838E+000  0.121242E+000
  0.343819E+000  0.121742E+000
  0.343801E+000  0.122241E+000
  0.343783E+000  0.122741E+000
  0.343765E+000  0.123241E+000
  0.343746E+000  0.123740E+000
  0.343728E+000  0.124240E+000
  0.343710E+000  0.124740E+000
  0.343691E+000  0.125239E+000
  0.343673E+000  0.125739E+000
  0.343655E+000  0.126239E+000
  0.343636E+000  0.126738E+000
  0.343618E+000  0.127238E+000
  0.343600E+000  0.127738E+000
  0.343581E+000  0.128237E+000
  0.343563E+000  0.128737E+000
  0.343544E+000  0.129237E+000
  0.343526E+000  0.129736E+000
  0.343508E+000  0.130236E+000
  0.343489E+000  0.130736E+000
  0.343471E+000  0.131235E+000
  0.343453E+000  0.131735E+000
  0.343434E+000  0.132235E+000
  0.343416E+000  0.132734E+000
  0.343397E+000  0.133234E+000
  0.343379E+000  0.133734E+000
  0.343360E+000  0.134233E+000
  0.343342E+000  0.134733E+000
  0.343324E+000  0.135233E+000
  0.343305E+000  0.135732E+000
  0.343287E+000  0.136232E+000
  0.343269E+000  0.136732E+000
  0.343250E+000  0.137231E+000
  0.343232E+000  0.137731E+000
  0.343213E+000  0.138231E+000
  0.343195E+000  0.138730E+000
  0.343177E+000  0.139230E+000
  0.343158E+000  0.139730E+000
  0.343140E+000  0.140229E+000
  0.343122E+000  0.140729E+000
  0.343103E+000  0.141229E+000
  0.343085E+000  0.141728E+000
  0.343067E+000  0.142228E+000
  0.343049E+000  0.142727E+000
  0.343030E+000  0.143227E+000
  0.343012E+000  0.143727E+000
  0.342994E+000  0.144227E+000
  0.342976E+000  0.144726E+000
  0.342958E+000  0.145226E+000
  0.342939E+000  0.145726E+000
  0.342921E+000  0.146225E+000
  0.342903E+000  0.146725E+000
  0.342885E+000  0.147225E+000
  0.342867E+000  0.147724E+000
  0.342849E+000  0.148224E+000
  0.342831E+000  0.148724E+000
  0.342813E+000  0.149223E+000
  0.342795E+000  0.149723E+000
  0.342777E+000  0.150223E+000
  0.342759E+000  0.150722E+000
  0.342741E+000  0.151222E+000
  0.342723E+000  0.151722E+000
  0.342705E+000  0.152221E+000
  0.342688E+000  0.152721E+000
  0.342670E+000  0.153221E+000
  0.342652E+000  0.153720E+000
  0.342634E+000  0.154220E+000
  0.342617E+000  0.154720E+000
  0.342599E+000  0.155219E+000
  0.342582E+000  0.155719E+000
  0.342564E+000  0.156219E+000
  0.342546E+000  0.156718E+000
  0.342529E+000  0.157218E+000
  0.342511E+000  0.157718E+000
  0.342494E+000  0.158218E+000
  0.342477E+000  0.158717E+000
  0.342459E+000  0.159217E+000
  0.342442E+000  0.159717E+000
  0.342425E+000  0.160216E+000
  0.342408E+000  0.160716E+000
  0.342390E+000  0.161216E+000
  0.342373E+000  0.161715E+000
  0.342356E+000  0.162215E+000
  0.342339E+000  0.162715E+000
  0.342322E+000  0.163215E+000
  0.342305E+000  0.163714E+000
  0.342288E+000  0.164214E+000
  0.342271E+000  0.164714E+000
  0.342255E+000  0.165213E+000
  0.342238E+000  0.165713E+000
  0.342221E+000  0.166213E+000
  0.342205E+000  0.166713E+000
  0.342188E+000  0.167212E+000
  0.342172E+000  0.167712E+000
  0.342155E+000  0.168212E+000
  0.342139E+000  0.168712E+000
  0.342122E+000  0.169211E+000
  0.342106E+000  0.169711E+000
  0.342090E+000  0.170211E+000
  0.342074E+000  0.170711E+000
  0.342058E+000  0.171210E+000
  0.342042E+000  0.171710E+000
  0.342026E+000  0.172210E+000
  0.342010E+000  0.172709E+000
  0.341994E+000  0.173209E+000
  0.341978E+000  0.173709E+000
  0.341962E+000  0.174209E+000
  0.341947E+000  0.174708E+000
  0.341931E+000  0.175208E+000
  0.341916E+000  0.175708E+000
  0.341900E+000  0.176208E+000
  0.341885E+000  0.176708E+000
  0.341870E+000  0.177207E+000
  0.341854E+000  0.177707E+000
  0.341839E+000  0.178207E+000
  0.341824E+000  0.178707E+000
  0.341809E+000  0.179206E+000
  0.341794E+000  0.179706E+000
  0.341780E+000  0.180206E+000
  0.341765E+000  0.180706E+000
  0.341750E+000  0.181206E+000
  0.341736E+000  0.181705E+000
  0.341721E+000  0.182205E+000
  0.341707E+000  0.182705E+000
  0.341692E+000  0.183205E+000
  0.341678E+000  0.183704E+000
  0.341664E+000  0.184204E+000
  0.341650E+000  0.184704E+000
  0.341636E+000  0.185204E+000
  0.341622E+000  0.185704E+000
  0.341608E+000  0.186203E+000
  0.341595E+000  0.186703E+000
  0.341581E+000  0.187203E+000
  0.341567E+000  0.187703E+000
  0.341554E+000  0.188203E+000
  0.341541E+000  0.188703E+000
  0.341527E+000  0.189202E+000
  0.341514E+000  0.189702E+000
  0.341501E+000  0.190202E+000
  0.341488E+000  0.190702E+000
  0.341476E+000  0.191202E+000
  0.341463E+000  0.191702E+000
  0.341450E+000  0.192201E+000
  0.341438E+000  0.192701E+000
  0.341425E+000  0.193201E+000
  0.341413E+000  0.193701E+000
  0.341401E+000  0.194201E+000
  0.341389E+000  0.194701E+000
  0.341377E+000  0.195201E+000
  0.341365E+000  0.195700E+000
  0.341353E+000  0.196200E+000
  0.341341E+000  0.196700E+000
  0.341330E+000  0.197200E+000
  0.341319E+000  0.197700E+000
  0.341307E+000  0.198200E+000
  0.341296E+000  0.198700E+000
  0.341285E+000  0.199199E+000
  0.341274E+000  0.199699E+000
  0.341263E+000  0.200199E+000
  0.341253E+000  0.200699E+000
  0.341242E+000  0.201199E+000
  0.341232E+000  0.201699E+000
  0.341221E+000  0.202199E+000
  0.341211E+000  0.202699E+000
  0.341201E+000  0.203199E+000
  0.341191E+000  0.203698E+000
  0.341181E+000  0.204198E+000
  0.341172E+000  0.204698E+000
  0.341162E+000  0.205198E+000
  0.341153E+000  0.205698E+000
  0.341144E+000  0.206198E+000
  0.341135E+000  0.206698E+000
  0.341126E+000  0.207198E+000
  0.341117E+000  0.207698E+000
  0.341108E+000  0.208198E+000
  0.341100E+000  0.208698E+000
  0.341091E+000  0.209198E+000
  0.341083E+000  0.209697E+000
  0.341075E+000  0.210197E+000
  0.341067E+000  0.210697E+000
  0.341059E+000  0.211197E+000
  0.341051E+000  0.211697E+000
  0.341044E+000  0.212197E+000
  0.341036E+000  0.212697E+000
  0.341029E+000  0.213197E+000
  0.341022E+000  0.213697E+000
  0.341015E+000  0.214197E+000
  0.341009E+000  0.214697E+000
  0.341002E+000  0.215197E+000
  0.340996E+000  0.215697E+000
  0.340989E+000  0.216197E+000
  0.340983E+000  0.216697E+000
  0.340977E+000  0.217197E+000
  0.340972E+000  0.217697E+000
  0.340966E+000  0.218197E+000
  0.340961E+000  0.218697E+000
  0.340956E+000  0.219197E+000
  0.340950E+000  0.219697E+000
  0.340946E+000  0.220197E+000
  0.340941E+000  0.220697E+000
  0.340936E+000  0.221197E+000
  0.340932E+000  0.221697E+000
  0.340928E+000  0.222197E+000
  0.340924E+000  0.222696E+000
  0.340920E+000  0.223196E+000
  0.340916E+000  0.223696E+000
  0.340913E+000  0.224196E+000
  0.340910E+000  0.224696E+000
  0.340907E+000  0.225196E+000
  0.340904E+000  0.225696E+000
  0.340901E+000  0.226196E+000
  0.340899E+000  0.226696E+000
  0.340897E+000  0.227196E+000
  0.340894E+000  0.227696E+000
  0.340893E+000  0.228196E+000
  0.340891E+000  0.228696E+000
  0.340889E+000  0.229196E+000
  0.340888E+000  0.229696E+000
  0.340887E+000  0.230196E+000
  0.340886E+000  0.230696E+000
  0.340886E+000  0.231196E+000
  0.340885E+000  0.231696E+000
  0.340885E+000  0.232196E+000
  0.340885E+000  0.232696E+000
  0.340885E+000  0.233196E+000
  0.340886E+000  0.233696E+000
  0.340886E+000  0.234196E+000
  0.340887E+000  0.234696E+000
  0.340888E+000  0.235196E+000
  0.340890E+000  0.235696E+000
  0.340891E+000  0.236196E+000
  0.340893E+000  0.236696E+000
  0.340895E+000  0.237196E+000
  0.340897E+000  0.237696E+000
  0.340900E+000  0.238196E+000
  0.340903E+000  0.238696E+000
  0.340906E+000  0.239196E+000
  0.340909E+000  0.239696E+000
  0.340912E+000  0.240196E+000
  0.340916E+000  0.240696E+000
  0.340920E+000  0.241196E+000
  0.340924E+000  0.241696E+000
  0.340929E+000  0.242196E+000
  0.340933E+000  0.242696E+000
  0.340938E+000  0.243196E+000
  0.340944E+000  0.243696E+000
  0.340949E+000  0.244196E+000
  0.340955E+000  0.244696E+000
  0.340961E+000  0.245196E+000
  0.340967E+000  0.245696E+000
  0.340974E+000  0.246196E+000
  0.340981E+000  0.246696E+000
  0.340988E+000  0.247196E+000
  0.340995E+000  0.247696E+000
  0.341003E+000  0.248196E+000
  0.341011E+000  0.248696E+000
  0.341019E+000  0.249196E+000
  0.341028E+000  0.249696E+000
  0.341036E+000  0.250196E+000
  0.341045E+000  0.250695E+000
  0.341055E+000  0.251195E+000
  0.341064E+000  0.251695E+000
  0.341074E+000  0.252195E+000
  0.341085E+000  0.252695E+000
  0.341095E+000  0.253195E+000
  0.341106E+000  0.253695E+000
  0.341117E+000  0.254195E+000
  0.341129E+000  0.254695E+000
  0.341141E+000  0.255194E+000
  0.341153E+000  0.255694E+000
  0.341165E+000  0.256194E+000
  0.341178E+000  0.256694E+000
  0.341191E+000  0.257194E+000
  0.341205E+000  0.257694E+000
  0.341218E+000  0.258193E+000
  0.341233E+000  0.258693E+000
  0.341247E+000  0.259193E+000
  0.341262E+000  0.259693E+000
  0.341277E+000  0.260193E+000
  0.341292E+000  0.260692E+000
  0.341308E+000  0.261192E+000
  0.341324E+000  0.261692E+000
  0.341341E+000  0.262192E+000
  0.341358E+000  0.262691E+000
  0.341375E+000  0.263191E+000
  0.341392E+000  0.263691E+000
  0.341410E+000  0.264190E+000
  0.341429E+000  0.264690E+000
  0.341447E+000  0.265190E+000
  0.341466E+000  0.265689E+000
  0.341486E+000  0.266189E+000
  0.341506E+000  0.266688E+000
  0.341526E+000  0.267188E+000
  0.341546E+000  0.267688E+000
  0.341567E+000  0.268187E+000
  0.341589E+000  0.268687E+000
  0.341611E+000  0.269186E+000
  0.341633E+000  0.269686E+000
  0.341655E+000  0.270185E+000
  0.341678E+000  0.270685E+000
  0.341702E+000  0.271184E+000
  0.341726E+000  0.271684E+000
  0.341750E+000  0.272183E+000
  0.341775E+000  0.272682E+000
  0.341800E+000  0.273182E+000
  0.341825E+000  0.273681E+000
  0.341851E+000  0.274180E+000
  0.341878E+000  0.274680E+000
  0.341904E+000  0.275179E+000
  0.341932E+000  0.275678E+000
  0.341960E+000  0.276178E+000
  0.341988E+000  0.276677E+000
  0.342016E+000  0.277176E+000
  0.342046E+000  0.277675E+000
  0.342075E+000  0.278174E+000
  0.342105E+000  0.278673E+000
  0.342136E+000  0.279172E+000
  0.342167E+000  0.279671E+000
  0.342198E+000  0.280170E+000
  0.342230E+000  0.280669E+000
  0.342263E+000  0.281168E+000
  0.342296E+000  0.281667E+000
  0.342329E+000  0.282166E+000
  0.342363E+000  0.282665E+000
  0.342398E+000  0.283164E+000
  0.342433E+000  0.283663E+000
  0.342469E+000  0.284161E+000
  0.342505E+000  0.284660E+000
  0.342541E+000  0.285159E+000
  0.342578E+000  0.285657E+000
  0.342616E+000  0.286156E+000
  0.342654E+000  0.286654E+000
  0.342693E+000  0.287153E+000
  0.342733E+000  0.287651E+000
  0.342773E+000  0.288150E+000
  0.342813E+000  0.288648E+000
  0.342854E+000  0.289146E+000
  0.342896E+000  0.289645E+000
  0.342938E+000  0.290143E+000
  0.342981E+000  0.290641E+000
  0.343024E+000  0.291139E+000
  0.343068E+000  0.291637E+000
  0.343113E+000  0.292135E+000
  0.343158E+000  0.292633E+000
  0.343204E+000  0.293131E+000
  0.343251E+000  0.293629E+000
  0.343298E+000  0.294127E+000
  0.343346E+000  0.294624E+000
  0.343394E+000  0.295122E+000
  0.343443E+000  0.295620E+000
  0.343493E+000  0.296117E+000
  0.343543E+000  0.296614E+000
  0.343594E+000  0.297112E+000
  0.343646E+000  0.297609E+000
  0.343699E+000  0.298106E+000
  0.343752E+000  0.298604E+000
  0.343806E+000  0.299101E+000
  0.343860E+000  0.299598E+000
  0.343915E+000  0.300095E+000
  0.343971E+000  0.300592E+000
  0.344028E+000  0.301088E+000
  0.344085E+000  0.301585E+000
  0.344144E+000  0.302082E+000
  0.344202E+000  0.302578E+000
  0.344262E+000  0.303075E+000
  0.344323E+000  0.303571E+000
  0.344384E+000  0.304067E+000
  0.344446E+000  0.304563E+000
  0.344508E+000  0.305059E+000
  0.344572E+000  0.305555E+000
  0.344636E+000  0.306051E+000
  0.344701E+000  0.306547E+000
  0.344767E+000  0.307042E+000
  0.344834E+000  0.307538E+000
  0.344902E+000  0.308033E+000
  0.344970E+000  0.308529E+000
  0.345040E+000  0.309024E+000
  0.345110E+000  0.309519E+000
  0.345181E+000  0.310014E+000
  0.345253E+000  0.310509E+000
  0.345325E+000  0.311003E+000
  0.345399E+000  0.311498E+000
  0.345474E+000  0.311992E+000
  0.345549E+000  0.312487E+000
  0.345626E+000  0.312981E+000
  0.345703E+000  0.313475E+000
  0.345781E+000  0.313968E+000
  0.345860E+000  0.314462E+000
  0.345941E+000  0.314956E+000
  0.346022E+000  0.315449E+000
  0.346104E+000  0.315942E+000
  0.346187E+000  0.316435E+000
  0.346271E+000  0.316928E+000
  0.346356E+000  0.317421E+000
  0.346442E+000  0.317913E+000
  0.346529E+000  0.318406E+000
  0.346617E+000  0.318898E+000
  0.346706E+000  0.319390E+000
  0.346797E+000  0.319882E+000
  0.346888E+000  0.320373E+000
  0.346980E+000  0.320865E+000
  0.347074E+000  0.321356E+000
  0.347168E+000  0.321847E+000
  0.347264E+000  0.322338E+000
  0.347360E+000  0.322828E+000
  0.347458E+000  0.323319E+000
  0.347557E+000  0.323809E+000
  0.347657E+000  0.324299E+000
  0.347758E+000  0.324788E+000
  0.347860E+000  0.325278E+000
  0.347964E+000  0.325767E+000
  0.348069E+000  0.326256E+000
  0.348174E+000  0.326745E+000
  0.348282E+000  0.327233E+000
  0.348390E+000  0.327721E+000
  0.348499E+000  0.328209E+000
  0.348610E+000  0.328697E+000
  0.348722E+000  0.329184E+000
  0.348835E+000  0.329671E+000
  0.348949E+000  0.330158E+000
  0.349065E+000  0.330644E+000
  0.349182E+000  0.331130E+000
  0.349300E+000  0.331616E+000
  0.349419E+000  0.332102E+000
  0.349540E+000  0.332587E+000
  0.349662E+000  0.333072E+000
  0.349786E+000  0.333556E+000
  0.349910E+000  0.334040E+000
  0.350036E+000  0.334524E+000
  0.350163E+000  0.335008E+000
  0.350292E+000  0.335491E+000
  0.350422E+000  0.335974E+000
  0.350554E+000  0.336456E+000
  0.350686E+000  0.336938E+000
  0.350820E+000  0.337420E+000
  0.350956E+000  0.337901E+000
  0.351093E+000  0.338382E+000
  0.351231E+000  0.338863E+000
  0.351371E+000  0.339343E+000
  0.351512E+000  0.339822E+000
  0.351654E+000  0.340302E+000
  0.351798E+000  0.340781E+000
  0.351943E+000  0.341259E+000
  0.352090E+000  0.341737E+000
  0.352238E+000  0.342215E+000
  0.352388E+000  0.342692E+000
  0.352539E+000  0.343168E+000
  0.352691E+000  0.343645E+000
  0.352845E+000  0.344120E+000
  0.353000E+000  0.344596E+000
  0.353157E+000  0.345070E+000
  0.353315E+000  0.345545E+000
  0.353475E+000  0.346018E+000
  0.353636E+000  0.346492E+000
  0.353799E+000  0.346965E+000
  0.353963E+000  0.347437E+000
  0.354128E+000  0.347909E+000
  0.354295E+000  0.348380E+000
  0.354464E+000  0.348851E+000
  0.354633E+000  0.349321E+000
  0.354805E+000  0.349791E+000
  0.354978E+000  0.350260E+000
  0.355152E+000  0.350729E+000
  0.355327E+000  0.351197E+000
  0.355505E+000  0.351664E+000
  0.355683E+000  0.352131E+000
  0.355863E+000  0.352598E+000
  0.356045E+000  0.353064E+000
  0.356228E+000  0.353529E+000
  0.356412E+000  0.353994E+000
  0.356598E+000  0.354458E+000
  0.356785E+000  0.354922E+000
  0.356974E+000  0.355385E+000
  0.357164E+000  0.355847E+000
  0.357355E+000  0.356309E+000
  0.357548E+000  0.356770E+000
  0.357742E+000  0.357231E+000
  0.357938E+000  0.357691E+000
  0.358135E+000  0.358151E+000
  0.358333E+000  0.358610E+000
  0.358533E+000  0.359068E+000
  0.358734E+000  0.359526E+000
  0.358936E+000  0.359983E+000
  0.359140E+000  0.360440E+000
  0.359345E+000  0.360896E+000
  0.359552E+000  0.361351E+000
  0.359759E+000  0.361806E+000
  0.359968E+000  0.362260E+000
  0.360179E+000  0.362714E+000
  0.360390E+000  0.363167E+000
  0.360603E+000  0.363619E+000
  0.360817E+000  0.364071E+000
  0.361033E+000  0.364522E+000
  0.361249E+000  0.364973E+000
  0.361467E+000  0.365423E+000
  0.361686E+000  0.365873E+000
  0.361906E+000  0.366321E+000
  0.362128E+000  0.366770E+000
  0.362350E+000  0.367217E+000
  0.362574E+000  0.367665E+000
  0.362799E+000  0.368111E+000
  0.363025E+000  0.368557E+000
  0.363252E+000  0.369003E+000
  0.363480E+000  0.369447E+000
  0.363710E+000  0.369892E+000
  0.363940E+000  0.370335E+000
  0.364172E+000  0.370779E+000
  0.364405E+000  0.371221E+000
  0.364638E+000  0.371663E+000
  0.364873E+000  0.372105E+000
  0.365109E+000  0.372546E+000
  0.365346E+000  0.372986E+000
  0.365583E+000  0.373426E+000
  0.365822E+000  0.373865E+000
  0.366062E+000  0.374304E+000
  0.366303E+000  0.374742E+000
  0.366544E+000  0.375180E+000
  0.366787E+000  0.375617E+000
  0.367030E+000  0.376054E+000
  0.367275E+000  0.376490E+000
  0.367520E+000  0.376925E+000
  0.367766E+000  0.377361E+000
  0.368014E+000  0.377795E+000
  0.368262E+000  0.378229E+000
  0.368510E+000  0.378663E+000
  0.368760E+000  0.379096E+000
  0.369011E+000  0.379529E+000
  0.369262E+000  0.379961E+000
  0.369514E+000  0.380393E+000
  0.369767E+000  0.380824E+000
  0.370021E+000  0.381255E+000
  0.370275E+000  0.381686E+000
  0.370531E+000  0.382115E+000
  0.370787E+000  0.382545E+000
  0.371043E+000  0.382974E+000
  0.371301E+000  0.383403E+000
  0.371559E+000  0.383831E+000
  0.371818E+000  0.384258E+000
  0.372078E+000  0.384686E+000
  0.372338E+000  0.385113E+000
  0.372599E+000  0.385539E+000
  0.372861E+000  0.385965E+000
  0.373123E+000  0.386391E+000
  0.373386E+000  0.386816E+000
  0.373649E+000  0.387241E+000
  0.373914E+000  0.387665E+000
  0.374179E+000  0.388090E+000
  0.374444E+000  0.388513E+000
  0.374710E+000  0.388937E+000
  0.374977E+000  0.389360E+000
  0.375244E+000  0.389782E+000
  0.375512E+000  0.390204E+000
  0.375780E+000  0.390626E+000
  0.376049E+000  0.391048E+000
  0.376318E+000  0.391469E+000
  0.376588E+000  0.391890E+000
  0.376859E+000  0.392310E+000
  0.377130E+000  0.392730E+000
  0.377402E+000  0.393150E+000
  0.377674E+000  0.393570E+000
  0.377946E+000  0.393989E+000
  0.378219E+000  0.394408E+000
  0.378493E+000  0.394826E+000
  0.378767E+000  0.395245E+000
  0.379042E+000  0.395662E+000
  0.379316E+000  0.396080E+000
  0.379592E+000  0.396497E+000
  0.379868E+000  0.396914E+000
  0.380144E+000  0.397331E+000
  0.380421E+000  0.397747E+000
  0.380698E+000  0.398164E+000
  0.380976E+000  0.398579E+000
  0.381254E+000  0.398995E+000
  0.381532E+000  0.399410E+000
  0.381811E+000  0.399825E+000
  0.382090E+000  0.400240E+000
  0.382370E+000  0.400655E+000
  0.382650E+000  0.401069E+000
  0.382930E+000  0.401483E+000
  0.383211E+000  0.401897E+000
  0.383492E+000  0.402310E+000
  0.383774E+000  0.402723E+000
  0.384056E+000  0.403136E+000
  0.384338E+000  0.403549E+000
  0.384620E+000  0.403961E+000
  0.384903E+000  0.404374E+000
  0.385186E+000  0.404786E+000
  0.385470E+000  0.405198E+000
  0.385754E+000  0.405609E+000
  0.386038E+000  0.406021E+000
  0.386323E+000  0.406432E+000
  0.386608E+000  0.406843E+000
  0.386893E+000  0.407253E+000
  0.387178E+000  0.407664E+000
  0.387464E+000  0.408074E+000
  0.387750E+000  0.408484E+000
  0.388037E+000  0.408894E+000
  0.388323E+000  0.409304E+000
  0.388610E+000  0.409713E+000
  0.388897E+000  0.410122E+000
  0.389185E+000  0.410531E+000
  0.389473E+000  0.410940E+000
  0.389761E+000  0.411349E+000
  0.390049E+000  0.411757E+000
  0.390338E+000  0.412166E+000
  0.390626E+000  0.412574E+000
  0.390916E+000  0.412982E+000
  0.391205E+000  0.413390E+000
  0.391494E+000  0.413797E+000
  0.391784E+000  0.414205E+000
  0.392074E+000  0.414612E+000
  0.392365E+000  0.415019E+000
  0.392655E+000  0.415426E+000
  0.392946E+000  0.415833E+000
  0.393237E+000  0.416239E+000
  0.393528E+000  0.416646E+000
  0.393820E+000  0.417052E+000
  0.394111E+000  0.417458E+000
  0.394403E+000  0.417864E+000
  0.394695E+000  0.418270E+000
  0.394988E+000  0.418676E+000
  0.395280E+000  0.419081E+000
  0.395573E+000  0.419486E+000
  0.395866E+000  0.419892E+000
  0.396159E+000  0.420297E+000
  0.396452E+000  0.420702E+000
  0.396746E+000  0.421106E+000
  0.397040E+000  0.421511E+000
  0.397334E+000  0.421915E+000
  0.397628E+000  0.422320E+000
  0.397922E+000  0.422724E+000
  0.398216E+000  0.423128E+000
  0.398511E+000  0.423532E+000
  0.398806E+000  0.423936E+000
  0.399101E+000  0.424340E+000
  0.399396E+000  0.424743E+000
  0.399691E+000  0.425147E+000
  0.399987E+000  0.425550E+000
  0.400283E+000  0.425953E+000
  0.400578E+000  0.426356E+000
  0.400874E+000  0.426759E+000
  0.401171E+000  0.427162E+000
  0.401467E+000  0.427565E+000
  0.401763E+000  0.427967E+000
  0.402060E+000  0.428370E+000
  0.402357E+000  0.428772E+000
  0.402654E+000  0.429174E+000
  0.402951E+000  0.429577E+000
  0.403248E+000  0.429979E+000
  0.403546E+000  0.430381E+000
  0.403843E+000  0.430782E+000
  0.404141E+000  0.431184E+000
  0.404439E+000  0.431586E+000
  0.404737E+000  0.431987E+000
  0.405035E+000  0.432389E+000
  0.405333E+000  0.432790E+000
  0.405632E+000  0.433191E+000
  0.405930E+000  0.433592E+000
  0.406229E+000  0.433993E+000
  0.406528E+000  0.434394E+000
  0.406827E+000  0.434795E+000
  0.407126E+000  0.435196E+000
  0.407425E+000  0.435596E+000
  0.407724E+000  0.435997E+000
  0.408023E+000  0.436397E+000
  0.408323E+000  0.436797E+000
  0.408623E+000  0.437198E+000
  0.408923E+000  0.437598E+000
  0.409222E+000  0.437998E+000
  0.409522E+000  0.438398E+000
  0.409823E+000  0.438798E+000
  0.410123E+000  0.439198E+000
  0.410423E+000  0.439597E+000
  0.410724E+000  0.439997E+000
  0.411024E+000  0.440396E+000
  0.411325E+000  0.440796E+000
  0.411626E+000  0.441195E+000
  0.411927E+000  0.441595E+000
  0.412228E+000  0.441994E+000
  0.412529E+000  0.442393E+000
  0.412830E+000  0.442792E+000
  0.413132E+000  0.443191E+000
  0.413433E+000  0.443590E+000
  0.413735E+000  0.443989E+000
  0.414036E+000  0.444388E+000
  0.414338E+000  0.444786E+000
  0.414640E+000  0.445185E+000
  0.414942E+000  0.445583E+000
  0.415244E+000  0.445982E+000
  0.415546E+000  0.446380E+000
  0.415848E+000  0.446779E+000
  0.416150E+000  0.447177E+000
  0.416453E+000  0.447575E+000
  0.416755E+000  0.447973E+000
  0.417058E+000  0.448371E+000
  0.417361E+000  0.448769E+000
  0.417663E+000  0.449167E+000
  0.417966E+000  0.449565E+000
  0.418269E+000  0.449963E+000
  0.418572E+000  0.450360E+000
  0.418875E+000  0.450758E+000
  0.419179E+000  0.451155E+000
  0.419482E+000  0.451553E+000
  0.419785E+000  0.451950E+000
  0.420089E+000  0.452348E+000
  0.420392E+000  0.452745E+000
  0.420696E+000  0.453142E+000
  0.421000E+000  0.453540E+000
  0.421303E+000  0.453937E+000
  0.421607E+000  0.454334E+000
  0.421911E+000  0.454731E+000
  0.422215E+000  0.455128E+000
  0.422519E+000  0.455525E+000
  0.422824E+000  0.455922E+000
  0.423128E+000  0.456318E+000
  0.423432E+000  0.456715E+000
  0.423736E+000  0.457112E+000
  0.424041E+000  0.457508E+000
  0.424345E+000  0.457905E+000
  0.424650E+000  0.458301E+000
  0.424955E+000  0.458698E+000
  0.425259E+000  0.459094E+000
  0.425564E+000  0.459491E+000
  0.425869E+000  0.459887E+000
  0.426174E+000  0.460283E+000
  0.426479E+000  0.460679E+000
  0.426784E+000  0.461075E+000
  0.427089E+000  0.461472E+000
  0.427395E+000  0.461868E+000
  0.427700E+000  0.462264E+000
  0.428005E+000  0.462659E+000
  0.428311E+000  0.463055E+000
  0.428616E+000  0.463451E+000
  0.428922E+000  0.463847E+000
  0.429227E+000  0.464243E+000
  0.429533E+000  0.464638E+000
  0.429839E+000  0.465034E+000
  0.430144E+000  0.465430E+000
  0.430450E+000  0.465825E+000
  0.430756E+000  0.466221E+000
  0.431062E+000  0.466616E+000
  0.431368E+000  0.467012E+000
  0.431674E+000  0.467407E+000
  0.431980E+000  0.467802E+000
  0.432286E+000  0.468198E+000
  0.432593E+000  0.468593E+000
  0.432899E+000  0.468988E+000
  0.433205E+000  0.469383E+000
  0.433512E+000  0.469778E+000
  0.433818E+000  0.470173E+000
  0.434125E+000  0.470568E+000
  0.434431E+000  0.470963E+000
  0.434738E+000  0.471358E+000
  0.435045E+000  0.471753E+000
  0.435351E+000  0.472148E+000
  0.435658E+000  0.472543E+000
  0.435965E+000  0.472938E+000
  0.436272E+000  0.473332E+000
  0.436579E+000  0.473727E+000
  0.436886E+000  0.474122E+000
  0.437193E+000  0.474516E+000
  0.437500E+000  0.474911E+000
  0.437807E+000  0.475306E+000
  0.438114E+000  0.475700E+000
  0.438422E+000  0.476094E+000
  0.438729E+000  0.476489E+000
  0.439036E+000  0.476883E+000
  0.439344E+000  0.477278E+000
  0.439651E+000  0.477672E+000
  0.439958E+000  0.478066E+000
  0.440266E+000  0.478461E+000
  0.440574E+000  0.478855E+000
  0.440881E+000  0.479249E+000
  0.441189E+000  0.479643E+000
  0.441496E+000  0.480037E+000
  0.441804E+000  0.480431E+000
  0.442112E+000  0.480825E+000
  0.442420E+000  0.481219E+000
  0.442728E+000  0.481613E+000
  0.443036E+000  0.482007E+000
  0.443344E+000  0.482401E+000
  0.443652E+000  0.482795E+000
  0.443960E+000  0.483189E+000
  0.444268E+000  0.483583E+000
  0.444576E+000  0.483976E+000
  0.444884E+000  0.484370E+000
  0.445192E+000  0.484764E+000
  0.445500E+000  0.485158E+000
  0.445809E+000  0.485551E+000
  0.446117E+000  0.485945E+000
  0.446425E+000  0.486338E+000
  0.446734E+000  0.486732E+000
  0.447042E+000  0.487125E+000
  0.447351E+000  0.487519E+000
  0.447659E+000  0.487912E+000
  0.447968E+000  0.488306E+000
  0.448276E+000  0.488699E+000
  0.448585E+000  0.489093E+000
  0.448894E+000  0.489486E+000
  0.449202E+000  0.489879E+000
  0.449511E+000  0.490273E+000
  0.449820E+000  0.490666E+000
  0.450129E+000  0.491059E+000
  0.450438E+000  0.491452E+000
  0.450746E+000  0.491846E+000
  0.451055E+000  0.492239E+000
  0.451364E+000  0.492632E+000
  0.451673E+000  0.493025E+000
  0.451982E+000  0.493418E+000
  0.452291E+000  0.493811E+000
  0.452600E+000  0.494204E+000
  0.452910E+000  0.494597E+000
  0.453219E+000  0.494990E+000
  0.453528E+000  0.495383E+000
  0.453837E+000  0.495776E+000
  0.454146E+000  0.496169E+000
  0.454456E+000  0.496562E+000
  0.454765E+000  0.496955E+000
  0.455074E+000  0.497347E+000
  0.455384E+000  0.497740E+000
  0.455693E+000  0.498133E+000
  0.456003E+000  0.498526E+000
  0.456312E+000  0.498918E+000
  0.456622E+000  0.499311E+000
  0.456931E+000  0.499704E+000
  0.457241E+000  0.500096E+000
  0.457550E+000  0.500489E+000
  0.457860E+000  0.500882E+000
  0.458169E+000  0.501274E+000
  0.458479E+000  0.501667E+000
  0.458789E+000  0.502059E+000
  0.459099E+000  0.502452E+000
  0.459408E+000  0.502844E+000
  0.459718E+000  0.503237E+000
  0.460028E+000  0.503629E+000
  0.460338E+000  0.504022E+000
  0.460648E+000  0.504414E+000
  0.460958E+000  0.504806E+000
  0.461267E+000  0.505199E+000
  0.461577E+000  0.505591E+000
  0.461887E+000  0.505983E+000
  0.462197E+000  0.506376E+000
  0.462507E+000  0.506768E+000
  0.462818E+000  0.507160E+000
  0.463128E+000  0.507552E+000
  0.463438E+000  0.507945E+000
  0.463748E+000  0.508337E+000
  0.464058E+000  0.508729E+000
  0.464368E+000  0.509121E+000
  0.464678E+000  0.509513E+000
  0.464989E+000  0.509905E+000
  0.465299E+000  0.510298E+000
  0.465609E+000  0.510690E+000
  0.465920E+000  0.511082E+000
  0.466230E+000  0.511474E+000
  0.466540E+000  0.511866E+000
  0.466851E+000  0.512258E+000
  0.467161E+000  0.512650E+000
  0.467471E+000  0.513042E+000
  0.467782E+000  0.513434E+000
  0.468092E+000  0.513826E+000
  0.468403E+000  0.514217E+000
  0.468713E+000  0.514609E+000
  0.469024E+000  0.515001E+000
  0.469334E+000  0.515393E+000
  0.469645E+000  0.515785E+000
  0.469956E+000  0.516177E+000
  0.470266E+000  0.516568E+000
  0.470577E+000  0.516960E+000
  0.470888E+000  0.517352E+000
  0.471198E+000  0.517744E+000
  0.471509E+000  0.518136E+000
  0.471820E+000  0.518527E+000
  0.472131E+000  0.518919E+000
  0.472441E+000  0.519311E+000
  0.472752E+000  0.519702E+000
  0.473063E+000  0.520094E+000
  0.473374E+000  0.520486E+000
  0.473685E+000  0.520877E+000
  0.473995E+000  0.521269E+000
  0.474306E+000  0.521660E+000
  0.474617E+000  0.522052E+000
  0.474928E+000  0.522444E+000
  0.475239E+000  0.522835E+000
  0.475550E+000  0.523227E+000
  0.475861E+000  0.523618E+000
  0.476172E+000  0.524010E+000
  0.476483E+000  0.524401E+000
  0.476794E+000  0.524793E+000
  0.477105E+000  0.525184E+000
  0.477416E+000  0.525575E+000
  0.477728E+000  0.525967E+000
  0.478039E+000  0.526358E+000
  0.478350E+000  0.526750E+000
  0.478661E+000  0.527141E+000
  0.478972E+000  0.527532E+000
  0.479283E+000  0.527924E+000
  0.479594E+000  0.528315E+000
  0.479906E+000  0.528706E+000
  0.480217E+000  0.529098E+000
  0.480528E+000  0.529489E+000
  0.480839E+000  0.529880E+000
  0.481151E+000  0.530272E+000
  0.481462E+000  0.530663E+000
  0.481773E+000  0.531054E+000
  0.482085E+000  0.531445E+000
  0.482396E+000  0.531837E+000
  0.482707E+000  0.532228E+000
  0.483019E+000  0.532619E+000
  0.483330E+000  0.533010E+000
  0.483642E+000  0.533401E+000
  0.483953E+000  0.533793E+000
  0.484265E+000  0.534184E+000
  0.484576E+000  0.534575E+000
  0.484888E+000  0.534966E+000
  0.485199E+000  0.535357E+000
  0.485511E+000  0.535748E+000
  0.485822E+000  0.536139E+000
  0.486134E+000  0.536530E+000
  0.486445E+000  0.536921E+000
  0.486757E+000  0.537313E+000
  0.487068E+000  0.537704E+000
  0.487380E+000  0.538095E+000
  0.487692E+000  0.538486E+000
  0.488003E+000  0.538877E+000
  0.488315E+000  0.539268E+000
  0.488626E+000  0.539659E+000
  0.488938E+000  0.540050E+000
  0.489250E+000  0.540441E+000
  0.489561E+000  0.540832E+000
  0.489873E+000  0.541223E+000
  0.490185E+000  0.541613E+000
  0.490497E+000  0.542004E+000
  0.490808E+000  0.542395E+000
  0.491120E+000  0.542786E+000
  0.491432E+000  0.543177E+000
  0.491744E+000  0.543568E+000
  0.492055E+000  0.543959E+000
  0.492367E+000  0.544350E+000
  0.492679E+000  0.544741E+000
  0.492991E+000  0.545131E+000
  0.493303E+000  0.545522E+000
  0.493615E+000  0.545913E+000
  0.493926E+000  0.546304E+000
  0.494238E+000  0.546695E+000
  0.494550E+000  0.547086E+000
  0.494862E+000  0.547476E+000
  0.495174E+000  0.547867E+000
  0.495486E+000  0.548258E+000
  0.495798E+000  0.548649E+000
  0.496110E+000  0.549039E+000
  0.496422E+000  0.549430E+000
  0.496734E+000  0.549821E+000
  0.497046E+000  0.550212E+000
  0.497358E+000  0.550602E+000
  0.497670E+000  0.550993E+000
  0.497982E+000  0.551384E+000
  0.498294E+000  0.551775E+000
  0.498606E+000  0.552165E+000
  0.498918E+000  0.552556E+000
  0.499230E+000  0.552947E+000
  0.499542E+000  0.553337E+000
  0.499854E+000  0.553728E+000
  0.500166E+000  0.554119E+000
  0.500478E+000  0.554509E+000
  0.500790E+000  0.554900E+000
  0.501102E+000  0.555291E+000
  0.501414E+000  0.555681E+000
  0.501726E+000  0.556072E+000
  0.502039E+000  0.556462E+000
  0.502351E+000  0.556853E+000
  0.502663E+000  0.557244E+000
  0.502975E+000  0.557634E+000
  0.503287E+000  0.558025E+000
  0.503599E+000  0.558415E+000
  0.503911E+000  0.558806E+000
  0.504224E+000  0.559196E+000
  0.504536E+000  0.559587E+000
  0.504848E+000  0.559978E+000
  0.505160E+000  0.560368E+000
  0.505473E+000  0.560759E+000
  0.505785E+000  0.561149E+000
  0.506097E+000  0.561540E+000
  0.506409E+000  0.561930E+000
  0.506721E+000  0.562321E+000
  0.507034E+000  0.562711E+000
  0.507346E+000  0.563102E+000
  0.507658E+000  0.563492E+000
  0.507971E+000  0.563883E+000
  0.508283E+000  0.564273E+000
  0.508595E+000  0.564664E+000
  0.508907E+000  0.565054E+000
  0.509220E+000  0.565445E+000
  0.509532E+000  0.565835E+000
  0.509844E+000  0.566225E+000
  0.510157E+000  0.566616E+000
  0.510469E+000  0.567006E+000
  0.510781E+000  0.567397E+000
  0.511094E+000  0.567787E+000
  0.511406E+000  0.568178E+000
  0.511718E+000  0.568568E+000
  0.512031E+000  0.568959E+000
  0.512343E+000  0.569349E+000
  0.512656E+000  0.569739E+000
  0.512968E+000  0.570130E+000
  0.513280E+000  0.570520E+000
  0.513593E+000  0.570911E+000
  0.513905E+000  0.571301E+000
  0.514218E+000  0.571691E+000
  0.514530E+000  0.572082E+000
  0.514842E+000  0.572472E+000
  0.515155E+000  0.572862E+000
  0.515467E+000  0.573253E+000
  0.515780E+000  0.573643E+000
  0.516092E+000  0.574034E+000
  0.516405E+000  0.574424E+000
  0.516717E+000  0.574814E+000
  0.517029E+000  0.575205E+000
  0.517342E+000  0.575595E+000
  0.517654E+000  0.575985E+000
  0.517967E+000  0.576376E+000
  0.518279E+000  0.576766E+000
  0.518592E+000  0.577156E+000
  0.518904E+000  0.577547E+000
  0.519217E+000  0.577937E+000
  0.519529E+000  0.578327E+000
  0.519842E+000  0.578718E+000
  0.520154E+000  0.579108E+000
  0.520467E+000  0.579498E+000
  0.520779E+000  0.579888E+000
  0.521092E+000  0.580279E+000
  0.521404E+000  0.580669E+000
  0.521717E+000  0.581059E+000
  0.522029E+000  0.581450E+000
  0.522342E+000  0.581840E+000
  0.522654E+000  0.582230E+000
  0.522967E+000  0.582621E+000
  0.523280E+000  0.583011E+000
  0.523592E+000  0.583401E+000
  0.523905E+000  0.583791E+000
  0.524217E+000  0.584182E+000
  0.524530E+000  0.584572E+000
  0.524842E+000  0.584962E+000
  0.525155E+000  0.585352E+000
  0.525467E+000  0.585743E+000
  0.525780E+000  0.586133E+000
  0.526093E+000  0.586523E+000
  0.526405E+000  0.586914E+000
  0.526718E+000  0.587304E+000
  0.527030E+000  0.587694E+000
  0.527343E+000  0.588084E+000
  0.527655E+000  0.588475E+000
  0.527968E+000  0.588865E+000
  0.528281E+000  0.589255E+000
  0.528593E+000  0.589645E+000
  0.528906E+000  0.590035E+000
  0.529218E+000  0.590426E+000
  0.529531E+000  0.590816E+000
  0.529843E+000  0.591206E+000
  0.530156E+000  0.591596E+000
  0.530469E+000  0.591987E+000
  0.530781E+000  0.592377E+000
  0.531094E+000  0.592767E+000
  0.531406E+000  0.593157E+000
  0.531719E+000  0.593548E+000
  0.532032E+000  0.593938E+000
  0.532344E+000  0.594328E+000
  0.532657E+000  0.594718E+000
  0.532970E+000  0.595108E+000
  0.533282E+000  0.595499E+000
  0.533595E+000  0.595889E+000
  0.533907E+000  0.596279E+000
  0.534220E+000  0.596669E+000
  0.534533E+000  0.597060E+000
  0.534845E+000  0.597450E+000
  0.535158E+000  0.597840E+000
  0.535470E+000  0.598230E+000
  0.535783E+000  0.598620E+000
  0.536096E+000  0.599011E+000
  0.536408E+000  0.599401E+000
  0.536721E+000  0.599791E+000
  0.537034E+000  0.600181E+000
  0.537346E+000  0.600572E+000
  0.537659E+000  0.600962E+000
  0.537971E+000  0.601352E+000
  0.538284E+000  0.601742E+000
  0.538597E+000  0.602132E+000
  0.538909E+000  0.602523E+000
  0.539222E+000  0.602913E+000
  0.539535E+000  0.603303E+000
  0.539847E+000  0.603693E+000
  0.540160E+000  0.604083E+000
  0.540472E+000  0.604474E+000
  0.540785E+000  0.604864E+000
  0.541098E+000  0.605254E+000
  0.541410E+000  0.605644E+000
  0.541723E+000  0.606035E+000
  0.542036E+000  0.606425E+000
  0.542348E+000  0.606815E+000
  0.542661E+000  0.607205E+000
  0.542973E+000  0.607595E+000
  0.543286E+000  0.607986E+000
  0.543599E+000  0.608376E+000
  0.543911E+000  0.608766E+000
  0.544224E+000  0.609156E+000
  0.544536E+000  0.609547E+000
  0.544849E+000  0.609937E+000
  0.545162E+000  0.610327E+000
  0.545474E+000  0.610717E+000
  0.545787E+000  0.611107E+000
  0.546100E+000  0.611498E+000
  0.546412E+000  0.611888E+000
  0.546725E+000  0.612278E+000
  0.547037E+000  0.612668E+000
  0.547350E+000  0.613059E+000
  0.547663E+000  0.613449E+000
  0.547975E+000  0.613839E+000
  0.548288E+000  0.614229E+000
  0.548600E+000  0.614619E+000
  0.548913E+000  0.615010E+000
  0.549226E+000  0.615400E+000
  0.549538E+000  0.615790E+000
  0.549851E+000  0.616180E+000
  0.550163E+000  0.616571E+000
  0.550476E+000  0.616961E+000
  0.550788E+000  0.617351E+000
  0.551101E+000  0.617741E+000
  0.551414E+000  0.618132E+000
  0.551726E+000  0.618522E+000
  0.552039E+000  0.618912E+000
  0.552351E+000  0.619302E+000
  0.552664E+000  0.619693E+000
  0.552977E+000  0.620083E+000
  0.553289E+000  0.620473E+000
  0.553602E+000  0.620863E+000
  0.553914E+000  0.621254E+000
  0.554227E+000  0.621644E+000
  0.554539E+000  0.622034E+000
  0.554852E+000  0.622424E+000
  0.555164E+000  0.622815E+000
  0.555477E+000  0.623205E+000
  0.555790E+000  0.623595E+000
  0.556102E+000  0.623986E+000
  0.556415E+000  0.624376E+000
  0.556727E+000  0.624766E+000
  0.557040E+000  0.625156E+000
  0.557352E+000  0.625547E+000
  0.557665E+000  0.625937E+000
  0.557977E+000  0.626327E+000
  0.558290E+000  0.626718E+000
  0.558602E+000  0.627108E+000
  0.558915E+000  0.627498E+000
  0.559227E+000  0.627889E+000
  0.559540E+000  0.628279E+000
  0.559852E+000  0.628669E+000
  0.560165E+000  0.629059E+000
  0.560477E+000  0.629450E+000
  0.560790E+000  0.629840E+000
  0.561102E+000  0.630230E+000
  0.561415E+000  0.630621E+000
  0.561727E+000  0.631011E+000
  0.562040E+000  0.631401E+000
  0.562352E+000  0.631792E+000
  0.562665E+000  0.632182E+000
  0.562977E+000  0.632572E+000
  0.563290E+000  0.632963E+000
  0.563602E+000  0.633353E+000
  0.563914E+000  0.633743E+000
  0.564227E+000  0.634134E+000
  0.564539E+000  0.634524E+000
  0.564852E+000  0.634915E+000
  0.565164E+000  0.635305E+000
  0.565477E+000  0.635695E+000
  0.565789E+000  0.636086E+000
  0.566102E+000  0.636476E+000
  0.566414E+000  0.636866E+000
  0.566726E+000  0.637257E+000
  0.567039E+000  0.637647E+000
  0.567351E+000  0.638038E+000
  0.567664E+000  0.638428E+000
  0.567976E+000  0.638818E+000
  0.568288E+000  0.639209E+000
  0.568601E+000  0.639599E+000
  0.568913E+000  0.639990E+000
  0.569225E+000  0.640380E+000
  0.569538E+000  0.640770E+000
  0.569850E+000  0.641161E+000
  0.570163E+000  0.641551E+000
  0.570475E+000  0.641942E+000
  0.570787E+000  0.642332E+000
  0.571100E+000  0.642723E+000
  0.571412E+000  0.643113E+000
  0.571724E+000  0.643503E+000
  0.572037E+000  0.643894E+000
  0.572349E+000  0.644284E+000
  0.572661E+000  0.644675E+000
  0.572973E+000  0.645065E+000
  0.573286E+000  0.645456E+000
  0.573598E+000  0.645846E+000
  0.573910E+000  0.646237E+000
  0.574223E+000  0.646627E+000
  0.574535E+000  0.647018E+000
  0.574847E+000  0.647408E+000
  0.575159E+000  0.647799E+000
  0.575472E+000  0.648189E+000
  0.575784E+000  0.648580E+000
  0.576096E+000  0.648970E+000
  0.576408E+000  0.649361E+000
  0.576721E+000  0.649751E+000
  0.577033E+000  0.650142E+000
  0.577345E+000  0.650532E+000
  0.577657E+000  0.650923E+000
  0.577970E+000  0.651313E+000
  0.578282E+000  0.651704E+000
  0.578594E+000  0.652095E+000
  0.578906E+000  0.652485E+000
  0.579218E+000  0.652876E+000
  0.579530E+000  0.653266E+000
  0.579843E+000  0.653657E+000
  0.580155E+000  0.654047E+000
  0.580467E+000  0.654438E+000
  0.580779E+000  0.654829E+000
  0.581091E+000  0.655219E+000
  0.581403E+000  0.655610E+000
  0.581716E+000  0.656000E+000
  0.582028E+000  0.656391E+000
  0.582340E+000  0.656782E+000
  0.582652E+000  0.657172E+000
  0.582964E+000  0.657563E+000
  0.583276E+000  0.657954E+000
  0.583588E+000  0.658344E+000
  0.583900E+000  0.658735E+000
  0.584212E+000  0.659125E+000
  0.584524E+000  0.659516E+000
  0.584836E+000  0.659907E+000
  0.585148E+000  0.660297E+000
  0.585461E+000  0.660688E+000
  0.585773E+000  0.661079E+000
  0.586085E+000  0.661470E+000
  0.586397E+000  0.661860E+000
  0.586709E+000  0.662251E+000
  0.587021E+000  0.662642E+000
  0.587333E+000  0.663032E+000
  0.587645E+000  0.663423E+000
  0.587957E+000  0.663814E+000
  0.588269E+000  0.664205E+000
  0.588581E+000  0.664595E+000
  0.588892E+000  0.664986E+000
  0.589204E+000  0.665377E+000
  0.589516E+000  0.665768E+000
  0.589828E+000  0.666158E+000
  0.590140E+000  0.666549E+000
  0.590452E+000  0.666940E+000
  0.590764E+000  0.667331E+000
  0.591076E+000  0.667721E+000
  0.591388E+000  0.668112E+000
  0.591700E+000  0.668503E+000
  0.592012E+000  0.668894E+000
  0.592323E+000  0.669285E+000
  0.592635E+000  0.669676E+000
  0.592947E+000  0.670066E+000
  0.593259E+000  0.670457E+000
  0.593571E+000  0.670848E+000
  0.593883E+000  0.671239E+000
  0.594194E+000  0.671630E+000
  0.594506E+000  0.672021E+000
  0.594818E+000  0.672412E+000
  0.595130E+000  0.672802E+000
  0.595442E+000  0.673193E+000
  0.595753E+000  0.673584E+000
  0.596065E+000  0.673975E+000
  0.596377E+000  0.674366E+000
  0.596689E+000  0.674757E+000
  0.597000E+000  0.675148E+000
  0.597312E+000  0.675539E+000
  0.597624E+000  0.675930E+000
  0.597936E+000  0.676321E+000
  0.598247E+000  0.676712E+000
  0.598559E+000  0.677103E+000
  0.598871E+000  0.677494E+000
  0.599182E+000  0.677884E+000
  0.599494E+000  0.678275E+000
  0.599806E+000  0.678666E+000
  0.600117E+000  0.679057E+000
  0.600429E+000  0.679448E+000
  0.600740E+000  0.679839E+000
  0.601052E+000  0.680231E+000
  0.601364E+000  0.680622E+000
  0.601675E+000  0.681013E+000
  0.601987E+000  0.681404E+000
  0.602298E+000  0.681795E+000
  0.602610E+000  0.682186E+000
  0.602922E+000  0.682577E+000
  0.603233E+000  0.682968E+000
  0.603545E+000  0.683359E+000
  0.603856E+000  0.683750E+000
  0.604168E+000  0.684141E+000
  0.604479E+000  0.684532E+000
  0.604791E+000  0.684923E+000
  0.605102E+000  0.685314E+000
  0.605414E+000  0.685706E+000
  0.605725E+000  0.686097E+000
  0.606037E+000  0.686488E+000
  0.606348E+000  0.686879E+000
  0.606659E+000  0.687270E+000
  0.606971E+000  0.687661E+000
  0.607282E+000  0.688053E+000
  0.607594E+000  0.688444E+000
  0.607905E+000  0.688835E+000
  0.608216E+000  0.689226E+000
  0.608528E+000  0.689617E+000
  0.608839E+000  0.690009E+000
  0.609151E+000  0.690400E+000
  0.609462E+000  0.690791E+000
  0.609773E+000  0.691182E+000
  0.610085E+000  0.691574E+000
  0.610396E+000  0.691965E+000
  0.610707E+000  0.692356E+000
  0.611018E+000  0.692747E+000
  0.611330E+000  0.693139E+000
  0.611641E+000  0.693530E+000
  0.611952E+000  0.693921E+000
  0.612263E+000  0.694313E+000
  0.612575E+000  0.694704E+000
  0.612886E+000  0.695095E+000
  0.613197E+000  0.695487E+000
  0.613508E+000  0.695878E+000
  0.613819E+000  0.696269E+000
  0.614131E+000  0.696661E+000
  0.614442E+000  0.697052E+000
  0.614753E+000  0.697443E+000
  0.615064E+000  0.697835E+000
  0.615375E+000  0.698226E+000
  0.615686E+000  0.698618E+000
  0.615997E+000  0.699009E+000
  0.616309E+000  0.699401E+000
  0.616620E+000  0.699792E+000
  0.616931E+000  0.700183E+000
  0.617242E+000  0.700575E+000
  0.617553E+000  0.700966E+000
  0.617864E+000  0.701358E+000
  0.618175E+000  0.701749E+000
  0.618486E+000  0.702141E+000
  0.618797E+000  0.702532E+000
  0.619108E+000  0.702924E+000
  0.619419E+000  0.703315E+000
  0.619730E+000  0.703707E+000
  0.620041E+000  0.704098E+000
  0.620352E+000  0.704490E+000
  0.620663E+000  0.704882E+000
  0.620974E+000  0.705273E+000
  0.621284E+000  0.705665E+000
  0.621595E+000  0.706056E+000
  0.621906E+000  0.706448E+000
  0.622217E+000  0.706840E+000
  0.622528E+000  0.707231E+000
  0.622839E+000  0.707623E+000
  0.623150E+000  0.708014E+000
  0.623460E+000  0.708406E+000
  0.623771E+000  0.708798E+000
  0.624082E+000  0.709189E+000
  0.624393E+000  0.709581E+000
  0.624704E+000  0.709973E+000
  0.625014E+000  0.710365E+000
  0.625325E+000  0.710756E+000
  0.625636E+000  0.711148E+000
  0.625947E+000  0.711540E+000
  0.626257E+000  0.711931E+000
  0.626568E+000  0.712323E+000
  0.626879E+000  0.712715E+000
  0.627189E+000  0.713107E+000
  0.627500E+000  0.713499E+000
  0.627811E+000  0.713890E+000
  0.628121E+000  0.714282E+000
  0.628432E+000  0.714674E+000
  0.628742E+000  0.715066E+000
  0.629053E+000  0.715458E+000
  0.629364E+000  0.715849E+000
  0.629674E+000  0.716241E+000
  0.629985E+000  0.716633E+000
  0.630295E+000  0.717025E+000
  0.630606E+000  0.717417E+000
  0.630916E+000  0.717809E+000
  0.631227E+000  0.718201E+000
  0.631537E+000  0.718593E+000
  0.631848E+000  0.718985E+000
  0.632158E+000  0.719377E+000
  0.632469E+000  0.719768E+000
  0.632779E+000  0.720160E+000
  0.633089E+000  0.720552E+000
  0.633400E+000  0.720944E+000
  0.633710E+000  0.721336E+000
  0.634021E+000  0.721728E+000
  0.634331E+000  0.722120E+000
  0.634641E+000  0.722512E+000
  0.634952E+000  0.722904E+000
  0.635262E+000  0.723297E+000
  0.635572E+000  0.723689E+000
  0.635883E+000  0.724081E+000
  0.636193E+000  0.724473E+000
  0.636503E+000  0.724865E+000
  0.636813E+000  0.725257E+000
  0.637124E+000  0.725649E+000
  0.637434E+000  0.726041E+000
  0.637744E+000  0.726433E+000
  0.638054E+000  0.726825E+000
  0.638364E+000  0.727218E+000
  0.638675E+000  0.727610E+000
  0.638985E+000  0.728002E+000
  0.639295E+000  0.728394E+000
  0.639605E+000  0.728786E+000
  0.639915E+000  0.729179E+000
  0.640225E+000  0.729571E+000
  0.640535E+000  0.729963E+000
  0.640845E+000  0.730355E+000
  0.641155E+000  0.730748E+000
  0.641465E+000  0.731140E+000
  0.641775E+000  0.731532E+000
  0.642085E+000  0.731924E+000
  0.642395E+000  0.732317E+000
  0.642705E+000  0.732709E+000
  0.643015E+000  0.733101E+000
  0.643325E+000  0.733494E+000
  0.643635E+000  0.733886E+000
  0.643945E+000  0.734278E+000
  0.644255E+000  0.734671E+000
  0.644565E+000  0.735063E+000
  0.644875E+000  0.735456E+000
  0.645185E+000  0.735848E+000
  0.645495E+000  0.736240E+000
  0.645804E+000  0.736633E+000
  0.646114E+000  0.737025E+000
  0.646424E+000  0.737418E+000
  0.646734E+000  0.737810E+000
  0.647044E+000  0.738203E+000
  0.647353E+000  0.738595E+000
  0.647663E+000  0.738988E+000
  0.647973E+000  0.739380E+000
  0.648282E+000  0.739773E+000
  0.648592E+000  0.740165E+000
  0.648902E+000  0.740558E+000
  0.649211E+000  0.740950E+000
  0.649521E+000  0.741343E+000
  0.649831E+000  0.741736E+000
  0.650140E+000  0.742128E+000
  0.650450E+000  0.742521E+000
  0.650760E+000  0.742913E+000
  0.651069E+000  0.743306E+000
  0.651379E+000  0.743699E+000
  0.651688E+000  0.744091E+000
  0.651998E+000  0.744484E+000
  0.652307E+000  0.744877E+000
  0.652617E+000  0.745270E+000
  0.652926E+000  0.745662E+000
  0.653236E+000  0.746055E+000
  0.653545E+000  0.746448E+000
  0.653855E+000  0.746840E+000
  0.654164E+000  0.747233E+000
  0.654473E+000  0.747626E+000
  0.654783E+000  0.748019E+000
  0.655092E+000  0.748412E+000
  0.655401E+000  0.748804E+000
  0.655711E+000  0.749197E+000
  0.656020E+000  0.749590E+000
  0.656329E+000  0.749983E+000
  0.656639E+000  0.750376E+000
  0.656948E+000  0.750769E+000
  0.657257E+000  0.751162E+000
  0.657566E+000  0.751554E+000
  0.657876E+000  0.751947E+000
  0.658185E+000  0.752340E+000
  0.658494E+000  0.752733E+000
  0.658803E+000  0.753126E+000
  0.659112E+000  0.753519E+000
  0.659421E+000  0.753912E+000
  0.659731E+000  0.754305E+000
  0.660040E+000  0.754698E+000
  0.660349E+000  0.755091E+000
  0.660658E+000  0.755484E+000
  0.660967E+000  0.755877E+000
  0.661276E+000  0.756270E+000
  0.661585E+000  0.756663E+000
  0.661894E+000  0.757057E+000
  0.662203E+000  0.757450E+000
  0.662512E+000  0.757843E+000
  0.662821E+000  0.758236E+000
  0.663130E+000  0.758629E+000
  0.663439E+000  0.759022E+000
  0.663748E+000  0.759415E+000
  0.664056E+000  0.759809E+000
  0.664365E+000  0.760202E+000
  0.664674E+000  0.760595E+000
  0.664983E+000  0.760988E+000
  0.665292E+000  0.761381E+000
  0.665601E+000  0.761775E+000
  0.665909E+000  0.762168E+000
  0.666218E+000  0.762561E+000
  0.666527E+000  0.762955E+000
  0.666836E+000  0.763348E+000
  0.667144E+000  0.763741E+000
  0.667453E+000  0.764134E+000
  0.667762E+000  0.764528E+000
  0.668070E+000  0.764921E+000
  0.668379E+000  0.765315E+000
  0.668688E+000  0.765708E+000
  0.668996E+000  0.766101E+000
  0.669305E+000  0.766495E+000
  0.669613E+000  0.766888E+000
  0.669922E+000  0.767282E+000
  0.670230E+000  0.767675E+000
  0.670539E+000  0.768069E+000
  0.670847E+000  0.768462E+000
  0.671156E+000  0.768856E+000
  0.671464E+000  0.769249E+000
  0.671773E+000  0.769643E+000
  0.672081E+000  0.770036E+000
  0.672390E+000  0.770430E+000
  0.672698E+000  0.770823E+000
  0.673006E+000  0.771217E+000
  0.673315E+000  0.771610E+000
  0.673623E+000  0.772004E+000
  0.673931E+000  0.772398E+000
  0.674240E+000  0.772791E+000
  0.674548E+000  0.773185E+000
  0.674856E+000  0.773579E+000
  0.675164E+000  0.773972E+000
  0.675473E+000  0.774366E+000
  0.675781E+000  0.774760E+000
  0.676089E+000  0.775153E+000
  0.676397E+000  0.775547E+000
  0.676705E+000  0.775941E+000
  0.677013E+000  0.776335E+000
  0.677322E+000  0.776729E+000
  0.677630E+000  0.777122E+000
  0.677938E+000  0.777516E+000
  0.678246E+000  0.777910E+000
  0.678554E+000  0.778304E+000
  0.678862E+000  0.778698E+000
  0.679170E+000  0.779092E+000
  0.679478E+000  0.779485E+000
  0.679786E+000  0.779879E+000
  0.680094E+000  0.780273E+000
  0.680402E+000  0.780667E+000
  0.680710E+000  0.781061E+000
  0.681017E+000  0.781455E+000
  0.681325E+000  0.781849E+000
  0.681633E+000  0.782243E+000
  0.681941E+000  0.782637E+000
  0.682249E+000  0.783031E+000
  0.682557E+000  0.783425E+000
  0.682864E+000  0.783819E+000
  0.683172E+000  0.784213E+000
  0.683480E+000  0.784607E+000
  0.683788E+000  0.785001E+000
  0.684095E+000  0.785395E+000
  0.684403E+000  0.785790E+000
  0.684711E+000  0.786184E+000
  0.685018E+000  0.786578E+000
  0.685326E+000  0.786972E+000
  0.685633E+000  0.787366E+000
  0.685941E+000  0.787760E+000
  0.686249E+000  0.788155E+000
  0.686556E+000  0.788549E+000
  0.686864E+000  0.788943E+000
  0.687171E+000  0.789337E+000
  0.687479E+000  0.789732E+000
  0.687786E+000  0.790126E+000
  0.688094E+000  0.790520E+000
  0.688401E+000  0.790915E+000
  0.688708E+000  0.791309E+000
  0.689016E+000  0.791703E+000
  0.689323E+000  0.792098E+000
  0.689631E+000  0.792492E+000
  0.689938E+000  0.792886E+000
  0.690245E+000  0.793281E+000
  0.690552E+000  0.793675E+000
  0.690860E+000  0.794070E+000
  0.691167E+000  0.794464E+000
  0.691474E+000  0.794859E+000
  0.691781E+000  0.795253E+000
  0.692089E+000  0.795648E+000
  0.692396E+000  0.796042E+000
  0.692703E+000  0.796437E+000
  0.693010E+000  0.796831E+000
  0.693317E+000  0.797226E+000
  0.693624E+000  0.797621E+000
  0.693931E+000  0.798015E+000
  0.694238E+000  0.798410E+000
  0.694545E+000  0.798804E+000
  0.694852E+000  0.799199E+000
  0.695159E+000  0.799594E+000
  0.695466E+000  0.799988E+000
  0.695773E+000  0.800383E+000
  0.696080E+000  0.800778E+000
  0.696387E+000  0.801173E+000
  0.696694E+000  0.801567E+000
  0.697001E+000  0.801962E+000
  0.697308E+000  0.802357E+000
  0.697614E+000  0.802752E+000
  0.697921E+000  0.803146E+000
  0.698228E+000  0.803541E+000
  0.698535E+000  0.803936E+000
  0.698841E+000  0.804331E+000
  0.699148E+000  0.804726E+000
  0.699455E+000  0.805121E+000
  0.699761E+000  0.805516E+000
  0.700068E+000  0.805911E+000
  0.700375E+000  0.806306E+000
  0.700681E+000  0.806700E+000
  0.700988E+000  0.807095E+000
  0.701295E+000  0.807490E+000
  0.701601E+000  0.807885E+000
  0.701908E+000  0.808280E+000
  0.702214E+000  0.808676E+000
  0.702521E+000  0.809071E+000
  0.702827E+000  0.809466E+000
  0.703133E+000  0.809861E+000
  0.703440E+000  0.810256E+000
  0.703746E+000  0.810651E+000
  0.704053E+000  0.811046E+000
  0.704359E+000  0.811441E+000
  0.704665E+000  0.811836E+000
  0.704972E+000  0.812232E+000
  0.705278E+000  0.812627E+000
  0.705584E+000  0.813022E+000
  0.705890E+000  0.813417E+000
  0.706197E+000  0.813813E+000
  0.706503E+000  0.814208E+000
  0.706809E+000  0.814603E+000
  0.707115E+000  0.814998E+000
  0.707421E+000  0.815394E+000
  0.707727E+000  0.815789E+000
  0.708034E+000  0.816184E+000
  0.708340E+000  0.816580E+000
  0.708646E+000  0.816975E+000
  0.708952E+000  0.817371E+000
  0.709258E+000  0.817766E+000
  0.709564E+000  0.818162E+000
  0.709870E+000  0.818557E+000
  0.710176E+000  0.818952E+000
  0.710481E+000  0.819348E+000
  0.710787E+000  0.819743E+000
  0.711093E+000  0.820139E+000
  0.711399E+000  0.820535E+000
  0.711705E+000  0.820930E+000
  0.712011E+000  0.821326E+000
  0.712316E+000  0.821721E+000
  0.712622E+000  0.822117E+000
  0.712928E+000  0.822513E+000
  0.713234E+000  0.822908E+000
  0.713539E+000  0.823304E+000
  0.713845E+000  0.823700E+000
  0.714151E+000  0.824095E+000
  0.714456E+000  0.824491E+000
  0.714762E+000  0.824887E+000
  0.715067E+000  0.825282E+000
  0.715373E+000  0.825678E+000
  0.715679E+000  0.826074E+000
  0.715984E+000  0.826470E+000
  0.716290E+000  0.826866E+000
  0.716595E+000  0.827261E+000
  0.716900E+000  0.827657E+000
  0.717206E+000  0.828053E+000
  0.717511E+000  0.828449E+000
  0.717817E+000  0.828845E+000
  0.718122E+000  0.829241E+000
  0.718427E+000  0.829637E+000
  0.718733E+000  0.830033E+000
  0.719038E+000  0.830429E+000
  0.719343E+000  0.830825E+000
  0.719648E+000  0.831221E+000
  0.719954E+000  0.831617E+000
  0.720259E+000  0.832013E+000
  0.720564E+000  0.832409E+000
  0.720869E+000  0.832805E+000
  0.721174E+000  0.833201E+000
  0.721479E+000  0.833597E+000
  0.721784E+000  0.833994E+000
  0.722089E+000  0.834390E+000
  0.722394E+000  0.834786E+000
  0.722699E+000  0.835182E+000
  0.723004E+000  0.835578E+000
  0.723309E+000  0.835975E+000
  0.723614E+000  0.836371E+000
  0.723919E+000  0.836767E+000
  0.724224E+000  0.837163E+000
  0.724529E+000  0.837560E+000
  0.724834E+000  0.837956E+000
  0.725139E+000  0.838352E+000
  0.725443E+000  0.838749E+000
  0.725748E+000  0.839145E+000
  0.726053E+000  0.839541E+000
  0.726358E+000  0.839938E+000
  0.726662E+000  0.840334E+000
  0.726967E+000  0.840731E+000
  0.727272E+000  0.841127E+000
  0.727576E+000  0.841524E+000
  0.727881E+000  0.841920E+000
  0.728185E+000  0.842317E+000
  0.728490E+000  0.842713E+000
  0.728795E+000  0.843110E+000
  0.729099E+000  0.843506E+000
  0.729404E+000  0.843903E+000
  0.729708E+000  0.844300E+000
  0.730012E+000  0.844696E+000
  0.730317E+000  0.845093E+000
  0.730621E+000  0.845490E+000
  0.730926E+000  0.845886E+000
  0.731230E+000  0.846283E+000
  0.731534E+000  0.846680E+000
  0.731838E+000  0.847077E+000
  0.732143E+000  0.847473E+000
  0.732447E+000  0.847870E+000
  0.732751E+000  0.848267E+000
  0.733055E+000  0.848664E+000
  0.733360E+000  0.849061E+000
  0.733664E+000  0.849457E+000
  0.733968E+000  0.849854E+000
  0.734272E+000  0.850251E+000
  0.734576E+000  0.850648E+000
  0.734880E+000  0.851045E+000
  0.735184E+000  0.851442E+000
  0.735488E+000  0.851839E+000
  0.735792E+000  0.852236E+000
  0.736096E+000  0.852633E+000
  0.736400E+000  0.853030E+000
  0.736704E+000  0.853427E+000
  0.737008E+000  0.853824E+000
  0.737311E+000  0.854221E+000
  0.737615E+000  0.854618E+000
  0.737919E+000  0.855016E+000
  0.738223E+000  0.855413E+000
  0.738526E+000  0.855810E+000
  0.738830E+000  0.856207E+000
  0.739134E+000  0.856604E+000
  0.739438E+000  0.857001E+000
  0.739741E+000  0.857399E+000
  0.740045E+000  0.857796E+000
  0.740348E+000  0.858193E+000
  0.740652E+000  0.858591E+000
  0.740955E+000  0.858988E+000
  0.741259E+000  0.859385E+000
  0.741562E+000  0.859783E+000
  0.741866E+000  0.860180E+000
  0.742169E+000  0.860577E+000
  0.742473E+000  0.860975E+000
  0.742776E+000  0.861372E+000
  0.743079E+000  0.861770E+000
  0.743383E+000  0.862167E+000
  0.743686E+000  0.862565E+000
  0.743989E+000  0.862962E+000
  0.744293E+000  0.863360E+000
  0.744596E+000  0.863757E+000
  0.744899E+000  0.864155E+000
  0.745202E+000  0.864553E+000
  0.745505E+000  0.864950E+000
  0.745808E+000  0.865348E+000
  0.746112E+000  0.865745E+000
  0.746415E+000  0.866143E+000
  0.746718E+000  0.866541E+000
  0.747021E+000  0.866939E+000
  0.747324E+000  0.867336E+000
  0.747627E+000  0.867734E+000
  0.747930E+000  0.868132E+000
  0.748233E+000  0.868530E+000
  0.748535E+000  0.868927E+000
  0.748838E+000  0.869325E+000
  0.749141E+000  0.869723E+000
  0.749444E+000  0.870121E+000
  0.749747E+000  0.870519E+000
  0.750049E+000  0.870917E+000
  0.750352E+000  0.871315E+000
  0.750655E+000  0.871713E+000
  0.750958E+000  0.872111E+000
  0.751260E+000  0.872509E+000
  0.751563E+000  0.872907E+000
  0.751865E+000  0.873305E+000
  0.752168E+000  0.873703E+000
  0.752471E+000  0.874101E+000
  0.752773E+000  0.874499E+000
  0.753076E+000  0.874897E+000
  0.753378E+000  0.875295E+000
  0.753680E+000  0.875693E+000
  0.753983E+000  0.876092E+000
  0.754285E+000  0.876490E+000
  0.754588E+000  0.876888E+000
  0.754890E+000  0.877286E+000
  0.755192E+000  0.877685E+000
  0.755494E+000  0.878083E+000
  0.755797E+000  0.878481E+000
  0.756099E+000  0.878879E+000
  0.756401E+000  0.879278E+000
  0.756703E+000  0.879676E+000
  0.757005E+000  0.880075E+000
  0.757308E+000  0.880473E+000
  0.757610E+000  0.880871E+000
  0.757912E+000  0.881270E+000
  0.758214E+000  0.881668E+000
  0.758516E+000  0.882067E+000
  0.758818E+000  0.882465E+000
  0.759120E+000  0.882864E+000
  0.759422E+000  0.883262E+000
  0.759723E+000  0.883661E+000
  0.760025E+000  0.884060E+000
  0.760327E+000  0.884458E+000
  0.760629E+000  0.884857E+000
  0.760931E+000  0.885256E+000
  0.761232E+000  0.885654E+000
  0.761534E+000  0.886053E+000
  0.761836E+000  0.886452E+000
  0.762138E+000  0.886850E+000
  0.762439E+000  0.887249E+000
  0.762741E+000  0.887648E+000
  0.763042E+000  0.888047E+000
  0.763344E+000  0.888446E+000
  0.763645E+000  0.888844E+000
  0.763947E+000  0.889243E+000
  0.764248E+000  0.889642E+000
  0.764550E+000  0.890041E+000
  0.764851E+000  0.890440E+000
  0.765153E+000  0.890839E+000
  0.765454E+000  0.891238E+000
  0.765755E+000  0.891637E+000
  0.766057E+000  0.892036E+000
  0.766358E+000  0.892435E+000
  0.766659E+000  0.892834E+000
  0.766960E+000  0.893233E+000
  0.767262E+000  0.893632E+000
  0.767563E+000  0.894031E+000
  0.767864E+000  0.894431E+000
  0.768165E+000  0.894830E+000
  0.768466E+000  0.895229E+000
  0.768767E+000  0.895628E+000
  0.769068E+000  0.896027E+000
  0.769369E+000  0.896427E+000
  0.769670E+000  0.896826E+000
  0.769971E+000  0.897225E+000
  0.770272E+000  0.897625E+000
  0.770573E+000  0.898024E+000
  0.770874E+000  0.898423E+000
  0.771174E+000  0.898823E+000
  0.771475E+000  0.899222E+000
  0.771776E+000  0.899621E+000
  0.772077E+000  0.900021E+000
  0.772377E+000  0.900420E+000
  0.772678E+000  0.900820E+000
  0.772979E+000  0.901219E+000
  0.773279E+000  0.901619E+000
  0.773580E+000  0.902019E+000
  0.773880E+000  0.902418E+000
  0.774181E+000  0.902818E+000
  0.774481E+000  0.903217E+000
  0.774782E+000  0.903617E+000
  0.775082E+000  0.904017E+000
  0.775383E+000  0.904416E+000
  0.775683E+000  0.904816E+000
  0.775983E+000  0.905216E+000
  0.776284E+000  0.905616E+000
  0.776584E+000  0.906015E+000
  0.776884E+000  0.906415E+000
  0.777184E+000  0.906815E+000
  0.777485E+000  0.907215E+000
  0.777785E+000  0.907615E+000
  0.778085E+000  0.908015E+000
  0.778385E+000  0.908415E+000
  0.778685E+000  0.908815E+000
  0.778985E+000  0.909215E+000
  0.779285E+000  0.909615E+000
  0.779585E+000  0.910015E+000
  0.779885E+000  0.910415E+000
  0.780185E+000  0.910815E+000
  0.780485E+000  0.911215E+000
  0.780785E+000  0.911615E+000
  0.781085E+000  0.912015E+000
  0.781384E+000  0.912415E+000
  0.781684E+000  0.912815E+000
  0.781984E+000  0.913215E+000
  0.782284E+000  0.913616E+000
  0.782583E+000  0.914016E+000
  0.782883E+000  0.914416E+000
  0.783183E+000  0.914816E+000
  0.783482E+000  0.915217E+000
  0.783782E+000  0.915617E+000
  0.784081E+000  0.916017E+000
  0.784381E+000  0.916418E+000
  0.784680E+000  0.916818E+000
  0.784980E+000  0.917219E+000
  0.785279E+000  0.917619E+000
  0.785579E+000  0.918020E+000
  0.785878E+000  0.918420E+000
  0.786177E+000  0.918821E+000
  0.786476E+000  0.919221E+000
  0.786776E+000  0.919622E+000
  0.787075E+000  0.920022E+000
  0.787374E+000  0.920423E+000
  0.787673E+000  0.920823E+000
  0.787972E+000  0.921224E+000
  0.788272E+000  0.921625E+000
  0.788571E+000  0.922025E+000
  0.788870E+000  0.922426E+000
  0.789169E+000  0.922827E+000
  0.789468E+000  0.923228E+000
  0.789767E+000  0.923628E+000
  0.790065E+000  0.924029E+000
  0.790364E+000  0.924430E+000
  0.790663E+000  0.924831E+000
  0.790962E+000  0.925232E+000
  0.791261E+000  0.925633E+000
  0.791560E+000  0.926034E+000
  0.791858E+000  0.926435E+000
  0.792157E+000  0.926836E+000
  0.792456E+000  0.927237E+000
  0.792754E+000  0.927638E+000
  0.793053E+000  0.928039E+000
  0.793351E+000  0.928440E+000
  0.793650E+000  0.928841E+000
  0.793948E+000  0.929242E+000
  0.794247E+000  0.929643E+000
  0.794545E+000  0.930044E+000
  0.794844E+000  0.930446E+000
  0.795142E+000  0.930847E+000
  0.795440E+000  0.931248E+000
  0.795739E+000  0.931649E+000
  0.796037E+000  0.932051E+000
  0.796335E+000  0.932452E+000
  0.796633E+000  0.932853E+000
  0.796932E+000  0.933255E+000
  0.797230E+000  0.933656E+000
  0.797528E+000  0.934057E+000
  0.797826E+000  0.934459E+000
  0.798124E+000  0.934860E+000
  0.798422E+000  0.935262E+000
  0.798720E+000  0.935663E+000
  0.799018E+000  0.936065E+000
  0.799316E+000  0.936466E+000
  0.799614E+000  0.936868E+000
  0.799911E+000  0.937270E+000
  0.800209E+000  0.937671E+000
  0.800507E+000  0.938073E+000
  0.800805E+000  0.938475E+000
  0.801103E+000  0.938876E+000
  0.801400E+000  0.939278E+000
  0.801698E+000  0.939680E+000
  0.801995E+000  0.940082E+000
  0.802293E+000  0.940483E+000
  0.802591E+000  0.940885E+000
  0.802888E+000  0.941287E+000
  0.803186E+000  0.941689E+000
  0.803483E+000  0.942091E+000
  0.803780E+000  0.942493E+000
  0.804078E+000  0.942895E+000
  0.804375E+000  0.943297E+000
  0.804672E+000  0.943699E+000
  0.804970E+000  0.944101E+000
  0.805267E+000  0.944503E+000
  0.805564E+000  0.944905E+000
  0.805861E+000  0.945307E+000
  0.806159E+000  0.945709E+000
  0.806456E+000  0.946111E+000
  0.806753E+000  0.946513E+000
  0.807050E+000  0.946916E+000
  0.807347E+000  0.947318E+000
  0.807644E+000  0.947720E+000
  0.807941E+000  0.948122E+000
  0.808238E+000  0.948525E+000
  0.808534E+000  0.948927E+000
  0.808831E+000  0.949329E+000
  0.809128E+000  0.949732E+000
  0.809425E+000  0.950134E+000
  0.809722E+000  0.950537E+000
  0.810018E+000  0.950939E+000
  0.810315E+000  0.951341E+000
  0.810612E+000  0.951744E+000
  0.810908E+000  0.952146E+000
  0.811205E+000  0.952549E+000
  0.811501E+000  0.952952E+000
  0.811798E+000  0.953354E+000
  0.812094E+000  0.953757E+000
  0.812391E+000  0.954160E+000
  0.812687E+000  0.954562E+000
  0.812983E+000  0.954965E+000
  0.813280E+000  0.955368E+000
  0.813576E+000  0.955770E+000
  0.813872E+000  0.956173E+000
  0.814168E+000  0.956576E+000
  0.814465E+000  0.956979E+000
  0.814761E+000  0.957382E+000
  0.815057E+000  0.957785E+000
  0.815353E+000  0.958188E+000
  0.815649E+000  0.958591E+000
  0.815945E+000  0.958993E+000
  0.816241E+000  0.959396E+000
  0.816537E+000  0.959799E+000
  0.816833E+000  0.960203E+000
  0.817129E+000  0.960606E+000
  0.817424E+000  0.961009E+000
  0.817720E+000  0.961412E+000
  0.818016E+000  0.961815E+000
  0.818312E+000  0.962218E+000
  0.818607E+000  0.962621E+000
  0.818903E+000  0.963025E+000
  0.819199E+000  0.963428E+000
  0.819494E+000  0.963831E+000
  0.819790E+000  0.964234E+000
  0.820085E+000  0.964638E+000
  0.820381E+000  0.965041E+000
  0.820676E+000  0.965445E+000
  0.820971E+000  0.965848E+000
  0.821267E+000  0.966251E+000
  0.821562E+000  0.966655E+000
  0.821857E+000  0.967058E+000
  0.822153E+000  0.967462E+000
  0.822448E+000  0.967866E+000
  0.822743E+000  0.968269E+000
  0.823038E+000  0.968673E+000
  0.823333E+000  0.969076E+000
  0.823628E+000  0.969480E+000
  0.823923E+000  0.969884E+000
  0.824218E+000  0.970287E+000
  0.824513E+000  0.970691E+000
  0.824808E+000  0.971095E+000
  0.825103E+000  0.971499E+000
  0.825398E+000  0.971903E+000
  0.825693E+000  0.972306E+000
  0.825987E+000  0.972710E+000
  0.826282E+000  0.973114E+000
  0.826577E+000  0.973518E+000
  0.826871E+000  0.973922E+000
  0.827166E+000  0.974326E+000
  0.827461E+000  0.974730E+000
  0.827755E+000  0.975134E+000
  0.828050E+000  0.975538E+000
  0.828344E+000  0.975942E+000
  0.828638E+000  0.976346E+000
  0.828933E+000  0.976751E+000
  0.829227E+000  0.977155E+000
  0.829521E+000  0.977559E+000
  0.829816E+000  0.977963E+000
  0.830110E+000  0.978367E+000
  0.830404E+000  0.978772E+000
  0.830698E+000  0.979176E+000
  0.830992E+000  0.979580E+000
  0.831287E+000  0.979985E+000
  0.831581E+000  0.980389E+000
  0.831875E+000  0.980794E+000
  0.832169E+000  0.981198E+000
  0.832462E+000  0.981603E+000
  0.832756E+000  0.982007E+000
  0.833050E+000  0.982412E+000
  0.833344E+000  0.982816E+000
  0.833638E+000  0.983221E+000
  0.833931E+000  0.983625E+000
  0.834225E+000  0.984030E+000
  0.834519E+000  0.984435E+000
  0.834812E+000  0.984840E+000
  0.835106E+000  0.985244E+000
  0.835399E+000  0.985649E+000
  0.835693E+000  0.986054E+000
  0.835986E+000  0.986459E+000
  0.836280E+000  0.986864E+000
  0.836573E+000  0.987268E+000
  0.836867E+000  0.987673E+000
  0.837160E+000  0.988078E+000
  0.837453E+000  0.988483E+000
  0.837746E+000  0.988888E+000
  0.838039E+000  0.989293E+000
  0.838333E+000  0.989698E+000
  0.838626E+000  0.990103E+000
  0.838919E+000  0.990509E+000
  0.839212E+000  0.990914E+000
  0.839505E+000  0.991319E+000
  0.839798E+000  0.991724E+000
  0.840091E+000  0.992129E+000
  0.840383E+000  0.992535E+000
  0.840676E+000  0.992940E+000
  0.840969E+000  0.993345E+000
  0.841262E+000  0.993751E+000
  0.841554E+000  0.994156E+000
  0.841847E+000  0.994561E+000
  0.842140E+000  0.994967E+000
  0.842432E+000  0.995372E+000
  0.842725E+000  0.995778E+000
  0.843017E+000  0.996183E+000
  0.843310E+000  0.996589E+000
  0.843602E+000  0.996994E+000
  0.843894E+000  0.997400E+000
  0.844187E+000  0.997806E+000
  0.844479E+000  0.998211E+000
  0.844771E+000  0.998617E+000
  0.845063E+000  0.999023E+000
  0.845356E+000  0.999429E+000
  0.845648E+000  0.999834E+000
  0.845940E+000  0.100024E+001
  0.846232E+000  0.100065E+001
  0.846524E+000  0.100105E+001
  0.846816E+000  0.100146E+001
  0.847108E+000  0.100186E+001
  0.847399E+000  0.100227E+001
  0.847691E+000  0.100268E+001
  0.847983E+000  0.100308E+001
  0.848275E+000  0.100349E+001
  0.848566E+000  0.100389E+001
  0.848858E+000  0.100430E+001
  0.849150E+000  0.100471E+001
  0.849441E+000  0.100511E+001
  0.849733E+000  0.100552E+001
  0.850024E+000  0.100592E+001
  0.850316E+000  0.100633E+001
  0.850607E+000  0.100674E+001
  0.850898E+000  0.100714E+001
  0.851190E+000  0.100755E+001
  0.851481E+000  0.100796E+001
  0.851772E+000  0.100836E+001
  0.852063E+000  0.100877E+001
  0.852355E+000  0.100918E+001
  0.852646E+000  0.100958E+001
  0.852937E+000  0.100999E+001
  0.853228E+000  0.101040E+001
  0.853519E+000  0.101080E+001
  0.853809E+000  0.101121E+001
  0.854100E+000  0.101162E+001
  0.854391E+000  0.101202E+001
  0.854682E+000  0.101243E+001
  0.854973E+000  0.101284E+001
  0.855263E+000  0.101324E+001
  0.855554E+000  0.101365E+001
  0.855845E+000  0.101406E+001
  0.856135E+000  0.101446E+001
  0.856426E+000  0.101487E+001
  0.856716E+000  0.101528E+001
  0.857007E+000  0.101568E+001
  0.857297E+000  0.101609E+001
  0.857587E+000  0.101650E+001
  0.857878E+000  0.101691E+001
  0.858168E+000  0.101731E+001
  0.858458E+000  0.101772E+001
  0.858748E+000  0.101813E+001
  0.859038E+000  0.101853E+001
  0.859328E+000  0.101894E+001
  0.859618E+000  0.101935E+001
  0.859908E+000  0.101976E+001
  0.860198E+000  0.102016E+001
  0.860488E+000  0.102057E+001
  0.860778E+000  0.102098E+001
  0.861068E+000  0.102139E+001
  0.861358E+000  0.102179E+001
  0.861647E+000  0.102220E+001
  0.861937E+000  0.102261E+001
  0.862226E+000  0.102302E+001
  0.862516E+000  0.102342E+001
  0.862806E+000  0.102383E+001
  0.863095E+000  0.102424E+001
  0.863384E+000  0.102465E+001
  0.863674E+000  0.102505E+001
  0.863963E+000  0.102546E+001
  0.864252E+000  0.102587E+001
  0.864542E+000  0.102628E+001
  0.864831E+000  0.102669E+001
  0.865120E+000  0.102709E+001
  0.865409E+000  0.102750E+001
  0.865698E+000  0.102791E+001
  0.865987E+000  0.102832E+001
  0.866276E+000  0.102873E+001
  0.866565E+000  0.102913E+001
  0.866854E+000  0.102954E+001
  0.867143E+000  0.102995E+001
  0.867431E+000  0.103036E+001
  0.867720E+000  0.103077E+001
  0.868009E+000  0.103117E+001
  0.868297E+000  0.103158E+001
  0.868586E+000  0.103199E+001
  0.868874E+000  0.103240E+001
  0.869163E+000  0.103281E+001
  0.869451E+000  0.103322E+001
  0.869740E+000  0.103363E+001
  0.870028E+000  0.103403E+001
  0.870316E+000  0.103444E+001
  0.870604E+000  0.103485E+001
  0.870893E+000  0.103526E+001
  0.871181E+000  0.103567E+001
  0.871469E+000  0.103608E+001
  0.871757E+000  0.103649E+001
  0.872045E+000  0.103689E+001
  0.872333E+000  0.103730E+001
  0.872621E+000  0.103771E+001
  0.872908E+000  0.103812E+001
  0.873196E+000  0.103853E+001
  0.873484E+000  0.103894E+001
  0.873772E+000  0.103935E+001
  0.874059E+000  0.103976E+001
  0.874347E+000  0.104017E+001
  0.874634E+000  0.104057E+001
  0.874922E+000  0.104098E+001
  0.875209E+000  0.104139E+001
  0.875497E+000  0.104180E+001
  0.875784E+000  0.104221E+001
  0.876071E+000  0.104262E+001
  0.876358E+000  0.104303E+001
  0.876646E+000  0.104344E+001
  0.876933E+000  0.104385E+001
  0.877220E+000  0.104426E+001
  0.877507E+000  0.104467E+001
  0.877794E+000  0.104508E+001
  0.878081E+000  0.104549E+001
  0.878368E+000  0.104590E+001
  0.878654E+000  0.104630E+001
  0.878941E+000  0.104671E+001
  0.879228E+000  0.104712E+001
  0.879515E+000  0.104753E+001
  0.879801E+000  0.104794E+001
  0.880088E+000  0.104835E+001
  0.880374E+000  0.104876E+001
  0.880661E+000  0.104917E+001
  0.880947E+000  0.104958E+001
  0.881233E+000  0.104999E+001
  0.881520E+000  0.105040E+001
  0.881806E+000  0.105081E+001
  0.882092E+000  0.105122E+001
  0.882378E+000  0.105163E+001
  0.882664E+000  0.105204E+001
  0.882950E+000  0.105245E+001
  0.883236E+000  0.105286E+001
  0.883522E+000  0.105327E+001
  0.883808E+000  0.105368E+001
  0.884094E+000  0.105409E+001
  0.884380E+000  0.105450E+001
  0.884665E+000  0.105491E+001
  0.884951E+000  0.105532E+001
  0.885237E+000  0.105573E+001
  0.885522E+000  0.105615E+001
  0.885808E+000  0.105656E+001
  0.886093E+000  0.105697E+001
  0.886378E+000  0.105738E+001
  0.886664E+000  0.105779E+001
  0.886949E+000  0.105820E+001
  0.887234E+000  0.105861E+001
  0.887519E+000  0.105902E+001
  0.887804E+000  0.105943E+001
  0.888090E+000  0.105984E+001
  0.888375E+000  0.106025E+001
  0.888659E+000  0.106066E+001
  0.888944E+000  0.106107E+001
  0.889229E+000  0.106148E+001
  0.889514E+000  0.106190E+001
  0.889799E+000  0.106231E+001
  0.890083E+000  0.106272E+001
  0.890368E+000  0.106313E+001
  0.890652E+000  0.106354E+001
  0.890937E+000  0.106395E+001
  0.891221E+000  0.106436E+001
  0.891506E+000  0.106477E+001
  0.891790E+000  0.106518E+001
  0.892074E+000  0.106560E+001
  0.892358E+000  0.106601E+001
  0.892643E+000  0.106642E+001
  0.892927E+000  0.106683E+001
  0.893211E+000  0.106724E+001
  0.893495E+000  0.106765E+001
  0.893779E+000  0.106807E+001
  0.894062E+000  0.106848E+001
  0.894346E+000  0.106889E+001
  0.894630E+000  0.106930E+001
  0.894914E+000  0.106971E+001
  0.895197E+000  0.107012E+001
  0.895481E+000  0.107054E+001
  0.895764E+000  0.107095E+001
  0.896048E+000  0.107136E+001
  0.896331E+000  0.107177E+001
  0.896615E+000  0.107218E+001
  0.896898E+000  0.107260E+001
  0.897181E+000  0.107301E+001
  0.897464E+000  0.107342E+001
  0.897747E+000  0.107383E+001
  0.898030E+000  0.107424E+001
  0.898313E+000  0.107466E+001
  0.898596E+000  0.107507E+001
  0.898879E+000  0.107548E+001
  0.899162E+000  0.107589E+001
  0.899445E+000  0.107630E+001
  0.899727E+000  0.107672E+001
  0.900010E+000  0.107713E+001
  0.900292E+000  0.107754E+001
  0.900575E+000  0.107795E+001
  0.900857E+000  0.107837E+001
  0.901140E+000  0.107878E+001
  0.901422E+000  0.107919E+001
  0.901704E+000  0.107961E+001
  0.901987E+000  0.108002E+001
  0.902269E+000  0.108043E+001
  0.902551E+000  0.108084E+001
  0.902833E+000  0.108126E+001
  0.903115E+000  0.108167E+001
  0.903397E+000  0.108208E+001
  0.903678E+000  0.108250E+001
  0.903960E+000  0.108291E+001
  0.904242E+000  0.108332E+001
  0.904523E+000  0.108374E+001
  0.904805E+000  0.108415E+001
  0.905087E+000  0.108456E+001
  0.905368E+000  0.108497E+001
  0.905649E+000  0.108539E+001
  0.905931E+000  0.108580E+001
  0.906212E+000  0.108621E+001
  0.906493E+000  0.108663E+001
  0.906774E+000  0.108704E+001
  0.907055E+000  0.108746E+001
  0.907336E+000  0.108787E+001
  0.907617E+000  0.108828E+001
  0.907898E+000  0.108870E+001
  0.908179E+000  0.108911E+001
  0.908460E+000  0.108952E+001
  0.908740E+000  0.108994E+001
  0.909021E+000  0.109035E+001
  0.909301E+000  0.109076E+001
  0.909582E+000  0.109118E+001
  0.909862E+000  0.109159E+001
  0.910143E+000  0.109201E+001
  0.910423E+000  0.109242E+001
  0.910703E+000  0.109284E+001
  0.910983E+000  0.109325E+001
  0.911264E+000  0.109366E+001
  0.911544E+000  0.109408E+001
  0.911823E+000  0.109449E+001
  0.912103E+000  0.109491E+001
  0.912383E+000  0.109532E+001
  0.912663E+000  0.109573E+001
  0.912943E+000  0.109615E+001
  0.913222E+000  0.109656E+001
  0.913502E+000  0.109698E+001
  0.913781E+000  0.109739E+001
  0.914061E+000  0.109781E+001
  0.914340E+000  0.109822E+001
  0.914619E+000  0.109864E+001
  0.914899E+000  0.109905E+001
  0.915178E+000  0.109947E+001
  0.915457E+000  0.109988E+001
  0.915736E+000  0.110030E+001
  0.916015E+000  0.110071E+001
  0.916294E+000  0.110113E+001
  0.916573E+000  0.110154E+001
  0.916851E+000  0.110196E+001
  0.917130E+000  0.110237E+001
  0.917409E+000  0.110279E+001
  0.917687E+000  0.110320E+001
  0.917966E+000  0.110362E+001
  0.918244E+000  0.110403E+001
  0.918522E+000  0.110445E+001
  0.918801E+000  0.110486E+001
  0.919079E+000  0.110528E+001
  0.919357E+000  0.110569E+001
  0.919635E+000  0.110611E+001
  0.919913E+000  0.110653E+001
  0.920191E+000  0.110694E+001
  0.920469E+000  0.110736E+001
  0.920747E+000  0.110777E+001
  0.921024E+000  0.110819E+001
  0.921302E+000  0.110860E+001
  0.921579E+000  0.110902E+001
  0.921857E+000  0.110944E+001
  0.922134E+000  0.110985E+001
  0.922412E+000  0.111027E+001
  0.922689E+000  0.111068E+001
  0.922966E+000  0.111110E+001
  0.923243E+000  0.111152E+001
  0.923520E+000  0.111193E+001
  0.923797E+000  0.111235E+001
  0.924074E+000  0.111277E+001
  0.924351E+000  0.111318E+001
  0.924628E+000  0.111360E+001
  0.924905E+000  0.111401E+001
  0.925181E+000  0.111443E+001
  0.925458E+000  0.111485E+001
  0.925734E+000  0.111526E+001
  0.926011E+000  0.111568E+001
  0.926287E+000  0.111610E+001
  0.926563E+000  0.111651E+001
  0.926839E+000  0.111693E+001
  0.927116E+000  0.111735E+001
  0.927392E+000  0.111776E+001
  0.927668E+000  0.111818E+001
  0.927943E+000  0.111860E+001
  0.928219E+000  0.111902E+001
  0.928495E+000  0.111943E+001
  0.928771E+000  0.111985E+001
  0.929046E+000  0.112027E+001
  0.929322E+000  0.112068E+001
  0.929597E+000  0.112110E+001
  0.929873E+000  0.112152E+001
  0.930148E+000  0.112194E+001
  0.930423E+000  0.112235E+001
  0.930698E+000  0.112277E+001
  0.930973E+000  0.112319E+001
  0.931248E+000  0.112361E+001
  0.931523E+000  0.112402E+001
  0.931798E+000  0.112444E+001
  0.932073E+000  0.112486E+001
  0.932347E+000  0.112528E+001
  0.932622E+000  0.112570E+001
  0.932897E+000  0.112611E+001
  0.933171E+000  0.112653E+001
  0.933445E+000  0.112695E+001
  0.933720E+000  0.112737E+001
  0.933994E+000  0.112779E+001
  0.934268E+000  0.112820E+001
  0.934542E+000  0.112862E+001
  0.934816E+000  0.112904E+001
  0.935090E+000  0.112946E+001
  0.935364E+000  0.112988E+001
  0.935638E+000  0.113029E+001
  0.935911E+000  0.113071E+001
  0.936185E+000  0.113113E+001
  0.936458E+000  0.113155E+001
  0.936732E+000  0.113197E+001
  0.937005E+000  0.113239E+001
  0.937278E+000  0.113281E+001
  0.937552E+000  0.113323E+001
  0.937825E+000  0.113364E+001
  0.938098E+000  0.113406E+001
  0.938371E+000  0.113448E+001
  0.938644E+000  0.113490E+001
  0.938916E+000  0.113532E+001
  0.939189E+000  0.113574E+001
  0.939462E+000  0.113616E+001
  0.939734E+000  0.113658E+001
  0.940007E+000  0.113700E+001
  0.940279E+000  0.113742E+001
  0.940551E+000  0.113784E+001
  0.940824E+000  0.113825E+001
  0.941096E+000  0.113867E+001
  0.941368E+000  0.113909E+001
  0.941640E+000  0.113951E+001
  0.941912E+000  0.113993E+001
  0.942184E+000  0.114035E+001
  0.942455E+000  0.114077E+001
  0.942727E+000  0.114119E+001
  0.942998E+000  0.114161E+001
  0.943270E+000  0.114203E+001
  0.943541E+000  0.114245E+001
  0.943813E+000  0.114287E+001
  0.944084E+000  0.114329E+001
  0.944355E+000  0.114371E+001
  0.944626E+000  0.114413E+001
  0.944897E+000  0.114455E+001
  0.945168E+000  0.114497E+001
  0.945439E+000  0.114539E+001
  0.945710E+000  0.114581E+001
  0.945980E+000  0.114623E+001
  0.946251E+000  0.114665E+001
  0.946521E+000  0.114707E+001
  0.946792E+000  0.114749E+001
  0.947062E+000  0.114792E+001
  0.947332E+000  0.114834E+001
  0.947602E+000  0.114876E+001
  0.947872E+000  0.114918E+001
  0.948142E+000  0.114960E+001
  0.948412E+000  0.115002E+001
  0.948682E+000  0.115044E+001
  0.948952E+000  0.115086E+001
  0.949221E+000  0.115128E+001
  0.949491E+000  0.115170E+001
  0.949760E+000  0.115212E+001
  0.950030E+000  0.115255E+001
  0.950299E+000  0.115297E+001
  0.950568E+000  0.115339E+001
  0.950837E+000  0.115381E+001
  0.951106E+000  0.115423E+001
  0.951375E+000  0.115465E+001
  0.951644E+000  0.115507E+001
  0.951913E+000  0.115550E+001
  0.952182E+000  0.115592E+001
  0.952450E+000  0.115634E+001
  0.952719E+000  0.115676E+001
  0.952987E+000  0.115718E+001
  0.953256E+000  0.115760E+001
  0.953524E+000  0.115803E+001
  0.953792E+000  0.115845E+001
  0.954060E+000  0.115887E+001
  0.954328E+000  0.115929E+001
  0.954596E+000  0.115972E+001
  0.954864E+000  0.116014E+001
  0.955131E+000  0.116056E+001
  0.955399E+000  0.116098E+001
  0.955666E+000  0.116140E+001
  0.955934E+000  0.116183E+001
  0.956201E+000  0.116225E+001
  0.956468E+000  0.116267E+001
  0.956736E+000  0.116309E+001
  0.957003E+000  0.116352E+001
  0.957270E+000  0.116394E+001
  0.957537E+000  0.116436E+001
  0.957803E+000  0.116479E+001
  0.958070E+000  0.116521E+001
  0.958337E+000  0.116563E+001
  0.958603E+000  0.116605E+001
  0.958870E+000  0.116648E+001
  0.959136E+000  0.116690E+001
  0.959402E+000  0.116732E+001
  0.959668E+000  0.116775E+001
  0.959935E+000  0.116817E+001
  0.960200E+000  0.116859E+001
  0.960466E+000  0.116902E+001
  0.960732E+000  0.116944E+001
  0.960998E+000  0.116986E+001
  0.961263E+000  0.117029E+001
  0.961529E+000  0.117071E+001
  0.961794E+000  0.117114E+001
  0.962060E+000  0.117156E+001
  0.962325E+000  0.117198E+001
  0.962590E+000  0.117241E+001
  0.962855E+000  0.117283E+001
  0.963120E+000  0.117326E+001
  0.963385E+000  0.117368E+001
  0.963650E+000  0.117410E+001
  0.963914E+000  0.117453E+001
  0.964179E+000  0.117495E+001
  0.964444E+000  0.117538E+001
  0.964708E+000  0.117580E+001
  0.964972E+000  0.117623E+001
  0.965236E+000  0.117665E+001
  0.965501E+000  0.117707E+001
  0.965765E+000  0.117750E+001
  0.966029E+000  0.117792E+001
  0.966292E+000  0.117835E+001
  0.966556E+000  0.117877E+001
  0.966820E+000  0.117920E+001
  0.967083E+000  0.117962E+001
  0.967347E+000  0.118005E+001
  0.967610E+000  0.118047E+001
  0.967873E+000  0.118090E+001
  0.968136E+000  0.118132E+001
  0.968400E+000  0.118175E+001
  0.968663E+000  0.118217E+001
  0.968925E+000  0.118260E+001
  0.969188E+000  0.118302E+001
  0.969451E+000  0.118345E+001
  0.969713E+000  0.118388E+001
  0.969976E+000  0.118430E+001
  0.970238E+000  0.118473E+001
  0.970501E+000  0.118515E+001
  0.970763E+000  0.118558E+001
  0.971025E+000  0.118600E+001
  0.971287E+000  0.118643E+001
  0.971549E+000  0.118686E+001
  0.971811E+000  0.118728E+001
  0.972072E+000  0.118771E+001
  0.972334E+000  0.118813E+001
  0.972595E+000  0.118856E+001
  0.972857E+000  0.118899E+001
  0.973118E+000  0.118941E+001
  0.973379E+000  0.118984E+001
  0.973640E+000  0.119026E+001
  0.973901E+000  0.119069E+001
  0.974162E+000  0.119112E+001
  0.974423E+000  0.119154E+001
  0.974684E+000  0.119197E+001
  0.974945E+000  0.119240E+001
  0.975205E+000  0.119282E+001
  0.975466E+000  0.119325E+001
  0.975726E+000  0.119368E+001
  0.975986E+000  0.119411E+001
  0.976246E+000  0.119453E+001
  0.976506E+000  0.119496E+001
  0.976766E+000  0.119539E+001
  0.977026E+000  0.119581E+001
  0.977286E+000  0.119624E+001
  0.977545E+000  0.119667E+001
  0.977805E+000  0.119710E+001
  0.978064E+000  0.119752E+001
  0.978324E+000  0.119795E+001
  0.978583E+000  0.119838E+001
  0.978842E+000  0.119881E+001
  0.979101E+000  0.119923E+001
  0.979360E+000  0.119966E+001
  0.979619E+000  0.120009E+001
  0.979877E+000  0.120052E+001
  0.980136E+000  0.120094E+001
  0.980395E+000  0.120137E+001
  0.980653E+000  0.120180E+001
  0.980911E+000  0.120223E+001
  0.981169E+000  0.120266E+001
  0.981428E+000  0.120309E+001
  0.981686E+000  0.120351E+001
  0.981943E+000  0.120394E+001
  0.982201E+000  0.120437E+001
  0.982459E+000  0.120480E+001
  0.982717E+000  0.120523E+001
  0.982974E+000  0.120566E+001
  0.983231E+000  0.120608E+001
  0.983489E+000  0.120651E+001
  0.983746E+000  0.120694E+001
  0.984003E+000  0.120737E+001
  0.984260E+000  0.120780E+001
  0.984517E+000  0.120823E+001
  0.984774E+000  0.120866E+001
  0.985030E+000  0.120909E+001
  0.985287E+000  0.120952E+001
  0.985543E+000  0.120995E+001
  0.985800E+000  0.121037E+001
  0.986056E+000  0.121080E+001
  0.986312E+000  0.121123E+001
  0.986568E+000  0.121166E+001
  0.986824E+000  0.121209E+001
  0.987080E+000  0.121252E+001
  0.987336E+000  0.121295E+001
  0.987591E+000  0.121338E+001
  0.987847E+000  0.121381E+001
  0.988102E+000  0.121424E+001
  0.988358E+000  0.121467E+001
  0.988613E+000  0.121510E+001
  0.988868E+000  0.121553E+001
  0.989123E+000  0.121596E+001
  0.989378E+000  0.121639E+001
  0.989633E+000  0.121682E+001
  0.989887E+000  0.121725E+001
  0.990142E+000  0.121768E+001
  0.990396E+000  0.121811E+001
  0.990651E+000  0.121854E+001
  0.990905E+000  0.121897E+001
  0.991159E+000  0.121940E+001
  0.991413E+000  0.121983E+001
  0.991667E+000  0.122027E+001
  0.991921E+000  0.122070E+001
  0.992175E+000  0.122113E+001
  0.992428E+000  0.122156E+001
  0.992682E+000  0.122199E+001
  0.992935E+000  0.122242E+001
  0.993189E+000  0.122285E+001
  0.993442E+000  0.122328E+001
  0.993695E+000  0.122371E+001
  0.993948E+000  0.122414E+001
  0.994201E+000  0.122458E+001
  0.994454E+000  0.122501E+001
  0.994706E+000  0.122544E+001
  0.994959E+000  0.122587E+001
  0.995211E+000  0.122630E+001
  0.995464E+000  0.122673E+001
  0.995716E+000  0.122716E+001
  0.995968E+000  0.122760E+001
  0.996220E+000  0.122803E+001
  0.996472E+000  0.122846E+001
  0.996724E+000  0.122889E+001
  0.996975E+000  0.122932E+001
  0.997227E+000  0.122976E+001
  0.997479E+000  0.123019E+001
  0.997730E+000  0.123062E+001
  0.997981E+000  0.123105E+001
  0.998232E+000  0.123149E+001
  0.998483E+000  0.123192E+001
  0.998734E+000  0.123235E+001
  0.998985E+000  0.123278E+001
  0.999236E+000  0.123322E+001
  0.999487E+000  0.123365E+001
  0.999737E+000  0.123408E+001
  0.999988E+000  0.123451E+001
  0.100024E+001  0.123495E+001
