  0.526068E+000  0.252023E-001
  0.526068E+000  0.252023E-001
  0.526090E+000  0.257019E-001
  0.526111E+000  0.262014E-001
  0.526134E+000  0.267009E-001
  0.526156E+000  0.272004E-001
  0.526179E+000  0.276999E-001
  0.526202E+000  0.281993E-001
  0.526226E+000  0.286988E-001
  0.526251E+000  0.291982E-001
  0.526275E+000  0.296976E-001
  0.526300E+000  0.301970E-001
  0.526326E+000  0.306963E-001
  0.526352E+000  0.311956E-001
  0.526378E+000  0.316949E-001
  0.526405E+000  0.321942E-001
  0.526432E+000  0.326935E-001
  0.526459E+000  0.331927E-001
  0.526487E+000  0.336920E-001
  0.526515E+000  0.341911E-001
  0.526544E+000  0.346903E-001
  0.526573E+000  0.351895E-001
  0.526603E+000  0.356886E-001
  0.526633E+000  0.361877E-001
  0.526663E+000  0.366868E-001
  0.526694E+000  0.371858E-001
  0.526725E+000  0.376848E-001
  0.526757E+000  0.381838E-001
  0.526789E+000  0.386828E-001
  0.526822E+000  0.391818E-001
  0.526854E+000  0.396807E-001
  0.526888E+000  0.401796E-001
  0.526921E+000  0.406784E-001
  0.526955E+000  0.411773E-001
  0.526990E+000  0.416761E-001
  0.527025E+000  0.421749E-001
  0.527060E+000  0.426736E-001
  0.527096E+000  0.431723E-001
  0.527132E+000  0.436710E-001
  0.527168E+000  0.441697E-001
  0.527205E+000  0.446683E-001
  0.527243E+000  0.451669E-001
  0.527280E+000  0.456655E-001
  0.527318E+000  0.461641E-001
  0.527357E+000  0.466626E-001
  0.527396E+000  0.471611E-001
  0.527435E+000  0.476595E-001
  0.527475E+000  0.481579E-001
  0.527515E+000  0.486563E-001
  0.527556E+000  0.491547E-001
  0.527597E+000  0.496530E-001
  0.527638E+000  0.501513E-001
  0.527680E+000  0.506495E-001
  0.527722E+000  0.511477E-001
  0.527764E+000  0.516459E-001
  0.527807E+000  0.521441E-001
  0.527851E+000  0.526422E-001
  0.527894E+000  0.531403E-001
  0.527939E+000  0.536383E-001
  0.527983E+000  0.541363E-001
  0.528028E+000  0.546343E-001
  0.528073E+000  0.551323E-001
  0.528119E+000  0.556302E-001
  0.528165E+000  0.561280E-001
  0.528212E+000  0.566259E-001
  0.528259E+000  0.571237E-001
  0.528306E+000  0.576214E-001
  0.528354E+000  0.581191E-001
  0.528402E+000  0.586168E-001
  0.528450E+000  0.591145E-001
  0.528499E+000  0.596121E-001
  0.528548E+000  0.601096E-001
  0.528598E+000  0.606072E-001
  0.528648E+000  0.611046E-001
  0.528699E+000  0.616021E-001
  0.528749E+000  0.620995E-001
  0.528801E+000  0.625969E-001
  0.528852E+000  0.630942E-001
  0.528904E+000  0.635915E-001
  0.528957E+000  0.640887E-001
  0.529009E+000  0.645859E-001
  0.529063E+000  0.650831E-001
  0.529116E+000  0.655802E-001
  0.529170E+000  0.660773E-001
  0.529224E+000  0.665744E-001
  0.529279E+000  0.670713E-001
  0.529334E+000  0.675683E-001
  0.529390E+000  0.680652E-001
  0.529446E+000  0.685621E-001
  0.529502E+000  0.690589E-001
  0.529559E+000  0.695557E-001
  0.529616E+000  0.700524E-001
  0.529673E+000  0.705491E-001
  0.529731E+000  0.710458E-001
  0.529789E+000  0.715424E-001
  0.529848E+000  0.720389E-001
  0.529906E+000  0.725354E-001
  0.529966E+000  0.730319E-001
  0.530025E+000  0.735283E-001
  0.530086E+000  0.740247E-001
  0.530146E+000  0.745210E-001
  0.530207E+000  0.750173E-001
  0.530268E+000  0.755136E-001
  0.530330E+000  0.760098E-001
  0.530392E+000  0.765059E-001
  0.530454E+000  0.770020E-001
  0.530517E+000  0.774981E-001
  0.530580E+000  0.779941E-001
  0.530643E+000  0.784900E-001
  0.530707E+000  0.789859E-001
  0.530771E+000  0.794818E-001
  0.530836E+000  0.799776E-001
  0.530901E+000  0.804734E-001
  0.530966E+000  0.809691E-001
  0.531032E+000  0.814647E-001
  0.531098E+000  0.819604E-001
  0.531164E+000  0.824559E-001
  0.531231E+000  0.829514E-001
  0.531298E+000  0.834469E-001
  0.531366E+000  0.839423E-001
  0.531434E+000  0.844377E-001
  0.531502E+000  0.849330E-001
  0.531571E+000  0.854283E-001
  0.531640E+000  0.859235E-001
  0.531709E+000  0.864186E-001
  0.531779E+000  0.869138E-001
  0.531849E+000  0.874088E-001
  0.531919E+000  0.879038E-001
  0.531990E+000  0.883988E-001
  0.532061E+000  0.888937E-001
  0.532133E+000  0.893885E-001
  0.532205E+000  0.898833E-001
  0.532277E+000  0.903781E-001
  0.532350E+000  0.908728E-001
  0.532423E+000  0.913674E-001
  0.532496E+000  0.918620E-001
  0.532570E+000  0.923565E-001
  0.532644E+000  0.928510E-001
  0.532719E+000  0.933455E-001
  0.532793E+000  0.938398E-001
  0.532868E+000  0.943341E-001
  0.532944E+000  0.948284E-001
  0.533020E+000  0.953226E-001
  0.533096E+000  0.958168E-001
  0.533173E+000  0.963109E-001
  0.533250E+000  0.968049E-001
  0.533327E+000  0.972989E-001
  0.533405E+000  0.977928E-001
  0.533483E+000  0.982867E-001
  0.533561E+000  0.987806E-001
  0.533640E+000  0.992743E-001
  0.533719E+000  0.997680E-001
  0.533798E+000  0.100262E+000
  0.533878E+000  0.100755E+000
  0.533958E+000  0.101249E+000
  0.534038E+000  0.101742E+000
  0.534119E+000  0.102236E+000
  0.534200E+000  0.102729E+000
  0.534282E+000  0.103222E+000
  0.534363E+000  0.103716E+000
  0.534446E+000  0.104209E+000
  0.534528E+000  0.104702E+000
  0.534611E+000  0.105195E+000
  0.534694E+000  0.105688E+000
  0.534778E+000  0.106181E+000
  0.534862E+000  0.106674E+000
  0.534946E+000  0.107167E+000
  0.535030E+000  0.107660E+000
  0.535115E+000  0.108152E+000
  0.535201E+000  0.108645E+000
  0.535286E+000  0.109138E+000
  0.535372E+000  0.109630E+000
  0.535458E+000  0.110123E+000
  0.535545E+000  0.110615E+000
  0.535632E+000  0.111108E+000
  0.535719E+000  0.111600E+000
  0.535807E+000  0.112092E+000
  0.535895E+000  0.112584E+000
  0.535983E+000  0.113077E+000
  0.536072E+000  0.113569E+000
  0.536161E+000  0.114061E+000
  0.536250E+000  0.114553E+000
  0.536339E+000  0.115045E+000
  0.536429E+000  0.115536E+000
  0.536520E+000  0.116028E+000
  0.536610E+000  0.116520E+000
  0.536701E+000  0.117012E+000
  0.536792E+000  0.117503E+000
  0.536884E+000  0.117995E+000
  0.536976E+000  0.118486E+000
  0.537068E+000  0.118978E+000
  0.537161E+000  0.119469E+000
  0.537254E+000  0.119960E+000
  0.537347E+000  0.120451E+000
  0.537440E+000  0.120943E+000
  0.537534E+000  0.121434E+000
  0.537628E+000  0.121925E+000
  0.537723E+000  0.122416E+000
  0.537818E+000  0.122907E+000
  0.537913E+000  0.123398E+000
  0.538008E+000  0.123888E+000
  0.538104E+000  0.124379E+000
  0.538200E+000  0.124870E+000
  0.538297E+000  0.125360E+000
  0.538393E+000  0.125851E+000
  0.538491E+000  0.126341E+000
  0.538588E+000  0.126832E+000
  0.538686E+000  0.127322E+000
  0.538784E+000  0.127813E+000
  0.538882E+000  0.128303E+000
  0.538981E+000  0.128793E+000
  0.539080E+000  0.129283E+000
  0.539179E+000  0.129773E+000
  0.539278E+000  0.130263E+000
  0.539378E+000  0.130753E+000
  0.539479E+000  0.131243E+000
  0.539579E+000  0.131733E+000
  0.539680E+000  0.132222E+000
  0.539781E+000  0.132712E+000
  0.539882E+000  0.133202E+000
  0.539984E+000  0.133691E+000
  0.540086E+000  0.134181E+000
  0.540189E+000  0.134670E+000
  0.540291E+000  0.135159E+000
  0.540394E+000  0.135649E+000
  0.540498E+000  0.136138E+000
  0.540601E+000  0.136627E+000
  0.540705E+000  0.137116E+000
  0.540809E+000  0.137605E+000
  0.540914E+000  0.138094E+000
  0.541019E+000  0.138583E+000
  0.541124E+000  0.139072E+000
  0.541229E+000  0.139561E+000
  0.541335E+000  0.140049E+000
  0.541441E+000  0.140538E+000
  0.541547E+000  0.141027E+000
  0.541654E+000  0.141515E+000
  0.541761E+000  0.142003E+000
  0.541868E+000  0.142492E+000
  0.541975E+000  0.142980E+000
  0.542083E+000  0.143468E+000
  0.542191E+000  0.143957E+000
  0.542300E+000  0.144445E+000
  0.542408E+000  0.144933E+000
  0.542517E+000  0.145421E+000
  0.542627E+000  0.145909E+000
  0.542736E+000  0.146396E+000
  0.542846E+000  0.146884E+000
  0.542956E+000  0.147372E+000
  0.543066E+000  0.147860E+000
  0.543177E+000  0.148347E+000
  0.543288E+000  0.148835E+000
  0.543399E+000  0.149322E+000
  0.543511E+000  0.149810E+000
  0.543623E+000  0.150297E+000
  0.543735E+000  0.150784E+000
  0.543848E+000  0.151271E+000
  0.543960E+000  0.151758E+000
  0.544073E+000  0.152246E+000
  0.544187E+000  0.152733E+000
  0.544300E+000  0.153219E+000
  0.544414E+000  0.153706E+000
  0.544528E+000  0.154193E+000
  0.544643E+000  0.154680E+000
  0.544757E+000  0.155167E+000
  0.544872E+000  0.155653E+000
  0.544988E+000  0.156140E+000
  0.545103E+000  0.156626E+000
  0.545219E+000  0.157112E+000
  0.545335E+000  0.157599E+000
  0.545452E+000  0.158085E+000
  0.545568E+000  0.158571E+000
  0.545685E+000  0.159057E+000
  0.545802E+000  0.159543E+000
  0.545920E+000  0.160029E+000
  0.546038E+000  0.160515E+000
  0.546156E+000  0.161001E+000
  0.546274E+000  0.161487E+000
  0.546393E+000  0.161973E+000
  0.546511E+000  0.162458E+000
  0.546631E+000  0.162944E+000
  0.546750E+000  0.163430E+000
  0.546870E+000  0.163915E+000
  0.546990E+000  0.164400E+000
  0.547110E+000  0.164886E+000
  0.547230E+000  0.165371E+000
  0.547351E+000  0.165856E+000
  0.547472E+000  0.166341E+000
  0.547593E+000  0.166826E+000
  0.547715E+000  0.167311E+000
  0.547837E+000  0.167796E+000
  0.547959E+000  0.168281E+000
  0.548081E+000  0.168766E+000
  0.548204E+000  0.169251E+000
  0.548327E+000  0.169735E+000
  0.548450E+000  0.170220E+000
  0.548573E+000  0.170705E+000
  0.548697E+000  0.171189E+000
  0.548821E+000  0.171673E+000
  0.548945E+000  0.172158E+000
  0.549069E+000  0.172642E+000
  0.549194E+000  0.173126E+000
  0.549319E+000  0.173610E+000
  0.549444E+000  0.174094E+000
  0.549570E+000  0.174578E+000
  0.549696E+000  0.175062E+000
  0.549822E+000  0.175546E+000
  0.549948E+000  0.176030E+000
  0.550074E+000  0.176514E+000
  0.550201E+000  0.176997E+000
  0.550328E+000  0.177481E+000
  0.550455E+000  0.177965E+000
  0.550583E+000  0.178448E+000
  0.550711E+000  0.178931E+000
  0.550839E+000  0.179415E+000
  0.550967E+000  0.179898E+000
  0.551096E+000  0.180381E+000
  0.551224E+000  0.180864E+000
  0.551353E+000  0.181347E+000
  0.551483E+000  0.181830E+000
  0.551612E+000  0.182313E+000
  0.551742E+000  0.182796E+000
  0.551872E+000  0.183279E+000
  0.552002E+000  0.183762E+000
  0.552133E+000  0.184244E+000
  0.552264E+000  0.184727E+000
  0.552395E+000  0.185209E+000
  0.552526E+000  0.185692E+000
  0.552658E+000  0.186174E+000
  0.552789E+000  0.186657E+000
  0.552921E+000  0.187139E+000
  0.553054E+000  0.187621E+000
  0.553186E+000  0.188103E+000
  0.553319E+000  0.188585E+000
  0.553452E+000  0.189067E+000
  0.553585E+000  0.189549E+000
  0.553718E+000  0.190031E+000
  0.553852E+000  0.190513E+000
  0.553986E+000  0.190995E+000
  0.554120E+000  0.191476E+000
  0.554255E+000  0.191958E+000
  0.554389E+000  0.192439E+000
  0.554524E+000  0.192921E+000
  0.554659E+000  0.193402E+000
  0.554795E+000  0.193884E+000
  0.554930E+000  0.194365E+000
  0.555066E+000  0.194846E+000
  0.555202E+000  0.195327E+000
  0.555338E+000  0.195808E+000
  0.555475E+000  0.196289E+000
  0.555612E+000  0.196770E+000
  0.555749E+000  0.197251E+000
  0.555886E+000  0.197732E+000
  0.556023E+000  0.198213E+000
  0.556161E+000  0.198693E+000
  0.556299E+000  0.199174E+000
  0.556437E+000  0.199654E+000
  0.556575E+000  0.200135E+000
  0.556714E+000  0.200615E+000
  0.556853E+000  0.201096E+000
  0.556992E+000  0.201576E+000
  0.557131E+000  0.202056E+000
  0.557271E+000  0.202536E+000
  0.557410E+000  0.203016E+000
  0.557550E+000  0.203496E+000
  0.557691E+000  0.203976E+000
  0.557831E+000  0.204456E+000
  0.557972E+000  0.204936E+000
  0.558112E+000  0.205416E+000
  0.558254E+000  0.205895E+000
  0.558395E+000  0.206375E+000
  0.558536E+000  0.206855E+000
  0.558678E+000  0.207334E+000
  0.558820E+000  0.207813E+000
  0.558962E+000  0.208293E+000
  0.559105E+000  0.208772E+000
  0.559247E+000  0.209251E+000
  0.559390E+000  0.209731E+000
  0.559533E+000  0.210210E+000
  0.559677E+000  0.210689E+000
  0.559820E+000  0.211168E+000
  0.559964E+000  0.211646E+000
  0.560108E+000  0.212125E+000
  0.560252E+000  0.212604E+000
  0.560396E+000  0.213083E+000
  0.560541E+000  0.213561E+000
  0.560686E+000  0.214040E+000
  0.560831E+000  0.214519E+000
  0.560976E+000  0.214997E+000
  0.561121E+000  0.215475E+000
  0.561267E+000  0.215954E+000
  0.561413E+000  0.216432E+000
  0.561559E+000  0.216910E+000
  0.561705E+000  0.217388E+000
  0.561852E+000  0.217866E+000
  0.561998E+000  0.218344E+000
  0.562145E+000  0.218822E+000
  0.562292E+000  0.219300E+000
  0.562440E+000  0.219778E+000
  0.562587E+000  0.220256E+000
  0.562735E+000  0.220733E+000
  0.562883E+000  0.221211E+000
  0.563031E+000  0.221688E+000
  0.563180E+000  0.222166E+000
  0.563328E+000  0.222643E+000
  0.563477E+000  0.223121E+000
  0.563626E+000  0.223598E+000
  0.563775E+000  0.224075E+000
  0.563924E+000  0.224552E+000
  0.564074E+000  0.225029E+000
  0.564224E+000  0.225506E+000
  0.564374E+000  0.225983E+000
  0.564524E+000  0.226460E+000
  0.564675E+000  0.226937E+000
  0.564825E+000  0.227414E+000
  0.564976E+000  0.227891E+000
  0.565127E+000  0.228367E+000
  0.565278E+000  0.228844E+000
  0.565430E+000  0.229320E+000
  0.565581E+000  0.229797E+000
  0.565733E+000  0.230273E+000
  0.565885E+000  0.230750E+000
  0.566037E+000  0.231226E+000
  0.566190E+000  0.231702E+000
  0.566342E+000  0.232178E+000
  0.566495E+000  0.232654E+000
  0.566648E+000  0.233130E+000
  0.566801E+000  0.233606E+000
  0.566955E+000  0.234082E+000
  0.567108E+000  0.234558E+000
  0.567262E+000  0.235034E+000
  0.567416E+000  0.235509E+000
  0.567570E+000  0.235985E+000
  0.567725E+000  0.236461E+000
  0.567879E+000  0.236936E+000
  0.568034E+000  0.237412E+000
  0.568189E+000  0.237887E+000
  0.568344E+000  0.238362E+000
  0.568499E+000  0.238838E+000
  0.568655E+000  0.239313E+000
  0.568810E+000  0.239788E+000
  0.568966E+000  0.240263E+000
  0.569122E+000  0.240738E+000
  0.569279E+000  0.241213E+000
  0.569435E+000  0.241688E+000
  0.569592E+000  0.242163E+000
  0.569749E+000  0.242637E+000
  0.569906E+000  0.243112E+000
  0.570063E+000  0.243587E+000
  0.570220E+000  0.244061E+000
  0.570378E+000  0.244536E+000
  0.570535E+000  0.245010E+000
  0.570693E+000  0.245485E+000
  0.570851E+000  0.245959E+000
  0.571010E+000  0.246433E+000
  0.571168E+000  0.246908E+000
  0.571327E+000  0.247382E+000
  0.571486E+000  0.247856E+000
  0.571645E+000  0.248330E+000
  0.571804E+000  0.248804E+000
  0.571963E+000  0.249278E+000
  0.572123E+000  0.249752E+000
  0.572283E+000  0.250225E+000
  0.572443E+000  0.250699E+000
  0.572603E+000  0.251173E+000
  0.572763E+000  0.251646E+000
  0.572924E+000  0.252120E+000
  0.573084E+000  0.252593E+000
  0.573245E+000  0.253067E+000
  0.573406E+000  0.253540E+000
  0.573567E+000  0.254014E+000
  0.573729E+000  0.254487E+000
  0.573890E+000  0.254960E+000
  0.574052E+000  0.255433E+000
  0.574214E+000  0.255906E+000
  0.574376E+000  0.256379E+000
  0.574538E+000  0.256852E+000
  0.574701E+000  0.257325E+000
  0.574863E+000  0.257798E+000
  0.575026E+000  0.258271E+000
  0.575189E+000  0.258743E+000
  0.575352E+000  0.259216E+000
  0.575515E+000  0.259689E+000
  0.575679E+000  0.260161E+000
  0.575843E+000  0.260633E+000
  0.576006E+000  0.261106E+000
  0.576170E+000  0.261578E+000
  0.576335E+000  0.262051E+000
  0.576499E+000  0.262523E+000
  0.576663E+000  0.262995E+000
  0.576828E+000  0.263467E+000
  0.576993E+000  0.263939E+000
  0.577158E+000  0.264411E+000
  0.577323E+000  0.264883E+000
  0.577488E+000  0.265355E+000
  0.577654E+000  0.265827E+000
  0.577820E+000  0.266298E+000
  0.577985E+000  0.266770E+000
  0.578151E+000  0.267242E+000
  0.578318E+000  0.267713E+000
  0.578484E+000  0.268185E+000
  0.578650E+000  0.268656E+000
  0.578817E+000  0.269128E+000
  0.578984E+000  0.269599E+000
  0.579151E+000  0.270070E+000
  0.579318E+000  0.270542E+000
  0.579485E+000  0.271013E+000
  0.579653E+000  0.271484E+000
  0.579821E+000  0.271955E+000
  0.579988E+000  0.272426E+000
  0.580156E+000  0.272897E+000
  0.580325E+000  0.273368E+000
  0.580493E+000  0.273839E+000
  0.580661E+000  0.274309E+000
  0.580830E+000  0.274780E+000
  0.580999E+000  0.275251E+000
  0.581168E+000  0.275721E+000
  0.581337E+000  0.276192E+000
  0.581506E+000  0.276662E+000
  0.581675E+000  0.277133E+000
  0.581845E+000  0.277603E+000
  0.582015E+000  0.278073E+000
  0.582185E+000  0.278544E+000
  0.582355E+000  0.279014E+000
  0.582525E+000  0.279484E+000
  0.582695E+000  0.279954E+000
  0.582866E+000  0.280424E+000
  0.583037E+000  0.280894E+000
  0.583207E+000  0.281364E+000
  0.583378E+000  0.281834E+000
  0.583550E+000  0.282304E+000
  0.583721E+000  0.282773E+000
  0.583892E+000  0.283243E+000
  0.584064E+000  0.283713E+000
  0.584236E+000  0.284182E+000
  0.584408E+000  0.284652E+000
  0.584580E+000  0.285121E+000
  0.584752E+000  0.285591E+000
  0.584924E+000  0.286060E+000
  0.585097E+000  0.286529E+000
  0.585270E+000  0.286998E+000
  0.585442E+000  0.287468E+000
  0.585615E+000  0.287937E+000
  0.585788E+000  0.288406E+000
  0.585962E+000  0.288875E+000
  0.586135E+000  0.289344E+000
  0.586309E+000  0.289813E+000
  0.586483E+000  0.290281E+000
  0.586656E+000  0.290750E+000
  0.586830E+000  0.291219E+000
  0.587005E+000  0.291688E+000
  0.587179E+000  0.292156E+000
  0.587353E+000  0.292625E+000
  0.587528E+000  0.293093E+000
  0.587703E+000  0.293562E+000
  0.587878E+000  0.294030E+000
  0.588053E+000  0.294499E+000
  0.588228E+000  0.294967E+000
  0.588403E+000  0.295435E+000
  0.588579E+000  0.295903E+000
  0.588755E+000  0.296371E+000
  0.588930E+000  0.296840E+000
  0.589106E+000  0.297308E+000
  0.589282E+000  0.297776E+000
  0.589459E+000  0.298243E+000
  0.589635E+000  0.298711E+000
  0.589812E+000  0.299179E+000
  0.589988E+000  0.299647E+000
  0.590165E+000  0.300115E+000
  0.590342E+000  0.300582E+000
  0.590519E+000  0.301050E+000
  0.590696E+000  0.301517E+000
  0.590874E+000  0.301985E+000
  0.591051E+000  0.302452E+000
  0.591229E+000  0.302920E+000
  0.591407E+000  0.303387E+000
  0.591585E+000  0.303854E+000
  0.591763E+000  0.304321E+000
  0.591941E+000  0.304789E+000
  0.592119E+000  0.305256E+000
  0.592298E+000  0.305723E+000
  0.592476E+000  0.306190E+000
  0.592655E+000  0.306657E+000
  0.592834E+000  0.307124E+000
  0.593013E+000  0.307590E+000
  0.593192E+000  0.308057E+000
  0.593372E+000  0.308524E+000
  0.593551E+000  0.308991E+000
  0.593731E+000  0.309457E+000
  0.593911E+000  0.309924E+000
  0.594090E+000  0.310390E+000
  0.594270E+000  0.310857E+000
  0.594451E+000  0.311323E+000
  0.594631E+000  0.311790E+000
  0.594811E+000  0.312256E+000
  0.594992E+000  0.312722E+000
  0.595172E+000  0.313188E+000
  0.595353E+000  0.313654E+000
  0.595534E+000  0.314121E+000
  0.595715E+000  0.314587E+000
  0.595897E+000  0.315053E+000
  0.596078E+000  0.315519E+000
  0.596259E+000  0.315985E+000
  0.596441E+000  0.316450E+000
  0.596623E+000  0.316916E+000
  0.596805E+000  0.317382E+000
  0.596987E+000  0.317848E+000
  0.597169E+000  0.318313E+000
  0.597351E+000  0.318779E+000
  0.597534E+000  0.319244E+000
  0.597716E+000  0.319710E+000
  0.597899E+000  0.320175E+000
  0.598082E+000  0.320641E+000
  0.598264E+000  0.321106E+000
  0.598448E+000  0.321571E+000
  0.598631E+000  0.322037E+000
  0.598814E+000  0.322502E+000
  0.598997E+000  0.322967E+000
  0.599181E+000  0.323432E+000
  0.599365E+000  0.323897E+000
  0.599549E+000  0.324362E+000
  0.599733E+000  0.324827E+000
  0.599917E+000  0.325292E+000
  0.600101E+000  0.325757E+000
  0.600285E+000  0.326221E+000
  0.600470E+000  0.326686E+000
  0.600654E+000  0.327151E+000
  0.600839E+000  0.327615E+000
  0.601024E+000  0.328080E+000
  0.601209E+000  0.328544E+000
  0.601394E+000  0.329009E+000
  0.601579E+000  0.329473E+000
  0.601764E+000  0.329938E+000
  0.601950E+000  0.330402E+000
  0.602135E+000  0.330866E+000
  0.602321E+000  0.331331E+000
  0.602507E+000  0.331795E+000
  0.602693E+000  0.332259E+000
  0.602879E+000  0.332723E+000
  0.603065E+000  0.333187E+000
  0.603252E+000  0.333651E+000
  0.603438E+000  0.334115E+000
  0.603625E+000  0.334579E+000
  0.603811E+000  0.335043E+000
  0.603998E+000  0.335506E+000
  0.604185E+000  0.335970E+000
  0.604372E+000  0.336434E+000
  0.604559E+000  0.336898E+000
  0.604747E+000  0.337361E+000
  0.604934E+000  0.337825E+000
  0.605122E+000  0.338288E+000
  0.605309E+000  0.338752E+000
  0.605497E+000  0.339215E+000
  0.605685E+000  0.339678E+000
  0.605873E+000  0.340142E+000
  0.606061E+000  0.340605E+000
  0.606249E+000  0.341068E+000
  0.606438E+000  0.341531E+000
  0.606626E+000  0.341994E+000
  0.606815E+000  0.342457E+000
  0.607004E+000  0.342920E+000
  0.607192E+000  0.343383E+000
  0.607381E+000  0.343846E+000
  0.607570E+000  0.344309E+000
  0.607760E+000  0.344772E+000
  0.607949E+000  0.345235E+000
  0.608138E+000  0.345698E+000
  0.608328E+000  0.346160E+000
  0.608518E+000  0.346623E+000
  0.608707E+000  0.347085E+000
  0.608897E+000  0.347548E+000
  0.609087E+000  0.348010E+000
  0.609277E+000  0.348473E+000
  0.609468E+000  0.348935E+000
  0.609658E+000  0.349398E+000
  0.609848E+000  0.349860E+000
  0.610039E+000  0.350322E+000
  0.610230E+000  0.350784E+000
  0.610421E+000  0.351247E+000
  0.610611E+000  0.351709E+000
  0.610802E+000  0.352171E+000
  0.610994E+000  0.352633E+000
  0.611185E+000  0.353095E+000
  0.611376E+000  0.353557E+000
  0.611568E+000  0.354019E+000
  0.611759E+000  0.354480E+000
  0.611951E+000  0.354942E+000
  0.612143E+000  0.355404E+000
  0.612335E+000  0.355866E+000
  0.612527E+000  0.356327E+000
  0.612719E+000  0.356789E+000
  0.612911E+000  0.357250E+000
  0.613104E+000  0.357712E+000
  0.613296E+000  0.358173E+000
  0.613489E+000  0.358635E+000
  0.613681E+000  0.359096E+000
  0.613874E+000  0.359558E+000
  0.614067E+000  0.360019E+000
  0.614260E+000  0.360480E+000
  0.614453E+000  0.360941E+000
  0.614646E+000  0.361402E+000
  0.614840E+000  0.361864E+000
  0.615033E+000  0.362325E+000
  0.615227E+000  0.362786E+000
  0.615420E+000  0.363247E+000
  0.615614E+000  0.363708E+000
  0.615808E+000  0.364168E+000
  0.616002E+000  0.364629E+000
  0.616196E+000  0.365090E+000
  0.616390E+000  0.365551E+000
  0.616585E+000  0.366012E+000
  0.616779E+000  0.366472E+000
  0.616974E+000  0.366933E+000
  0.617168E+000  0.367393E+000
  0.617363E+000  0.367854E+000
  0.617558E+000  0.368314E+000
  0.617753E+000  0.368775E+000
  0.617948E+000  0.369235E+000
  0.618143E+000  0.369696E+000
  0.618338E+000  0.370156E+000
  0.618533E+000  0.370616E+000
  0.618729E+000  0.371076E+000
  0.618924E+000  0.371536E+000
  0.619120E+000  0.371997E+000
  0.619316E+000  0.372457E+000
  0.619512E+000  0.372917E+000
  0.619708E+000  0.373377E+000
  0.619904E+000  0.373837E+000
  0.620100E+000  0.374297E+000
  0.620296E+000  0.374756E+000
  0.620493E+000  0.375216E+000
  0.620689E+000  0.375676E+000
  0.620886E+000  0.376136E+000
  0.621082E+000  0.376595E+000
  0.621279E+000  0.377055E+000
  0.621476E+000  0.377515E+000
  0.621673E+000  0.377974E+000
  0.621870E+000  0.378434E+000
  0.622067E+000  0.378893E+000
  0.622265E+000  0.379353E+000
  0.622462E+000  0.379812E+000
  0.622660E+000  0.380271E+000
  0.622857E+000  0.380731E+000
  0.623055E+000  0.381190E+000
  0.623253E+000  0.381649E+000
  0.623451E+000  0.382108E+000
  0.623648E+000  0.382567E+000
  0.623847E+000  0.383027E+000
  0.624045E+000  0.383486E+000
  0.624243E+000  0.383945E+000
  0.624441E+000  0.384404E+000
  0.624640E+000  0.384863E+000
  0.624838E+000  0.385321E+000
  0.625037E+000  0.385780E+000
  0.625236E+000  0.386239E+000
  0.625435E+000  0.386698E+000
  0.625634E+000  0.387156E+000
  0.625833E+000  0.387615E+000
  0.626032E+000  0.388074E+000
  0.626231E+000  0.388532E+000
  0.626431E+000  0.388991E+000
  0.626630E+000  0.389449E+000
  0.626829E+000  0.389908E+000
  0.627029E+000  0.390366E+000
  0.627229E+000  0.390825E+000
  0.627429E+000  0.391283E+000
  0.627629E+000  0.391741E+000
  0.627829E+000  0.392200E+000
  0.628029E+000  0.392658E+000
  0.628229E+000  0.393116E+000
  0.628429E+000  0.393574E+000
  0.628630E+000  0.394032E+000
  0.628830E+000  0.394490E+000
  0.629031E+000  0.394948E+000
  0.629231E+000  0.395406E+000
  0.629432E+000  0.395864E+000
  0.629633E+000  0.396322E+000
  0.629834E+000  0.396780E+000
  0.630035E+000  0.397238E+000
  0.630236E+000  0.397695E+000
  0.630437E+000  0.398153E+000
  0.630639E+000  0.398611E+000
  0.630840E+000  0.399068E+000
  0.631041E+000  0.399526E+000
  0.631243E+000  0.399984E+000
  0.631445E+000  0.400441E+000
  0.631646E+000  0.400899E+000
  0.631848E+000  0.401356E+000
  0.632050E+000  0.401813E+000
  0.632252E+000  0.402271E+000
  0.632454E+000  0.402728E+000
  0.632657E+000  0.403185E+000
  0.632859E+000  0.403643E+000
  0.633061E+000  0.404100E+000
  0.633264E+000  0.404557E+000
  0.633466E+000  0.405014E+000
  0.633669E+000  0.405471E+000
  0.633872E+000  0.405928E+000
  0.634075E+000  0.406385E+000
  0.634278E+000  0.406842E+000
  0.634481E+000  0.407299E+000
  0.634684E+000  0.407756E+000
  0.634887E+000  0.408213E+000
  0.635090E+000  0.408670E+000
  0.635294E+000  0.409126E+000
  0.635497E+000  0.409583E+000
  0.635701E+000  0.410040E+000
  0.635904E+000  0.410497E+000
  0.636108E+000  0.410953E+000
  0.636312E+000  0.411410E+000
  0.636516E+000  0.411866E+000
  0.636720E+000  0.412323E+000
  0.636924E+000  0.412779E+000
  0.637128E+000  0.413236E+000
  0.637332E+000  0.413692E+000
  0.637537E+000  0.414148E+000
  0.637741E+000  0.414605E+000
  0.637946E+000  0.415061E+000
  0.638150E+000  0.415517E+000
  0.638355E+000  0.415973E+000
  0.638560E+000  0.416429E+000
  0.638764E+000  0.416886E+000
  0.638969E+000  0.417342E+000
  0.639174E+000  0.417798E+000
  0.639379E+000  0.418254E+000
  0.639585E+000  0.418710E+000
  0.639790E+000  0.419166E+000
  0.639995E+000  0.419621E+000
  0.640201E+000  0.420077E+000
  0.640406E+000  0.420533E+000
  0.640612E+000  0.420989E+000
  0.640818E+000  0.421445E+000
  0.641023E+000  0.421900E+000
  0.641229E+000  0.422356E+000
  0.641435E+000  0.422812E+000
  0.641641E+000  0.423267E+000
  0.641847E+000  0.423723E+000
  0.642053E+000  0.424178E+000
  0.642260E+000  0.424634E+000
  0.642466E+000  0.425089E+000
  0.642672E+000  0.425545E+000
  0.642879E+000  0.426000E+000
  0.643086E+000  0.426455E+000
  0.643292E+000  0.426910E+000
  0.643499E+000  0.427366E+000
  0.643706E+000  0.427821E+000
  0.643913E+000  0.428276E+000
  0.644120E+000  0.428731E+000
  0.644327E+000  0.429186E+000
  0.644534E+000  0.429641E+000
  0.644741E+000  0.430096E+000
  0.644949E+000  0.430551E+000
  0.645156E+000  0.431006E+000
  0.645363E+000  0.431461E+000
  0.645571E+000  0.431916E+000
  0.645779E+000  0.432371E+000
  0.645986E+000  0.432826E+000
  0.646194E+000  0.433281E+000
  0.646402E+000  0.433735E+000
  0.646610E+000  0.434190E+000
  0.646818E+000  0.434645E+000
  0.647026E+000  0.435099E+000
  0.647234E+000  0.435554E+000
  0.647443E+000  0.436009E+000
  0.647651E+000  0.436463E+000
  0.647859E+000  0.436918E+000
  0.648068E+000  0.437372E+000
  0.648277E+000  0.437826E+000
  0.648485E+000  0.438281E+000
  0.648694E+000  0.438735E+000
  0.648903E+000  0.439189E+000
  0.649112E+000  0.439644E+000
  0.649321E+000  0.440098E+000
  0.649530E+000  0.440552E+000
  0.649739E+000  0.441006E+000
  0.649948E+000  0.441460E+000
  0.650157E+000  0.441915E+000
  0.650367E+000  0.442369E+000
  0.650576E+000  0.442823E+000
  0.650786E+000  0.443277E+000
  0.650995E+000  0.443731E+000
  0.651205E+000  0.444184E+000
  0.651415E+000  0.444638E+000
  0.651624E+000  0.445092E+000
  0.651834E+000  0.445546E+000
  0.652044E+000  0.446000E+000
  0.652254E+000  0.446454E+000
  0.652464E+000  0.446907E+000
  0.652674E+000  0.447361E+000
  0.652885E+000  0.447815E+000
  0.653095E+000  0.448268E+000
  0.653305E+000  0.448722E+000
  0.653516E+000  0.449175E+000
  0.653727E+000  0.449629E+000
  0.653937E+000  0.450082E+000
  0.654148E+000  0.450536E+000
  0.654359E+000  0.450989E+000
  0.654569E+000  0.451442E+000
  0.654780E+000  0.451896E+000
  0.654991E+000  0.452349E+000
  0.655202E+000  0.452802E+000
  0.655414E+000  0.453256E+000
  0.655625E+000  0.453709E+000
  0.655836E+000  0.454162E+000
  0.656047E+000  0.454615E+000
  0.656259E+000  0.455068E+000
  0.656470E+000  0.455521E+000
  0.656682E+000  0.455974E+000
  0.656894E+000  0.456427E+000
  0.657105E+000  0.456880E+000
  0.657317E+000  0.457333E+000
  0.657529E+000  0.457786E+000
  0.657741E+000  0.458239E+000
  0.657953E+000  0.458692E+000
  0.658165E+000  0.459145E+000
  0.658377E+000  0.459597E+000
  0.658589E+000  0.460050E+000
  0.658802E+000  0.460503E+000
  0.659014E+000  0.460955E+000
  0.659226E+000  0.461408E+000
  0.659439E+000  0.461861E+000
  0.659652E+000  0.462313E+000
  0.659864E+000  0.462766E+000
  0.660077E+000  0.463218E+000
  0.660290E+000  0.463671E+000
  0.660503E+000  0.464123E+000
  0.660715E+000  0.464576E+000
  0.660928E+000  0.465028E+000
  0.661141E+000  0.465480E+000
  0.661355E+000  0.465933E+000
  0.661568E+000  0.466385E+000
  0.661781E+000  0.466837E+000
  0.661994E+000  0.467289E+000
  0.662208E+000  0.467741E+000
  0.662421E+000  0.468194E+000
  0.662635E+000  0.468646E+000
  0.662848E+000  0.469098E+000
  0.663062E+000  0.469550E+000
  0.663276E+000  0.470002E+000
  0.663490E+000  0.470454E+000
  0.663704E+000  0.470906E+000
  0.663917E+000  0.471358E+000
  0.664131E+000  0.471810E+000
  0.664346E+000  0.472261E+000
  0.664560E+000  0.472713E+000
  0.664774E+000  0.473165E+000
  0.664988E+000  0.473617E+000
  0.665203E+000  0.474068E+000
  0.665417E+000  0.474520E+000
  0.665631E+000  0.474972E+000
  0.665846E+000  0.475423E+000
  0.666061E+000  0.475875E+000
  0.666275E+000  0.476327E+000
  0.666490E+000  0.476778E+000
  0.666705E+000  0.477230E+000
  0.666920E+000  0.477681E+000
  0.667135E+000  0.478133E+000
  0.667350E+000  0.478584E+000
  0.667565E+000  0.479035E+000
  0.667780E+000  0.479487E+000
  0.667995E+000  0.479938E+000
  0.668210E+000  0.480389E+000
  0.668426E+000  0.480841E+000
  0.668641E+000  0.481292E+000
  0.668857E+000  0.481743E+000
  0.669072E+000  0.482194E+000
  0.669288E+000  0.482645E+000
  0.669503E+000  0.483096E+000
  0.669719E+000  0.483547E+000
  0.669935E+000  0.483999E+000
  0.670151E+000  0.484450E+000
  0.670367E+000  0.484900E+000
  0.670583E+000  0.485351E+000
  0.670799E+000  0.485802E+000
  0.671015E+000  0.486253E+000
  0.671231E+000  0.486704E+000
  0.671447E+000  0.487155E+000
  0.671663E+000  0.487606E+000
  0.671880E+000  0.488056E+000
  0.672096E+000  0.488507E+000
  0.672313E+000  0.488958E+000
  0.672529E+000  0.489409E+000
  0.672746E+000  0.489859E+000
  0.672962E+000  0.490310E+000
  0.673179E+000  0.490760E+000
  0.673396E+000  0.491211E+000
  0.673613E+000  0.491662E+000
  0.673830E+000  0.492112E+000
  0.674047E+000  0.492563E+000
  0.674264E+000  0.493013E+000
  0.674481E+000  0.493463E+000
  0.674698E+000  0.493914E+000
  0.674915E+000  0.494364E+000
  0.675132E+000  0.494814E+000
  0.675350E+000  0.495265E+000
  0.675567E+000  0.495715E+000
  0.675785E+000  0.496165E+000
  0.676002E+000  0.496615E+000
  0.676220E+000  0.497066E+000
  0.676437E+000  0.497516E+000
  0.676655E+000  0.497966E+000
  0.676873E+000  0.498416E+000
  0.677091E+000  0.498866E+000
  0.677309E+000  0.499316E+000
  0.677527E+000  0.499766E+000
  0.677745E+000  0.500216E+000
  0.677963E+000  0.500666E+000
  0.678181E+000  0.501116E+000
  0.678399E+000  0.501566E+000
  0.678617E+000  0.502016E+000
  0.678836E+000  0.502465E+000
  0.679054E+000  0.502915E+000
  0.679272E+000  0.503365E+000
  0.679491E+000  0.503815E+000
  0.679709E+000  0.504264E+000
  0.679928E+000  0.504714E+000
  0.680147E+000  0.505164E+000
  0.680365E+000  0.505613E+000
  0.680584E+000  0.506063E+000
  0.680803E+000  0.506513E+000
  0.681022E+000  0.506962E+000
  0.681241E+000  0.507412E+000
  0.681460E+000  0.507861E+000
  0.681679E+000  0.508311E+000
  0.681898E+000  0.508760E+000
  0.682117E+000  0.509209E+000
  0.682336E+000  0.509659E+000
  0.682556E+000  0.510108E+000
  0.682775E+000  0.510557E+000
  0.682994E+000  0.511007E+000
  0.683214E+000  0.511456E+000
  0.683433E+000  0.511905E+000
  0.683653E+000  0.512354E+000
  0.683873E+000  0.512804E+000
  0.684092E+000  0.513253E+000
  0.684312E+000  0.513702E+000
  0.684532E+000  0.514151E+000
  0.684752E+000  0.514600E+000
  0.684972E+000  0.515049E+000
  0.685192E+000  0.515498E+000
  0.685412E+000  0.515947E+000
  0.685632E+000  0.516396E+000
  0.685852E+000  0.516845E+000
  0.686072E+000  0.517294E+000
  0.686292E+000  0.517743E+000
  0.686513E+000  0.518191E+000
  0.686733E+000  0.518640E+000
  0.686953E+000  0.519089E+000
  0.687174E+000  0.519538E+000
  0.687394E+000  0.519987E+000
  0.687615E+000  0.520435E+000
  0.687836E+000  0.520884E+000
  0.688056E+000  0.521333E+000
  0.688277E+000  0.521781E+000
  0.688498E+000  0.522230E+000
  0.688719E+000  0.522678E+000
  0.688940E+000  0.523127E+000
  0.689161E+000  0.523576E+000
  0.689382E+000  0.524024E+000
  0.689603E+000  0.524473E+000
  0.689824E+000  0.524921E+000
  0.690045E+000  0.525369E+000
  0.690266E+000  0.525818E+000
  0.690488E+000  0.526266E+000
  0.690709E+000  0.526714E+000
  0.690930E+000  0.527163E+000
  0.691152E+000  0.527611E+000
  0.691373E+000  0.528059E+000
  0.691595E+000  0.528508E+000
  0.691816E+000  0.528956E+000
  0.692038E+000  0.529404E+000
  0.692260E+000  0.529852E+000
  0.692482E+000  0.530300E+000
  0.692703E+000  0.530748E+000
  0.692925E+000  0.531196E+000
  0.693147E+000  0.531644E+000
  0.693369E+000  0.532093E+000
  0.693591E+000  0.532541E+000
  0.693813E+000  0.532988E+000
  0.694035E+000  0.533436E+000
  0.694258E+000  0.533884E+000
  0.694480E+000  0.534332E+000
  0.694702E+000  0.534780E+000
  0.694924E+000  0.535228E+000
  0.695147E+000  0.535676E+000
  0.695369E+000  0.536124E+000
  0.695592E+000  0.536571E+000
  0.695814E+000  0.537019E+000
  0.696037E+000  0.537467E+000
  0.696260E+000  0.537915E+000
  0.696482E+000  0.538362E+000
  0.696705E+000  0.538810E+000
  0.696928E+000  0.539257E+000
  0.697151E+000  0.539705E+000
  0.697373E+000  0.540153E+000
  0.697596E+000  0.540600E+000
  0.697819E+000  0.541048E+000
  0.698042E+000  0.541495E+000
  0.698266E+000  0.541943E+000
  0.698489E+000  0.542390E+000
  0.698712E+000  0.542838E+000
  0.698935E+000  0.543285E+000
  0.699158E+000  0.543732E+000
  0.699382E+000  0.544180E+000
  0.699605E+000  0.544627E+000
  0.699829E+000  0.545074E+000
  0.700052E+000  0.545521E+000
  0.700276E+000  0.545969E+000
  0.700499E+000  0.546416E+000
  0.700723E+000  0.546863E+000
  0.700947E+000  0.547310E+000
  0.701170E+000  0.547757E+000
  0.701394E+000  0.548205E+000
  0.701618E+000  0.548652E+000
  0.701842E+000  0.549099E+000
  0.702066E+000  0.549546E+000
  0.702290E+000  0.549993E+000
  0.702514E+000  0.550440E+000
  0.702738E+000  0.550887E+000
  0.702962E+000  0.551334E+000
  0.703186E+000  0.551781E+000
  0.703410E+000  0.552228E+000
  0.703635E+000  0.552675E+000
  0.703859E+000  0.553121E+000
  0.704083E+000  0.553568E+000
  0.704308E+000  0.554015E+000
  0.704532E+000  0.554462E+000
  0.704757E+000  0.554909E+000
  0.704981E+000  0.555355E+000
  0.705206E+000  0.555802E+000
  0.705431E+000  0.556249E+000
  0.705655E+000  0.556695E+000
  0.705880E+000  0.557142E+000
  0.706105E+000  0.557589E+000
  0.706330E+000  0.558035E+000
  0.706554E+000  0.558482E+000
  0.706779E+000  0.558928E+000
  0.707004E+000  0.559375E+000
  0.707229E+000  0.559821E+000
  0.707454E+000  0.560268E+000
  0.707680E+000  0.560714E+000
  0.707905E+000  0.561161E+000
  0.708130E+000  0.561607E+000
  0.708355E+000  0.562054E+000
  0.708580E+000  0.562500E+000
  0.708806E+000  0.562946E+000
  0.709031E+000  0.563393E+000
  0.709257E+000  0.563839E+000
  0.709482E+000  0.564285E+000
  0.709708E+000  0.564731E+000
  0.709933E+000  0.565178E+000
  0.710159E+000  0.565624E+000
  0.710384E+000  0.566070E+000
  0.710610E+000  0.566516E+000
  0.710836E+000  0.566962E+000
  0.711062E+000  0.567408E+000
  0.711288E+000  0.567855E+000
  0.711513E+000  0.568301E+000
  0.711739E+000  0.568747E+000
  0.711965E+000  0.569193E+000
  0.712191E+000  0.569639E+000
  0.712417E+000  0.570085E+000
  0.712643E+000  0.570531E+000
  0.712870E+000  0.570977E+000
  0.713096E+000  0.571422E+000
  0.713322E+000  0.571868E+000
  0.713548E+000  0.572314E+000
  0.713775E+000  0.572760E+000
  0.714001E+000  0.573206E+000
  0.714227E+000  0.573652E+000
  0.714454E+000  0.574097E+000
  0.714680E+000  0.574543E+000
  0.714907E+000  0.574989E+000
  0.715133E+000  0.575435E+000
  0.715360E+000  0.575880E+000
  0.715587E+000  0.576326E+000
  0.715813E+000  0.576772E+000
  0.716040E+000  0.577217E+000
  0.716267E+000  0.577663E+000
  0.716494E+000  0.578109E+000
  0.716721E+000  0.578554E+000
  0.716948E+000  0.579000E+000
  0.717175E+000  0.579445E+000
  0.717402E+000  0.579891E+000
  0.717629E+000  0.580336E+000
  0.717856E+000  0.580782E+000
  0.718083E+000  0.581227E+000
  0.718310E+000  0.581672E+000
  0.718537E+000  0.582118E+000
  0.718765E+000  0.582563E+000
  0.718992E+000  0.583009E+000
  0.719219E+000  0.583454E+000
  0.719447E+000  0.583899E+000
  0.719674E+000  0.584344E+000
  0.719901E+000  0.584790E+000
  0.720129E+000  0.585235E+000
  0.720356E+000  0.585680E+000
  0.720584E+000  0.586125E+000
  0.720812E+000  0.586571E+000
  0.721039E+000  0.587016E+000
  0.721267E+000  0.587461E+000
  0.721495E+000  0.587906E+000
  0.721723E+000  0.588351E+000
  0.721950E+000  0.588796E+000
  0.722178E+000  0.589241E+000
  0.722406E+000  0.589686E+000
  0.722634E+000  0.590131E+000
  0.722862E+000  0.590576E+000
  0.723090E+000  0.591021E+000
  0.723318E+000  0.591466E+000
  0.723546E+000  0.591911E+000
  0.723775E+000  0.592356E+000
  0.724003E+000  0.592801E+000
  0.724231E+000  0.593246E+000
  0.724459E+000  0.593691E+000
  0.724688E+000  0.594135E+000
  0.724916E+000  0.594580E+000
  0.725144E+000  0.595025E+000
  0.725373E+000  0.595470E+000
  0.725601E+000  0.595915E+000
  0.725830E+000  0.596359E+000
  0.726058E+000  0.596804E+000
  0.726287E+000  0.597249E+000
  0.726515E+000  0.597693E+000
  0.726744E+000  0.598138E+000
  0.726973E+000  0.598583E+000
  0.727202E+000  0.599027E+000
  0.727430E+000  0.599472E+000
  0.727659E+000  0.599916E+000
  0.727888E+000  0.600361E+000
  0.728117E+000  0.600806E+000
  0.728346E+000  0.601250E+000
  0.728575E+000  0.601695E+000
  0.728804E+000  0.602139E+000
  0.729033E+000  0.602583E+000
  0.729262E+000  0.603028E+000
  0.729491E+000  0.603472E+000
  0.729720E+000  0.603917E+000
  0.729949E+000  0.604361E+000
  0.730179E+000  0.604805E+000
  0.730408E+000  0.605250E+000
  0.730637E+000  0.605694E+000
  0.730867E+000  0.606138E+000
  0.731096E+000  0.606583E+000
  0.731325E+000  0.607027E+000
  0.731555E+000  0.607471E+000
  0.731784E+000  0.607915E+000
  0.732014E+000  0.608360E+000
  0.732243E+000  0.608804E+000
  0.732473E+000  0.609248E+000
  0.732703E+000  0.609692E+000
  0.732932E+000  0.610136E+000
  0.733162E+000  0.610580E+000
  0.733392E+000  0.611024E+000
  0.733622E+000  0.611468E+000
  0.733851E+000  0.611913E+000
  0.734081E+000  0.612357E+000
  0.734311E+000  0.612801E+000
  0.734541E+000  0.613245E+000
  0.734771E+000  0.613689E+000
  0.735001E+000  0.614133E+000
  0.735231E+000  0.614576E+000
  0.735461E+000  0.615020E+000
  0.735691E+000  0.615464E+000
  0.735921E+000  0.615908E+000
  0.736152E+000  0.616352E+000
  0.736382E+000  0.616796E+000
  0.736612E+000  0.617240E+000
  0.736842E+000  0.617684E+000
  0.737073E+000  0.618127E+000
  0.737303E+000  0.618571E+000
  0.737533E+000  0.619015E+000
  0.737764E+000  0.619459E+000
  0.737994E+000  0.619902E+000
  0.738225E+000  0.620346E+000
  0.738455E+000  0.620790E+000
  0.738686E+000  0.621233E+000
  0.738916E+000  0.621677E+000
  0.739147E+000  0.622121E+000
  0.739378E+000  0.622564E+000
  0.739608E+000  0.623008E+000
  0.739839E+000  0.623451E+000
  0.740070E+000  0.623895E+000
  0.740301E+000  0.624339E+000
  0.740531E+000  0.624782E+000
  0.740762E+000  0.625226E+000
  0.740993E+000  0.625669E+000
  0.741224E+000  0.626113E+000
  0.741455E+000  0.626556E+000
  0.741686E+000  0.626999E+000
  0.741917E+000  0.627443E+000
  0.742148E+000  0.627886E+000
  0.742379E+000  0.628330E+000
  0.742610E+000  0.628773E+000
  0.742842E+000  0.629216E+000
  0.743073E+000  0.629660E+000
  0.743304E+000  0.630103E+000
  0.743535E+000  0.630546E+000
  0.743767E+000  0.630990E+000
  0.743998E+000  0.631433E+000
  0.744229E+000  0.631876E+000
  0.744461E+000  0.632319E+000
  0.744692E+000  0.632763E+000
  0.744924E+000  0.633206E+000
  0.745155E+000  0.633649E+000
  0.745387E+000  0.634092E+000
  0.745618E+000  0.634535E+000
  0.745850E+000  0.634978E+000
  0.746081E+000  0.635422E+000
  0.746313E+000  0.635865E+000
  0.746545E+000  0.636308E+000
  0.746776E+000  0.636751E+000
  0.747008E+000  0.637194E+000
  0.747240E+000  0.637637E+000
  0.747472E+000  0.638080E+000
  0.747704E+000  0.638523E+000
  0.747935E+000  0.638966E+000
  0.748167E+000  0.639409E+000
  0.748399E+000  0.639852E+000
  0.748631E+000  0.640295E+000
  0.748863E+000  0.640738E+000
  0.749095E+000  0.641181E+000
  0.749327E+000  0.641624E+000
  0.749559E+000  0.642066E+000
  0.749792E+000  0.642509E+000
  0.750024E+000  0.642952E+000
  0.750256E+000  0.643395E+000
  0.750488E+000  0.643838E+000
  0.750720E+000  0.644281E+000
  0.750953E+000  0.644723E+000
  0.751185E+000  0.645166E+000
  0.751417E+000  0.645609E+000
  0.751650E+000  0.646052E+000
  0.751882E+000  0.646494E+000
  0.752114E+000  0.646937E+000
  0.752347E+000  0.647380E+000
  0.752579E+000  0.647822E+000
  0.752812E+000  0.648265E+000
  0.753044E+000  0.648708E+000
  0.753277E+000  0.649150E+000
  0.753509E+000  0.649593E+000
  0.753742E+000  0.650035E+000
  0.753975E+000  0.650478E+000
  0.754207E+000  0.650921E+000
  0.754440E+000  0.651363E+000
  0.754673E+000  0.651806E+000
  0.754906E+000  0.652248E+000
  0.755138E+000  0.652691E+000
  0.755371E+000  0.653133E+000
  0.755604E+000  0.653576E+000
  0.755837E+000  0.654018E+000
  0.756070E+000  0.654460E+000
  0.756303E+000  0.654903E+000
  0.756536E+000  0.655345E+000
  0.756769E+000  0.655788E+000
  0.757002E+000  0.656230E+000
  0.757235E+000  0.656672E+000
  0.757468E+000  0.657115E+000
  0.757701E+000  0.657557E+000
  0.757934E+000  0.657999E+000
  0.758167E+000  0.658442E+000
  0.758401E+000  0.658884E+000
  0.758634E+000  0.659326E+000
  0.758867E+000  0.659769E+000
  0.759100E+000  0.660211E+000
  0.759334E+000  0.660653E+000
  0.759567E+000  0.661095E+000
  0.759800E+000  0.661538E+000
  0.760034E+000  0.661980E+000
  0.760267E+000  0.662422E+000
  0.760500E+000  0.662864E+000
  0.760734E+000  0.663306E+000
  0.760967E+000  0.663748E+000
  0.761201E+000  0.664190E+000
  0.761434E+000  0.664633E+000
  0.761668E+000  0.665075E+000
  0.761902E+000  0.665517E+000
  0.762135E+000  0.665959E+000
  0.762369E+000  0.666401E+000
  0.762603E+000  0.666843E+000
  0.762836E+000  0.667285E+000
  0.763070E+000  0.667727E+000
  0.763304E+000  0.668169E+000
  0.763538E+000  0.668611E+000
  0.763771E+000  0.669053E+000
  0.764005E+000  0.669495E+000
  0.764239E+000  0.669937E+000
  0.764473E+000  0.670379E+000
  0.764707E+000  0.670821E+000
  0.764941E+000  0.671263E+000
  0.765175E+000  0.671704E+000
  0.765409E+000  0.672146E+000
  0.765643E+000  0.672588E+000
  0.765877E+000  0.673030E+000
  0.766111E+000  0.673472E+000
  0.766345E+000  0.673914E+000
  0.766579E+000  0.674355E+000
  0.766813E+000  0.674797E+000
  0.767047E+000  0.675239E+000
  0.767281E+000  0.675681E+000
  0.767516E+000  0.676123E+000
  0.767750E+000  0.676564E+000
  0.767984E+000  0.677006E+000
  0.768218E+000  0.677448E+000
  0.768453E+000  0.677889E+000
  0.768687E+000  0.678331E+000
  0.768921E+000  0.678773E+000
  0.769156E+000  0.679215E+000
  0.769390E+000  0.679656E+000
  0.769624E+000  0.680098E+000
  0.769859E+000  0.680539E+000
  0.770093E+000  0.680981E+000
  0.770328E+000  0.681423E+000
  0.770562E+000  0.681864E+000
  0.770797E+000  0.682306E+000
  0.771031E+000  0.682747E+000
  0.771266E+000  0.683189E+000
  0.771501E+000  0.683631E+000
  0.771735E+000  0.684072E+000
  0.771970E+000  0.684514E+000
  0.772205E+000  0.684955E+000
  0.772439E+000  0.685397E+000
  0.772674E+000  0.685838E+000
  0.772909E+000  0.686280E+000
  0.773143E+000  0.686721E+000
  0.773378E+000  0.687162E+000
  0.773613E+000  0.687604E+000
  0.773848E+000  0.688045E+000
  0.774083E+000  0.688487E+000
  0.774318E+000  0.688928E+000
  0.774553E+000  0.689370E+000
  0.774787E+000  0.689811E+000
  0.775022E+000  0.690252E+000
  0.775257E+000  0.690694E+000
  0.775492E+000  0.691135E+000
  0.775727E+000  0.691576E+000
  0.775962E+000  0.692018E+000
  0.776197E+000  0.692459E+000
  0.776432E+000  0.692900E+000
  0.776668E+000  0.693342E+000
  0.776903E+000  0.693783E+000
  0.777138E+000  0.694224E+000
  0.777373E+000  0.694665E+000
  0.777608E+000  0.695107E+000
  0.777843E+000  0.695548E+000
  0.778078E+000  0.695989E+000
  0.778314E+000  0.696430E+000
  0.778549E+000  0.696871E+000
  0.778784E+000  0.697313E+000
  0.779019E+000  0.697754E+000
  0.779255E+000  0.698195E+000
  0.779490E+000  0.698636E+000
  0.779725E+000  0.699077E+000
  0.779961E+000  0.699518E+000
  0.780196E+000  0.699960E+000
  0.780432E+000  0.700401E+000
  0.780667E+000  0.700842E+000
  0.780903E+000  0.701283E+000
  0.781138E+000  0.701724E+000
  0.781373E+000  0.702165E+000
  0.781609E+000  0.702606E+000
  0.781845E+000  0.703047E+000
  0.782080E+000  0.703488E+000
  0.782316E+000  0.703929E+000
  0.782551E+000  0.704370E+000
  0.782787E+000  0.704811E+000
  0.783022E+000  0.705252E+000
  0.783258E+000  0.705693E+000
  0.783494E+000  0.706134E+000
  0.783729E+000  0.706575E+000
  0.783965E+000  0.707016E+000
  0.784201E+000  0.707457E+000
  0.784437E+000  0.707898E+000
  0.784672E+000  0.708339E+000
  0.784908E+000  0.708780E+000
  0.785144E+000  0.709221E+000
  0.785380E+000  0.709662E+000
  0.785615E+000  0.710103E+000
  0.785851E+000  0.710543E+000
  0.786087E+000  0.710984E+000
  0.786323E+000  0.711425E+000
  0.786559E+000  0.711866E+000
  0.786795E+000  0.712307E+000
  0.787031E+000  0.712748E+000
  0.787267E+000  0.713189E+000
  0.787503E+000  0.713629E+000
  0.787739E+000  0.714070E+000
  0.787975E+000  0.714511E+000
  0.788211E+000  0.714952E+000
  0.788447E+000  0.715393E+000
  0.788683E+000  0.715833E+000
  0.788919E+000  0.716274E+000
  0.789155E+000  0.716715E+000
  0.789391E+000  0.717156E+000
  0.789627E+000  0.717596E+000
  0.789863E+000  0.718037E+000
  0.790099E+000  0.718478E+000
  0.790335E+000  0.718919E+000
  0.790572E+000  0.719359E+000
  0.790808E+000  0.719800E+000
  0.791044E+000  0.720241E+000
  0.791280E+000  0.720681E+000
  0.791516E+000  0.721122E+000
  0.791753E+000  0.721563E+000
  0.791989E+000  0.722003E+000
  0.792225E+000  0.722444E+000
  0.792461E+000  0.722885E+000
  0.792698E+000  0.723325E+000
  0.792934E+000  0.723766E+000
  0.793170E+000  0.724207E+000
  0.793407E+000  0.724647E+000
  0.793643E+000  0.725088E+000
  0.793879E+000  0.725528E+000
  0.794116E+000  0.725969E+000
  0.794352E+000  0.726410E+000
  0.794589E+000  0.726850E+000
  0.794825E+000  0.727291E+000
  0.795061E+000  0.727731E+000
  0.795298E+000  0.728172E+000
  0.795534E+000  0.728612E+000
  0.795771E+000  0.729053E+000
  0.796007E+000  0.729494E+000
  0.796244E+000  0.729934E+000
  0.796480E+000  0.730375E+000
  0.796717E+000  0.730815E+000
  0.796954E+000  0.731256E+000
  0.797190E+000  0.731696E+000
  0.797427E+000  0.732137E+000
  0.797663E+000  0.732577E+000
  0.797900E+000  0.733018E+000
  0.798136E+000  0.733458E+000
  0.798373E+000  0.733898E+000
  0.798610E+000  0.734339E+000
  0.798846E+000  0.734779E+000
  0.799083E+000  0.735220E+000
  0.799320E+000  0.735660E+000
  0.799556E+000  0.736101E+000
  0.799793E+000  0.736541E+000
  0.800030E+000  0.736982E+000
  0.800266E+000  0.737422E+000
  0.800503E+000  0.737862E+000
  0.800740E+000  0.738303E+000
  0.800977E+000  0.738743E+000
  0.801213E+000  0.739184E+000
  0.801450E+000  0.739624E+000
  0.801687E+000  0.740064E+000
  0.801924E+000  0.740505E+000
  0.802161E+000  0.740945E+000
  0.802397E+000  0.741385E+000
  0.802634E+000  0.741826E+000
  0.802871E+000  0.742266E+000
  0.803108E+000  0.742707E+000
  0.803345E+000  0.743147E+000
  0.803582E+000  0.743587E+000
  0.803818E+000  0.744028E+000
  0.804055E+000  0.744468E+000
  0.804292E+000  0.744908E+000
  0.804529E+000  0.745348E+000
  0.804766E+000  0.745789E+000
  0.805003E+000  0.746229E+000
  0.805240E+000  0.746669E+000
  0.805477E+000  0.747110E+000
  0.805714E+000  0.747550E+000
  0.805951E+000  0.747990E+000
  0.806188E+000  0.748431E+000
  0.806425E+000  0.748871E+000
  0.806662E+000  0.749311E+000
  0.806899E+000  0.749751E+000
  0.807136E+000  0.750192E+000
  0.807373E+000  0.750632E+000
  0.807610E+000  0.751072E+000
  0.807847E+000  0.751512E+000
  0.808084E+000  0.751953E+000
  0.808321E+000  0.752393E+000
  0.808558E+000  0.752833E+000
  0.808795E+000  0.753273E+000
  0.809032E+000  0.753714E+000
  0.809269E+000  0.754154E+000
  0.809506E+000  0.754594E+000
  0.809743E+000  0.755034E+000
  0.809980E+000  0.755475E+000
  0.810217E+000  0.755915E+000
  0.810454E+000  0.756355E+000
  0.810691E+000  0.756795E+000
  0.810928E+000  0.757235E+000
  0.811166E+000  0.757676E+000
  0.811403E+000  0.758116E+000
  0.811640E+000  0.758556E+000
  0.811877E+000  0.758996E+000
  0.812114E+000  0.759436E+000
  0.812351E+000  0.759877E+000
  0.812588E+000  0.760317E+000
  0.812825E+000  0.760757E+000
  0.813063E+000  0.761197E+000
  0.813300E+000  0.761637E+000
  0.813537E+000  0.762078E+000
  0.813774E+000  0.762518E+000
  0.814011E+000  0.762958E+000
  0.814248E+000  0.763398E+000
  0.814486E+000  0.763838E+000
  0.814723E+000  0.764278E+000
  0.814960E+000  0.764719E+000
  0.815197E+000  0.765159E+000
  0.815434E+000  0.765599E+000
  0.815671E+000  0.766039E+000
  0.815909E+000  0.766479E+000
  0.816146E+000  0.766919E+000
  0.816383E+000  0.767359E+000
  0.816620E+000  0.767800E+000
  0.816857E+000  0.768240E+000
  0.817095E+000  0.768680E+000
  0.817332E+000  0.769120E+000
  0.817569E+000  0.769560E+000
  0.817806E+000  0.770000E+000
  0.818043E+000  0.770441E+000
  0.818281E+000  0.770881E+000
  0.818518E+000  0.771321E+000
  0.818755E+000  0.771761E+000
  0.818992E+000  0.772201E+000
  0.819230E+000  0.772641E+000
  0.819467E+000  0.773081E+000
  0.819704E+000  0.773522E+000
  0.819941E+000  0.773962E+000
  0.820178E+000  0.774402E+000
  0.820416E+000  0.774842E+000
  0.820653E+000  0.775282E+000
  0.820890E+000  0.775722E+000
  0.821127E+000  0.776162E+000
  0.821365E+000  0.776603E+000
  0.821602E+000  0.777043E+000
  0.821839E+000  0.777483E+000
  0.822076E+000  0.777923E+000
  0.822313E+000  0.778363E+000
  0.822551E+000  0.778803E+000
  0.822788E+000  0.779243E+000
  0.823025E+000  0.779684E+000
  0.823262E+000  0.780124E+000
  0.823499E+000  0.780564E+000
  0.823737E+000  0.781004E+000
  0.823974E+000  0.781444E+000
  0.824211E+000  0.781884E+000
  0.824448E+000  0.782325E+000
  0.824685E+000  0.782765E+000
  0.824923E+000  0.783205E+000
  0.825160E+000  0.783645E+000
  0.825397E+000  0.784085E+000
  0.825634E+000  0.784525E+000
  0.825871E+000  0.784966E+000
  0.826109E+000  0.785406E+000
  0.826346E+000  0.785846E+000
  0.826583E+000  0.786286E+000
  0.826820E+000  0.786726E+000
  0.827057E+000  0.787166E+000
  0.827294E+000  0.787607E+000
  0.827531E+000  0.788047E+000
  0.827769E+000  0.788487E+000
  0.828006E+000  0.788927E+000
  0.828243E+000  0.789367E+000
  0.828480E+000  0.789808E+000
  0.828717E+000  0.790248E+000
  0.828954E+000  0.790688E+000
  0.829191E+000  0.791128E+000
  0.829428E+000  0.791568E+000
  0.829665E+000  0.792009E+000
  0.829903E+000  0.792449E+000
  0.830140E+000  0.792889E+000
  0.830377E+000  0.793329E+000
  0.830614E+000  0.793769E+000
  0.830851E+000  0.794210E+000
  0.831088E+000  0.794650E+000
  0.831325E+000  0.795090E+000
  0.831562E+000  0.795530E+000
  0.831799E+000  0.795971E+000
  0.832036E+000  0.796411E+000
  0.832273E+000  0.796851E+000
  0.832510E+000  0.797291E+000
  0.832747E+000  0.797732E+000
  0.832984E+000  0.798172E+000
  0.833221E+000  0.798612E+000
  0.833458E+000  0.799053E+000
  0.833695E+000  0.799493E+000
  0.833932E+000  0.799933E+000
  0.834169E+000  0.800373E+000
  0.834406E+000  0.800814E+000
  0.834642E+000  0.801254E+000
  0.834879E+000  0.801694E+000
  0.835116E+000  0.802135E+000
  0.835353E+000  0.802575E+000
  0.835590E+000  0.803015E+000
  0.835827E+000  0.803456E+000
  0.836064E+000  0.803896E+000
  0.836300E+000  0.804337E+000
  0.836537E+000  0.804777E+000
  0.836774E+000  0.805217E+000
  0.837011E+000  0.805658E+000
  0.837248E+000  0.806098E+000
  0.837484E+000  0.806538E+000
  0.837721E+000  0.806979E+000
  0.837958E+000  0.807419E+000
  0.838194E+000  0.807860E+000
  0.838431E+000  0.808300E+000
  0.838668E+000  0.808741E+000
  0.838904E+000  0.809181E+000
  0.839141E+000  0.809621E+000
  0.839378E+000  0.810062E+000
  0.839614E+000  0.810502E+000
  0.839851E+000  0.810943E+000
  0.840088E+000  0.811383E+000
  0.840324E+000  0.811824E+000
  0.840561E+000  0.812264E+000
  0.840797E+000  0.812705E+000
  0.841034E+000  0.813145E+000
  0.841270E+000  0.813586E+000
  0.841507E+000  0.814026E+000
  0.841743E+000  0.814467E+000
  0.841980E+000  0.814908E+000
  0.842216E+000  0.815348E+000
  0.842452E+000  0.815789E+000
  0.842689E+000  0.816229E+000
  0.842925E+000  0.816670E+000
  0.843162E+000  0.817110E+000
  0.843398E+000  0.817551E+000
  0.843634E+000  0.817992E+000
  0.843870E+000  0.818432E+000
  0.844107E+000  0.818873E+000
  0.844343E+000  0.819314E+000
  0.844579E+000  0.819754E+000
  0.844815E+000  0.820195E+000
  0.845052E+000  0.820636E+000
  0.845288E+000  0.821076E+000
  0.845524E+000  0.821517E+000
  0.845760E+000  0.821958E+000
  0.845996E+000  0.822399E+000
  0.846232E+000  0.822839E+000
  0.846468E+000  0.823280E+000
  0.846704E+000  0.823721E+000
  0.846940E+000  0.824162E+000
  0.847176E+000  0.824603E+000
  0.847412E+000  0.825043E+000
  0.847648E+000  0.825484E+000
  0.847884E+000  0.825925E+000
  0.848120E+000  0.826366E+000
  0.848356E+000  0.826807E+000
  0.848591E+000  0.827248E+000
  0.848827E+000  0.827689E+000
  0.849063E+000  0.828130E+000
  0.849299E+000  0.828571E+000
  0.849534E+000  0.829012E+000
  0.849770E+000  0.829453E+000
  0.850006E+000  0.829894E+000
  0.850241E+000  0.830335E+000
  0.850477E+000  0.830776E+000
  0.850713E+000  0.831217E+000
  0.850948E+000  0.831658E+000
  0.851184E+000  0.832099E+000
  0.851419E+000  0.832540E+000
  0.851655E+000  0.832981E+000
  0.851890E+000  0.833422E+000
  0.852125E+000  0.833863E+000
  0.852361E+000  0.834304E+000
  0.852596E+000  0.834745E+000
  0.852831E+000  0.835187E+000
  0.853067E+000  0.835628E+000
  0.853302E+000  0.836069E+000
  0.853537E+000  0.836510E+000
  0.853772E+000  0.836951E+000
  0.854007E+000  0.837393E+000
  0.854242E+000  0.837834E+000
  0.854477E+000  0.838275E+000
  0.854713E+000  0.838717E+000
  0.854948E+000  0.839158E+000
  0.855182E+000  0.839599E+000
  0.855417E+000  0.840041E+000
  0.855652E+000  0.840482E+000
  0.855887E+000  0.840923E+000
  0.856122E+000  0.841365E+000
  0.856357E+000  0.841806E+000
  0.856591E+000  0.842248E+000
  0.856826E+000  0.842689E+000
  0.857061E+000  0.843131E+000
  0.857295E+000  0.843572E+000
  0.857530E+000  0.844014E+000
  0.857765E+000  0.844456E+000
  0.857999E+000  0.844897E+000
  0.858233E+000  0.845339E+000
  0.858468E+000  0.845780E+000
  0.858702E+000  0.846222E+000
  0.858937E+000  0.846664E+000
  0.859171E+000  0.847105E+000
  0.859405E+000  0.847547E+000
  0.859639E+000  0.847989E+000
  0.859874E+000  0.848431E+000
  0.860108E+000  0.848872E+000
  0.860342E+000  0.849314E+000
  0.860576E+000  0.849756E+000
  0.860810E+000  0.850198E+000
  0.861044E+000  0.850640E+000
  0.861278E+000  0.851082E+000
  0.861512E+000  0.851524E+000
  0.861745E+000  0.851966E+000
  0.861979E+000  0.852408E+000
  0.862213E+000  0.852850E+000
  0.862446E+000  0.853292E+000
  0.862680E+000  0.853734E+000
  0.862914E+000  0.854176E+000
  0.863147E+000  0.854618E+000
  0.863381E+000  0.855060E+000
  0.863614E+000  0.855502E+000
  0.863848E+000  0.855945E+000
  0.864081E+000  0.856387E+000
  0.864314E+000  0.856829E+000
  0.864547E+000  0.857271E+000
  0.864781E+000  0.857714E+000
  0.865014E+000  0.858156E+000
  0.865247E+000  0.858598E+000
  0.865480E+000  0.859041E+000
  0.865713E+000  0.859483E+000
  0.865946E+000  0.859925E+000
  0.866179E+000  0.860368E+000
  0.866411E+000  0.860810E+000
  0.866644E+000  0.861253E+000
  0.866877E+000  0.861695E+000
  0.867109E+000  0.862138E+000
  0.867342E+000  0.862581E+000
  0.867575E+000  0.863023E+000
  0.867807E+000  0.863466E+000
  0.868039E+000  0.863909E+000
  0.868272E+000  0.864351E+000
  0.868504E+000  0.864794E+000
  0.868736E+000  0.865237E+000
  0.868968E+000  0.865680E+000
  0.869201E+000  0.866123E+000
  0.869433E+000  0.866566E+000
  0.869665E+000  0.867008E+000
  0.869897E+000  0.867451E+000
  0.870128E+000  0.867894E+000
  0.870360E+000  0.868337E+000
  0.870592E+000  0.868780E+000
  0.870824E+000  0.869224E+000
  0.871055E+000  0.869667E+000
  0.871287E+000  0.870110E+000
  0.871518E+000  0.870553E+000
  0.871750E+000  0.870996E+000
  0.871981E+000  0.871439E+000
  0.872213E+000  0.871883E+000
  0.872444E+000  0.872326E+000
  0.872675E+000  0.872769E+000
  0.872906E+000  0.873213E+000
  0.873137E+000  0.873656E+000
  0.873368E+000  0.874100E+000
  0.873599E+000  0.874543E+000
  0.873830E+000  0.874987E+000
  0.874061E+000  0.875430E+000
  0.874291E+000  0.875874E+000
  0.874522E+000  0.876317E+000
  0.874752E+000  0.876761E+000
  0.874983E+000  0.877205E+000
  0.875213E+000  0.877649E+000
  0.875444E+000  0.878092E+000
  0.875674E+000  0.878536E+000
  0.875904E+000  0.878980E+000
  0.876134E+000  0.879424E+000
  0.876364E+000  0.879868E+000
  0.876594E+000  0.880312E+000
  0.876824E+000  0.880756E+000
  0.877054E+000  0.881200E+000
  0.877284E+000  0.881644E+000
  0.877513E+000  0.882088E+000
  0.877743E+000  0.882532E+000
  0.877972E+000  0.882977E+000
  0.878202E+000  0.883421E+000
  0.878431E+000  0.883865E+000
  0.878660E+000  0.884309E+000
  0.878890E+000  0.884754E+000
  0.879119E+000  0.885198E+000
  0.879348E+000  0.885643E+000
  0.879577E+000  0.886087E+000
  0.879806E+000  0.886532E+000
  0.880034E+000  0.886976E+000
  0.880263E+000  0.887421E+000
  0.880492E+000  0.887866E+000
  0.880720E+000  0.888310E+000
  0.880949E+000  0.888755E+000
  0.881177E+000  0.889200E+000
  0.881406E+000  0.889645E+000
  0.881634E+000  0.890090E+000
  0.881862E+000  0.890534E+000
  0.882090E+000  0.890979E+000
  0.882318E+000  0.891424E+000
  0.882546E+000  0.891870E+000
  0.882774E+000  0.892315E+000
  0.883001E+000  0.892760E+000
  0.883229E+000  0.893205E+000
  0.883456E+000  0.893650E+000
  0.883684E+000  0.894095E+000
  0.883911E+000  0.894541E+000
  0.884138E+000  0.894986E+000
  0.884366E+000  0.895432E+000
  0.884593E+000  0.895877E+000
  0.884820E+000  0.896323E+000
  0.885047E+000  0.896768E+000
  0.885273E+000  0.897214E+000
  0.885500E+000  0.897659E+000
  0.885727E+000  0.898105E+000
  0.885953E+000  0.898551E+000
  0.886180E+000  0.898997E+000
  0.886406E+000  0.899442E+000
  0.886632E+000  0.899888E+000
  0.886858E+000  0.900334E+000
  0.887085E+000  0.900780E+000
  0.887311E+000  0.901226E+000
  0.887536E+000  0.901672E+000
  0.887762E+000  0.902118E+000
  0.887988E+000  0.902565E+000
  0.888213E+000  0.903011E+000
  0.888439E+000  0.903457E+000
  0.888664E+000  0.903903E+000
  0.888890E+000  0.904350E+000
  0.889115E+000  0.904796E+000
  0.889340E+000  0.905243E+000
  0.889565E+000  0.905689E+000
  0.889790E+000  0.906136E+000
  0.890015E+000  0.906582E+000
  0.890240E+000  0.907029E+000
  0.890464E+000  0.907476E+000
  0.890689E+000  0.907922E+000
  0.890913E+000  0.908369E+000
  0.891137E+000  0.908816E+000
  0.891362E+000  0.909263E+000
  0.891586E+000  0.909710E+000
  0.891810E+000  0.910157E+000
  0.892034E+000  0.910604E+000
  0.892258E+000  0.911051E+000
  0.892481E+000  0.911498E+000
  0.892705E+000  0.911945E+000
  0.892929E+000  0.912392E+000
  0.893152E+000  0.912840E+000
  0.893375E+000  0.913287E+000
  0.893599E+000  0.913735E+000
  0.893822E+000  0.914182E+000
  0.894045E+000  0.914629E+000
  0.894268E+000  0.915077E+000
  0.894491E+000  0.915525E+000
  0.894713E+000  0.915972E+000
  0.894936E+000  0.916420E+000
  0.895159E+000  0.916868E+000
  0.895381E+000  0.917315E+000
  0.895603E+000  0.917763E+000
  0.895826E+000  0.918211E+000
  0.896048E+000  0.918659E+000
  0.896270E+000  0.919107E+000
  0.896492E+000  0.919555E+000
  0.896713E+000  0.920003E+000
  0.896935E+000  0.920451E+000
  0.897157E+000  0.920900E+000
  0.897378E+000  0.921348E+000
  0.897600E+000  0.921796E+000
  0.897821E+000  0.922245E+000
  0.898042E+000  0.922693E+000
  0.898263E+000  0.923141E+000
  0.898485E+000  0.923590E+000
  0.898705E+000  0.924038E+000
  0.898926E+000  0.924487E+000
  0.899147E+000  0.924936E+000
  0.899368E+000  0.925384E+000
  0.899588E+000  0.925833E+000
  0.899809E+000  0.926282E+000
  0.900029E+000  0.926731E+000
  0.900249E+000  0.927180E+000
  0.900469E+000  0.927628E+000
  0.900689E+000  0.928077E+000
  0.900909E+000  0.928526E+000
  0.901129E+000  0.928976E+000
  0.901349E+000  0.929425E+000
  0.901569E+000  0.929874E+000
  0.901788E+000  0.930323E+000
  0.902008E+000  0.930772E+000
  0.902227E+000  0.931222E+000
  0.902446E+000  0.931671E+000
  0.902665E+000  0.932120E+000
  0.902885E+000  0.932570E+000
  0.903104E+000  0.933019E+000
  0.903322E+000  0.933469E+000
  0.903541E+000  0.933918E+000
  0.903760E+000  0.934368E+000
  0.903979E+000  0.934818E+000
  0.904197E+000  0.935267E+000
  0.904415E+000  0.935717E+000
  0.904634E+000  0.936167E+000
  0.904852E+000  0.936617E+000
  0.905070E+000  0.937067E+000
  0.905288E+000  0.937517E+000
  0.905506E+000  0.937967E+000
  0.905724E+000  0.938417E+000
  0.905942E+000  0.938867E+000
  0.906160E+000  0.939317E+000
  0.906377E+000  0.939767E+000
  0.906595E+000  0.940217E+000
  0.906812E+000  0.940667E+000
  0.907030E+000  0.941118E+000
  0.907247E+000  0.941568E+000
  0.907464E+000  0.942018E+000
  0.907681E+000  0.942469E+000
  0.907899E+000  0.942919E+000
  0.908115E+000  0.943370E+000
  0.908332E+000  0.943820E+000
  0.908549E+000  0.944271E+000
  0.908766E+000  0.944721E+000
  0.908983E+000  0.945172E+000
  0.909199E+000  0.945623E+000
  0.909416E+000  0.946073E+000
  0.909632E+000  0.946524E+000
  0.909848E+000  0.946975E+000
  0.910065E+000  0.947426E+000
  0.910281E+000  0.947876E+000
  0.910497E+000  0.948327E+000
  0.910713E+000  0.948778E+000
  0.910929E+000  0.949229E+000
  0.911145E+000  0.949680E+000
  0.911361E+000  0.950131E+000
  0.911577E+000  0.950582E+000
  0.911792E+000  0.951033E+000
  0.912008E+000  0.951484E+000
  0.912224E+000  0.951935E+000
  0.912439E+000  0.952387E+000
  0.912655E+000  0.952838E+000
  0.912870E+000  0.953289E+000
  0.913085E+000  0.953740E+000
  0.913301E+000  0.954192E+000
  0.913516E+000  0.954643E+000
  0.913731E+000  0.955094E+000
  0.913946E+000  0.955546E+000
  0.914161E+000  0.955997E+000
  0.914376E+000  0.956448E+000
  0.914591E+000  0.956900E+000
  0.914806E+000  0.957351E+000
  0.915021E+000  0.957803E+000
  0.915236E+000  0.958254E+000
  0.915451E+000  0.958706E+000
  0.915665E+000  0.959157E+000
  0.915880E+000  0.959609E+000
  0.916094E+000  0.960061E+000
  0.916309E+000  0.960512E+000
  0.916524E+000  0.960964E+000
  0.916738E+000  0.961415E+000
  0.916952E+000  0.961867E+000
  0.917167E+000  0.962319E+000
  0.917381E+000  0.962771E+000
  0.917596E+000  0.963222E+000
  0.917810E+000  0.963674E+000
  0.918024E+000  0.964126E+000
  0.918238E+000  0.964578E+000
  0.918452E+000  0.965029E+000
  0.918667E+000  0.965481E+000
  0.918881E+000  0.965933E+000
  0.919095E+000  0.966385E+000
  0.919309E+000  0.966837E+000
  0.919523E+000  0.967289E+000
  0.919737E+000  0.967741E+000
  0.919951E+000  0.968193E+000
  0.920165E+000  0.968644E+000
  0.920379E+000  0.969096E+000
  0.920593E+000  0.969548E+000
  0.920806E+000  0.970000E+000
  0.921020E+000  0.970452E+000
  0.921234E+000  0.970904E+000
  0.921448E+000  0.971356E+000
  0.921662E+000  0.971808E+000
  0.921876E+000  0.972260E+000
  0.922089E+000  0.972712E+000
  0.922303E+000  0.973164E+000
  0.922517E+000  0.973616E+000
  0.922731E+000  0.974068E+000
  0.922945E+000  0.974520E+000
  0.923158E+000  0.974972E+000
  0.923372E+000  0.975424E+000
  0.923586E+000  0.975876E+000
  0.923799E+000  0.976328E+000
  0.924013E+000  0.976780E+000
  0.924227E+000  0.977232E+000
  0.924441E+000  0.977684E+000
  0.924654E+000  0.978136E+000
  0.924868E+000  0.978588E+000
  0.925082E+000  0.979040E+000
  0.925296E+000  0.979492E+000
  0.925509E+000  0.979944E+000
  0.925723E+000  0.980396E+000
  0.925937E+000  0.980848E+000
  0.926151E+000  0.981300E+000
  0.926365E+000  0.981752E+000
  0.926578E+000  0.982204E+000
  0.926792E+000  0.982656E+000
  0.927006E+000  0.983108E+000
  0.927220E+000  0.983560E+000
  0.927434E+000  0.984012E+000
  0.927648E+000  0.984464E+000
  0.927862E+000  0.984916E+000
  0.928075E+000  0.985368E+000
  0.928289E+000  0.985820E+000
  0.928503E+000  0.986272E+000
  0.928717E+000  0.986723E+000
  0.928931E+000  0.987175E+000
  0.929145E+000  0.987627E+000
  0.929360E+000  0.988079E+000
  0.929574E+000  0.988531E+000
  0.929788E+000  0.988983E+000
  0.930002E+000  0.989435E+000
  0.930216E+000  0.989886E+000
  0.930430E+000  0.990338E+000
  0.930645E+000  0.990790E+000
  0.930859E+000  0.991242E+000
  0.931073E+000  0.991693E+000
  0.931288E+000  0.992145E+000
  0.931502E+000  0.992597E+000
  0.931717E+000  0.993048E+000
  0.931931E+000  0.993500E+000
  0.932146E+000  0.993952E+000
  0.932360E+000  0.994403E+000
  0.932575E+000  0.994855E+000
  0.932790E+000  0.995306E+000
  0.933004E+000  0.995758E+000
  0.933219E+000  0.996209E+000
  0.933434E+000  0.996661E+000
  0.933649E+000  0.997112E+000
  0.933864E+000  0.997564E+000
  0.934079E+000  0.998015E+000
  0.934294E+000  0.998467E+000
  0.934509E+000  0.998918E+000
  0.934724E+000  0.999369E+000
  0.934939E+000  0.999821E+000
  0.935155E+000  0.100027E+001
  0.935370E+000  0.100072E+001
  0.935585E+000  0.100117E+001
  0.935801E+000  0.100163E+001
  0.936016E+000  0.100208E+001
  0.936232E+000  0.100253E+001
  0.936447E+000  0.100298E+001
  0.936663E+000  0.100343E+001
  0.936879E+000  0.100388E+001
  0.937095E+000  0.100433E+001
  0.937311E+000  0.100478E+001
  0.937527E+000  0.100523E+001
  0.937743E+000  0.100569E+001
  0.937959E+000  0.100614E+001
  0.938175E+000  0.100659E+001
  0.938391E+000  0.100704E+001
  0.938607E+000  0.100749E+001
  0.938824E+000  0.100794E+001
  0.939040E+000  0.100839E+001
  0.939257E+000  0.100884E+001
  0.939473E+000  0.100929E+001
  0.939690E+000  0.100974E+001
  0.939907E+000  0.101019E+001
  0.940124E+000  0.101064E+001
  0.940341E+000  0.101109E+001
  0.940558E+000  0.101154E+001
  0.940775E+000  0.101199E+001
  0.940992E+000  0.101244E+001
  0.941209E+000  0.101290E+001
  0.941427E+000  0.101335E+001
  0.941644E+000  0.101380E+001
  0.941861E+000  0.101425E+001
  0.942079E+000  0.101470E+001
  0.942297E+000  0.101515E+001
  0.942514E+000  0.101560E+001
  0.942732E+000  0.101605E+001
  0.942950E+000  0.101650E+001
  0.943168E+000  0.101695E+001
  0.943386E+000  0.101740E+001
  0.943605E+000  0.101785E+001
  0.943823E+000  0.101830E+001
  0.944041E+000  0.101875E+001
  0.944260E+000  0.101920E+001
  0.944478E+000  0.101965E+001
  0.944697E+000  0.102009E+001
  0.944916E+000  0.102054E+001
  0.945135E+000  0.102099E+001
  0.945354E+000  0.102144E+001
  0.945573E+000  0.102189E+001
  0.945792E+000  0.102234E+001
  0.946011E+000  0.102279E+001
  0.946230E+000  0.102324E+001
  0.946450E+000  0.102369E+001
  0.946669E+000  0.102414E+001
  0.946889E+000  0.102459E+001
  0.947109E+000  0.102504E+001
  0.947329E+000  0.102549E+001
  0.947549E+000  0.102594E+001
  0.947769E+000  0.102638E+001
  0.947989E+000  0.102683E+001
  0.948209E+000  0.102728E+001
  0.948429E+000  0.102773E+001
  0.948650E+000  0.102818E+001
  0.948870E+000  0.102863E+001
  0.949091E+000  0.102908E+001
  0.949312E+000  0.102953E+001
  0.949533E+000  0.102997E+001
  0.949754E+000  0.103042E+001
  0.949975E+000  0.103087E+001
  0.950196E+000  0.103132E+001
  0.950417E+000  0.103177E+001
  0.950639E+000  0.103222E+001
  0.950860E+000  0.103266E+001
  0.951082E+000  0.103311E+001
  0.951304E+000  0.103356E+001
  0.951526E+000  0.103401E+001
  0.951748E+000  0.103446E+001
  0.951970E+000  0.103491E+001
  0.952192E+000  0.103535E+001
  0.952414E+000  0.103580E+001
  0.952637E+000  0.103625E+001
  0.952859E+000  0.103670E+001
  0.953082E+000  0.103714E+001
  0.953305E+000  0.103759E+001
  0.953528E+000  0.103804E+001
  0.953751E+000  0.103849E+001
  0.953974E+000  0.103893E+001
  0.954197E+000  0.103938E+001
  0.954420E+000  0.103983E+001
  0.954644E+000  0.104028E+001
  0.954867E+000  0.104072E+001
  0.955091E+000  0.104117E+001
  0.955315E+000  0.104162E+001
  0.955539E+000  0.104207E+001
  0.955763E+000  0.104251E+001
  0.955987E+000  0.104296E+001
  0.956211E+000  0.104341E+001
  0.956436E+000  0.104385E+001
  0.956660E+000  0.104430E+001
  0.956885E+000  0.104475E+001
  0.957110E+000  0.104519E+001
  0.957335E+000  0.104564E+001
  0.957560E+000  0.104609E+001
  0.957785E+000  0.104653E+001
  0.958010E+000  0.104698E+001
  0.958236E+000  0.104742E+001
  0.958461E+000  0.104787E+001
  0.958687E+000  0.104832E+001
  0.958912E+000  0.104876E+001
  0.959138E+000  0.104921E+001
  0.959364E+000  0.104966E+001
  0.959590E+000  0.105010E+001
  0.959817E+000  0.105055E+001
  0.960043E+000  0.105099E+001
  0.960270E+000  0.105144E+001
  0.960496E+000  0.105188E+001
  0.960723E+000  0.105233E+001
  0.960950E+000  0.105278E+001
  0.961177E+000  0.105322E+001
  0.961404E+000  0.105367E+001
  0.961631E+000  0.105411E+001
  0.961858E+000  0.105456E+001
  0.962086E+000  0.105500E+001
  0.962314E+000  0.105545E+001
  0.962541E+000  0.105589E+001
  0.962769E+000  0.105634E+001
  0.962997E+000  0.105678E+001
  0.963225E+000  0.105723E+001
  0.963454E+000  0.105767E+001
  0.963682E+000  0.105812E+001
  0.963910E+000  0.105856E+001
  0.964139E+000  0.105901E+001
  0.964368E+000  0.105945E+001
  0.964597E+000  0.105990E+001
  0.964826E+000  0.106034E+001
  0.965055E+000  0.106079E+001
  0.965284E+000  0.106123E+001
  0.965514E+000  0.106167E+001
  0.965743E+000  0.106212E+001
  0.965973E+000  0.106256E+001
  0.966203E+000  0.106301E+001
  0.966432E+000  0.106345E+001
  0.966662E+000  0.106389E+001
  0.966893E+000  0.106434E+001
  0.967123E+000  0.106478E+001
  0.967353E+000  0.106523E+001
  0.967584E+000  0.106567E+001
  0.967815E+000  0.106611E+001
  0.968045E+000  0.106656E+001
  0.968276E+000  0.106700E+001
  0.968507E+000  0.106744E+001
  0.968739E+000  0.106789E+001
  0.968970E+000  0.106833E+001
  0.969201E+000  0.106877E+001
  0.969433E+000  0.106922E+001
  0.969665E+000  0.106966E+001
  0.969897E+000  0.107010E+001
  0.970129E+000  0.107055E+001
  0.970361E+000  0.107099E+001
  0.970593E+000  0.107143E+001
  0.970825E+000  0.107187E+001
  0.971058E+000  0.107232E+001
  0.971290E+000  0.107276E+001
  0.971523E+000  0.107320E+001
  0.971756E+000  0.107364E+001
  0.971989E+000  0.107409E+001
  0.972222E+000  0.107453E+001
  0.972456E+000  0.107497E+001
  0.972689E+000  0.107541E+001
  0.972923E+000  0.107585E+001
  0.973156E+000  0.107630E+001
  0.973390E+000  0.107674E+001
  0.973624E+000  0.107718E+001
  0.973858E+000  0.107762E+001
  0.974092E+000  0.107806E+001
  0.974327E+000  0.107851E+001
  0.974561E+000  0.107895E+001
  0.974796E+000  0.107939E+001
  0.975030E+000  0.107983E+001
  0.975265E+000  0.108027E+001
  0.975500E+000  0.108071E+001
  0.975735E+000  0.108115E+001
  0.975971E+000  0.108160E+001
  0.976206E+000  0.108204E+001
  0.976442E+000  0.108248E+001
  0.976677E+000  0.108292E+001
  0.976913E+000  0.108336E+001
  0.977149E+000  0.108380E+001
  0.977385E+000  0.108424E+001
  0.977621E+000  0.108468E+001
  0.977857E+000  0.108512E+001
  0.978094E+000  0.108556E+001
  0.978330E+000  0.108600E+001
  0.978567E+000  0.108644E+001
  0.978804E+000  0.108688E+001
  0.979041E+000  0.108733E+001
  0.979278E+000  0.108777E+001
  0.979515E+000  0.108821E+001
  0.979752E+000  0.108865E+001
  0.979990E+000  0.108909E+001
  0.980228E+000  0.108953E+001
  0.980465E+000  0.108997E+001
  0.980703E+000  0.109041E+001
  0.980941E+000  0.109084E+001
  0.981179E+000  0.109128E+001
  0.981418E+000  0.109172E+001
  0.981656E+000  0.109216E+001
  0.981894E+000  0.109260E+001
  0.982133E+000  0.109304E+001
  0.982372E+000  0.109348E+001
  0.982611E+000  0.109392E+001
  0.982850E+000  0.109436E+001
  0.983089E+000  0.109480E+001
  0.983328E+000  0.109524E+001
  0.983568E+000  0.109568E+001
  0.983807E+000  0.109612E+001
  0.984047E+000  0.109655E+001
  0.984287E+000  0.109699E+001
  0.984527E+000  0.109743E+001
  0.984767E+000  0.109787E+001
  0.985007E+000  0.109831E+001
  0.985247E+000  0.109875E+001
  0.985488E+000  0.109919E+001
  0.985728E+000  0.109962E+001
  0.985969E+000  0.110006E+001
  0.986210E+000  0.110050E+001
  0.986451E+000  0.110094E+001
  0.986692E+000  0.110138E+001
  0.986933E+000  0.110182E+001
  0.987175E+000  0.110225E+001
  0.987416E+000  0.110269E+001
  0.987658E+000  0.110313E+001
  0.987899E+000  0.110357E+001
  0.988141E+000  0.110400E+001
  0.988383E+000  0.110444E+001
  0.988625E+000  0.110488E+001
  0.988868E+000  0.110532E+001
  0.989110E+000  0.110575E+001
  0.989353E+000  0.110619E+001
  0.989595E+000  0.110663E+001
  0.989838E+000  0.110706E+001
  0.990081E+000  0.110750E+001
  0.990324E+000  0.110794E+001
  0.990567E+000  0.110838E+001
  0.990810E+000  0.110881E+001
  0.991054E+000  0.110925E+001
  0.991297E+000  0.110969E+001
  0.991541E+000  0.111012E+001
  0.991785E+000  0.111056E+001
  0.992029E+000  0.111100E+001
  0.992273E+000  0.111143E+001
  0.992517E+000  0.111187E+001
  0.992761E+000  0.111230E+001
  0.993006E+000  0.111274E+001
  0.993250E+000  0.111318E+001
  0.993495E+000  0.111361E+001
  0.993740E+000  0.111405E+001
  0.993985E+000  0.111448E+001
  0.994230E+000  0.111492E+001
  0.994475E+000  0.111536E+001
  0.994720E+000  0.111579E+001
  0.994966E+000  0.111623E+001
  0.995211E+000  0.111666E+001
  0.995457E+000  0.111710E+001
  0.995703E+000  0.111753E+001
  0.995949E+000  0.111797E+001
  0.996195E+000  0.111840E+001
  0.996441E+000  0.111884E+001
  0.996687E+000  0.111928E+001
  0.996934E+000  0.111971E+001
  0.997180E+000  0.112015E+001
  0.997427E+000  0.112058E+001
  0.997674E+000  0.112101E+001
  0.997920E+000  0.112145E+001
  0.998168E+000  0.112188E+001
  0.998415E+000  0.112232E+001
  0.998662E+000  0.112275E+001
  0.998909E+000  0.112319E+001
  0.999157E+000  0.112362E+001
  0.999405E+000  0.112406E+001
  0.999652E+000  0.112449E+001
  0.999900E+000  0.112493E+001
  0.100015E+001  0.112536E+001
