  0.943982E+000  0.317385E-001
  0.943982E+000  0.317385E-001
  0.943958E+000  0.322379E-001
  0.943934E+000  0.327373E-001
  0.943910E+000  0.332367E-001
  0.943885E+000  0.337361E-001
  0.943860E+000  0.342355E-001
  0.943835E+000  0.347348E-001
  0.943809E+000  0.352342E-001
  0.943783E+000  0.357335E-001
  0.943756E+000  0.362328E-001
  0.943729E+000  0.367321E-001
  0.943702E+000  0.372313E-001
  0.943675E+000  0.377306E-001
  0.943647E+000  0.382298E-001
  0.943619E+000  0.387290E-001
  0.943590E+000  0.392282E-001
  0.943562E+000  0.397274E-001
  0.943532E+000  0.402265E-001
  0.943503E+000  0.407257E-001
  0.943473E+000  0.412248E-001
  0.943443E+000  0.417239E-001
  0.943413E+000  0.422229E-001
  0.943382E+000  0.427220E-001
  0.943351E+000  0.432210E-001
  0.943320E+000  0.437201E-001
  0.943288E+000  0.442191E-001
  0.943256E+000  0.447180E-001
  0.943224E+000  0.452170E-001
  0.943191E+000  0.457159E-001
  0.943158E+000  0.462148E-001
  0.943125E+000  0.467137E-001
  0.943091E+000  0.472126E-001
  0.943058E+000  0.477115E-001
  0.943024E+000  0.482103E-001
  0.942989E+000  0.487091E-001
  0.942954E+000  0.492079E-001
  0.942919E+000  0.497067E-001
  0.942884E+000  0.502054E-001
  0.942848E+000  0.507041E-001
  0.942812E+000  0.512029E-001
  0.942776E+000  0.517015E-001
  0.942740E+000  0.522002E-001
  0.942703E+000  0.526988E-001
  0.942666E+000  0.531975E-001
  0.942628E+000  0.536961E-001
  0.942591E+000  0.541947E-001
  0.942553E+000  0.546932E-001
  0.942515E+000  0.551917E-001
  0.942476E+000  0.556903E-001
  0.942437E+000  0.561888E-001
  0.942398E+000  0.566872E-001
  0.942359E+000  0.571857E-001
  0.942319E+000  0.576841E-001
  0.942279E+000  0.581825E-001
  0.942239E+000  0.586809E-001
  0.942199E+000  0.591793E-001
  0.942158E+000  0.596776E-001
  0.942117E+000  0.601759E-001
  0.942076E+000  0.606742E-001
  0.942034E+000  0.611725E-001
  0.941993E+000  0.616707E-001
  0.941951E+000  0.621690E-001
  0.941908E+000  0.626672E-001
  0.941866E+000  0.631654E-001
  0.941823E+000  0.636635E-001
  0.941780E+000  0.641617E-001
  0.941737E+000  0.646598E-001
  0.941693E+000  0.651579E-001
  0.941649E+000  0.656560E-001
  0.941605E+000  0.661540E-001
  0.941561E+000  0.666521E-001
  0.941516E+000  0.671501E-001
  0.941472E+000  0.676481E-001
  0.941427E+000  0.681460E-001
  0.941381E+000  0.686440E-001
  0.941336E+000  0.691419E-001
  0.941290E+000  0.696398E-001
  0.941244E+000  0.701377E-001
  0.941198E+000  0.706356E-001
  0.941152E+000  0.711334E-001
  0.941105E+000  0.716312E-001
  0.941058E+000  0.721290E-001
  0.941011E+000  0.726268E-001
  0.940964E+000  0.731246E-001
  0.940916E+000  0.736223E-001
  0.940868E+000  0.741200E-001
  0.940820E+000  0.746177E-001
  0.940772E+000  0.751154E-001
  0.940724E+000  0.756130E-001
  0.940675E+000  0.761106E-001
  0.940626E+000  0.766082E-001
  0.940577E+000  0.771058E-001
  0.940528E+000  0.776034E-001
  0.940478E+000  0.781009E-001
  0.940429E+000  0.785985E-001
  0.940379E+000  0.790960E-001
  0.940329E+000  0.795935E-001
  0.940278E+000  0.800909E-001
  0.940228E+000  0.805884E-001
  0.940177E+000  0.810858E-001
  0.940126E+000  0.815832E-001
  0.940075E+000  0.820806E-001
  0.940024E+000  0.825779E-001
  0.939972E+000  0.830753E-001
  0.939921E+000  0.835726E-001
  0.939869E+000  0.840699E-001
  0.939817E+000  0.845672E-001
  0.939764E+000  0.850644E-001
  0.939712E+000  0.855617E-001
  0.939659E+000  0.860589E-001
  0.939607E+000  0.865561E-001
  0.939554E+000  0.870533E-001
  0.939500E+000  0.875505E-001
  0.939447E+000  0.880476E-001
  0.939394E+000  0.885447E-001
  0.939340E+000  0.890418E-001
  0.939286E+000  0.895389E-001
  0.939232E+000  0.900360E-001
  0.939178E+000  0.905331E-001
  0.939124E+000  0.910301E-001
  0.939069E+000  0.915271E-001
  0.939014E+000  0.920241E-001
  0.938959E+000  0.925211E-001
  0.938904E+000  0.930181E-001
  0.938849E+000  0.935150E-001
  0.938794E+000  0.940119E-001
  0.938738E+000  0.945089E-001
  0.938683E+000  0.950057E-001
  0.938627E+000  0.955026E-001
  0.938571E+000  0.959995E-001
  0.938515E+000  0.964963E-001
  0.938459E+000  0.969932E-001
  0.938402E+000  0.974900E-001
  0.938346E+000  0.979868E-001
  0.938289E+000  0.984835E-001
  0.938232E+000  0.989803E-001
  0.938175E+000  0.994770E-001
  0.938118E+000  0.999738E-001
  0.938061E+000  0.100470E+000
  0.938003E+000  0.100967E+000
  0.937946E+000  0.101464E+000
  0.937888E+000  0.101961E+000
  0.937830E+000  0.102457E+000
  0.937773E+000  0.102954E+000
  0.937714E+000  0.103450E+000
  0.937656E+000  0.103947E+000
  0.937598E+000  0.104444E+000
  0.937539E+000  0.104940E+000
  0.937481E+000  0.105437E+000
  0.937422E+000  0.105933E+000
  0.937363E+000  0.106430E+000
  0.937304E+000  0.106926E+000
  0.937245E+000  0.107423E+000
  0.937186E+000  0.107919E+000
  0.937127E+000  0.108416E+000
  0.937068E+000  0.108912E+000
  0.937008E+000  0.109409E+000
  0.936948E+000  0.109905E+000
  0.936889E+000  0.110402E+000
  0.936829E+000  0.110898E+000
  0.936769E+000  0.111394E+000
  0.936709E+000  0.111891E+000
  0.936649E+000  0.112387E+000
  0.936588E+000  0.112883E+000
  0.936528E+000  0.113380E+000
  0.936467E+000  0.113876E+000
  0.936407E+000  0.114372E+000
  0.936346E+000  0.114869E+000
  0.936285E+000  0.115365E+000
  0.936225E+000  0.115861E+000
  0.936164E+000  0.116358E+000
  0.936103E+000  0.116854E+000
  0.936041E+000  0.117350E+000
  0.935980E+000  0.117846E+000
  0.935919E+000  0.118343E+000
  0.935857E+000  0.118839E+000
  0.935796E+000  0.119335E+000
  0.935734E+000  0.119831E+000
  0.935673E+000  0.120327E+000
  0.935611E+000  0.120823E+000
  0.935549E+000  0.121320E+000
  0.935487E+000  0.121816E+000
  0.935425E+000  0.122312E+000
  0.935363E+000  0.122808E+000
  0.935301E+000  0.123304E+000
  0.935239E+000  0.123800E+000
  0.935176E+000  0.124296E+000
  0.935114E+000  0.124792E+000
  0.935052E+000  0.125289E+000
  0.934989E+000  0.125785E+000
  0.934927E+000  0.126281E+000
  0.934864E+000  0.126777E+000
  0.934801E+000  0.127273E+000
  0.934738E+000  0.127769E+000
  0.934676E+000  0.128265E+000
  0.934613E+000  0.128761E+000
  0.934550E+000  0.129257E+000
  0.934487E+000  0.129753E+000
  0.934424E+000  0.130249E+000
  0.934360E+000  0.130745E+000
  0.934297E+000  0.131241E+000
  0.934234E+000  0.131737E+000
  0.934171E+000  0.132233E+000
  0.934107E+000  0.132729E+000
  0.934044E+000  0.133225E+000
  0.933980E+000  0.133721E+000
  0.933917E+000  0.134217E+000
  0.933853E+000  0.134713E+000
  0.933790E+000  0.135209E+000
  0.933726E+000  0.135705E+000
  0.933662E+000  0.136200E+000
  0.933599E+000  0.136696E+000
  0.933535E+000  0.137192E+000
  0.933471E+000  0.137688E+000
  0.933407E+000  0.138184E+000
  0.933343E+000  0.138680E+000
  0.933279E+000  0.139176E+000
  0.933215E+000  0.139672E+000
  0.933151E+000  0.140168E+000
  0.933087E+000  0.140664E+000
  0.933023E+000  0.141159E+000
  0.932959E+000  0.141655E+000
  0.932895E+000  0.142151E+000
  0.932831E+000  0.142647E+000
  0.932766E+000  0.143143E+000
  0.932702E+000  0.143639E+000
  0.932638E+000  0.144135E+000
  0.932574E+000  0.144630E+000
  0.932509E+000  0.145126E+000
  0.932445E+000  0.145622E+000
  0.932381E+000  0.146118E+000
  0.932316E+000  0.146614E+000
  0.932252E+000  0.147110E+000
  0.932187E+000  0.147606E+000
  0.932123E+000  0.148101E+000
  0.932059E+000  0.148597E+000
  0.931994E+000  0.149093E+000
  0.931930E+000  0.149589E+000
  0.931865E+000  0.150085E+000
  0.931801E+000  0.150580E+000
  0.931736E+000  0.151076E+000
  0.931672E+000  0.151572E+000
  0.931607E+000  0.152068E+000
  0.931542E+000  0.152564E+000
  0.931478E+000  0.153060E+000
  0.931413E+000  0.153555E+000
  0.931349E+000  0.154051E+000
  0.931284E+000  0.154547E+000
  0.931220E+000  0.155043E+000
  0.931155E+000  0.155539E+000
  0.931091E+000  0.156034E+000
  0.931026E+000  0.156530E+000
  0.930961E+000  0.157026E+000
  0.930897E+000  0.157522E+000
  0.930832E+000  0.158018E+000
  0.930768E+000  0.158514E+000
  0.930703E+000  0.159009E+000
  0.930639E+000  0.159505E+000
  0.930574E+000  0.160001E+000
  0.930509E+000  0.160497E+000
  0.930445E+000  0.160993E+000
  0.930380E+000  0.161488E+000
  0.930316E+000  0.161984E+000
  0.930251E+000  0.162480E+000
  0.930187E+000  0.162976E+000
  0.930123E+000  0.163472E+000
  0.930058E+000  0.163968E+000
  0.929994E+000  0.164463E+000
  0.929929E+000  0.164959E+000
  0.929865E+000  0.165455E+000
  0.929800E+000  0.165951E+000
  0.929736E+000  0.166447E+000
  0.929672E+000  0.166943E+000
  0.929607E+000  0.167438E+000
  0.929543E+000  0.167934E+000
  0.929479E+000  0.168430E+000
  0.929415E+000  0.168926E+000
  0.929351E+000  0.169422E+000
  0.929286E+000  0.169918E+000
  0.929222E+000  0.170414E+000
  0.929158E+000  0.170909E+000
  0.929094E+000  0.171405E+000
  0.929030E+000  0.171901E+000
  0.928966E+000  0.172397E+000
  0.928902E+000  0.172893E+000
  0.928838E+000  0.173389E+000
  0.928774E+000  0.173885E+000
  0.928710E+000  0.174381E+000
  0.928646E+000  0.174877E+000
  0.928583E+000  0.175372E+000
  0.928519E+000  0.175868E+000
  0.928455E+000  0.176364E+000
  0.928391E+000  0.176860E+000
  0.928328E+000  0.177356E+000
  0.928264E+000  0.177852E+000
  0.928201E+000  0.178348E+000
  0.928137E+000  0.178844E+000
  0.928074E+000  0.179340E+000
  0.928010E+000  0.179836E+000
  0.927947E+000  0.180332E+000
  0.927883E+000  0.180828E+000
  0.927820E+000  0.181324E+000
  0.927757E+000  0.181820E+000
  0.927694E+000  0.182316E+000
  0.927631E+000  0.182812E+000
  0.927568E+000  0.183308E+000
  0.927505E+000  0.183804E+000
  0.927442E+000  0.184300E+000
  0.927379E+000  0.184796E+000
  0.927316E+000  0.185292E+000
  0.927253E+000  0.185788E+000
  0.927191E+000  0.186284E+000
  0.927128E+000  0.186780E+000
  0.927065E+000  0.187276E+000
  0.927003E+000  0.187772E+000
  0.926940E+000  0.188268E+000
  0.926878E+000  0.188764E+000
  0.926816E+000  0.189261E+000
  0.926753E+000  0.189757E+000
  0.926691E+000  0.190253E+000
  0.926629E+000  0.190749E+000
  0.926567E+000  0.191245E+000
  0.926505E+000  0.191741E+000
  0.926443E+000  0.192237E+000
  0.926381E+000  0.192733E+000
  0.926319E+000  0.193230E+000
  0.926258E+000  0.193726E+000
  0.926196E+000  0.194222E+000
  0.926135E+000  0.194718E+000
  0.926073E+000  0.195214E+000
  0.926012E+000  0.195711E+000
  0.925951E+000  0.196207E+000
  0.925889E+000  0.196703E+000
  0.925828E+000  0.197199E+000
  0.925767E+000  0.197696E+000
  0.925706E+000  0.198192E+000
  0.925645E+000  0.198688E+000
  0.925584E+000  0.199184E+000
  0.925524E+000  0.199681E+000
  0.925463E+000  0.200177E+000
  0.925403E+000  0.200673E+000
  0.925342E+000  0.201170E+000
  0.925282E+000  0.201666E+000
  0.925221E+000  0.202162E+000
  0.925161E+000  0.202659E+000
  0.925101E+000  0.203155E+000
  0.925041E+000  0.203652E+000
  0.924981E+000  0.204148E+000
  0.924922E+000  0.204644E+000
  0.924862E+000  0.205141E+000
  0.924802E+000  0.205637E+000
  0.924743E+000  0.206134E+000
  0.924683E+000  0.206630E+000
  0.924624E+000  0.207127E+000
  0.924565E+000  0.207623E+000
  0.924506E+000  0.208120E+000
  0.924447E+000  0.208616E+000
  0.924388E+000  0.209113E+000
  0.924329E+000  0.209609E+000
  0.924271E+000  0.210106E+000
  0.924212E+000  0.210602E+000
  0.924154E+000  0.211099E+000
  0.924095E+000  0.211595E+000
  0.924037E+000  0.212092E+000
  0.923979E+000  0.212589E+000
  0.923921E+000  0.213085E+000
  0.923863E+000  0.213582E+000
  0.923805E+000  0.214079E+000
  0.923748E+000  0.214575E+000
  0.923690E+000  0.215072E+000
  0.923633E+000  0.215569E+000
  0.923575E+000  0.216065E+000
  0.923518E+000  0.216562E+000
  0.923461E+000  0.217059E+000
  0.923404E+000  0.217555E+000
  0.923347E+000  0.218052E+000
  0.923291E+000  0.218549E+000
  0.923234E+000  0.219046E+000
  0.923178E+000  0.219543E+000
  0.923121E+000  0.220039E+000
  0.923065E+000  0.220536E+000
  0.923009E+000  0.221033E+000
  0.922953E+000  0.221530E+000
  0.922898E+000  0.222027E+000
  0.922842E+000  0.222524E+000
  0.922787E+000  0.223021E+000
  0.922731E+000  0.223518E+000
  0.922676E+000  0.224015E+000
  0.922621E+000  0.224512E+000
  0.922566E+000  0.225008E+000
  0.922511E+000  0.225505E+000
  0.922457E+000  0.226002E+000
  0.922402E+000  0.226500E+000
  0.922348E+000  0.226997E+000
  0.922293E+000  0.227494E+000
  0.922239E+000  0.227991E+000
  0.922185E+000  0.228488E+000
  0.922132E+000  0.228985E+000
  0.922078E+000  0.229482E+000
  0.922025E+000  0.229979E+000
  0.921971E+000  0.230476E+000
  0.921918E+000  0.230973E+000
  0.921865E+000  0.231471E+000
  0.921812E+000  0.231968E+000
  0.921760E+000  0.232465E+000
  0.921707E+000  0.232962E+000
  0.921655E+000  0.233459E+000
  0.921602E+000  0.233957E+000
  0.921550E+000  0.234454E+000
  0.921498E+000  0.234951E+000
  0.921447E+000  0.235449E+000
  0.921395E+000  0.235946E+000
  0.921344E+000  0.236443E+000
  0.921293E+000  0.236941E+000
  0.921241E+000  0.237438E+000
  0.921191E+000  0.237935E+000
  0.921140E+000  0.238433E+000
  0.921089E+000  0.238930E+000
  0.921039E+000  0.239428E+000
  0.920989E+000  0.239925E+000
  0.920939E+000  0.240423E+000
  0.920889E+000  0.240920E+000
  0.920839E+000  0.241418E+000
  0.920790E+000  0.241915E+000
  0.920741E+000  0.242413E+000
  0.920691E+000  0.242911E+000
  0.920643E+000  0.243408E+000
  0.920594E+000  0.243906E+000
  0.920545E+000  0.244403E+000
  0.920497E+000  0.244901E+000
  0.920449E+000  0.245399E+000
  0.920401E+000  0.245896E+000
  0.920353E+000  0.246394E+000
  0.920305E+000  0.246892E+000
  0.920258E+000  0.247390E+000
  0.920211E+000  0.247887E+000
  0.920164E+000  0.248385E+000
  0.920117E+000  0.248883E+000
  0.920070E+000  0.249381E+000
  0.920024E+000  0.249879E+000
  0.919978E+000  0.250376E+000
  0.919932E+000  0.250874E+000
  0.919886E+000  0.251372E+000
  0.919840E+000  0.251870E+000
  0.919795E+000  0.252368E+000
  0.919750E+000  0.252866E+000
  0.919705E+000  0.253364E+000
  0.919660E+000  0.253862E+000
  0.919616E+000  0.254360E+000
  0.919571E+000  0.254858E+000
  0.919527E+000  0.255356E+000
  0.919484E+000  0.255854E+000
  0.919440E+000  0.256352E+000
  0.919397E+000  0.256850E+000
  0.919353E+000  0.257349E+000
  0.919310E+000  0.257847E+000
  0.919268E+000  0.258345E+000
  0.919225E+000  0.258843E+000
  0.919183E+000  0.259341E+000
  0.919141E+000  0.259840E+000
  0.919099E+000  0.260338E+000
  0.919057E+000  0.260836E+000
  0.919016E+000  0.261334E+000
  0.918975E+000  0.261833E+000
  0.918934E+000  0.262331E+000
  0.918894E+000  0.262829E+000
  0.918853E+000  0.263328E+000
  0.918813E+000  0.263826E+000
  0.918773E+000  0.264324E+000
  0.918734E+000  0.264823E+000
  0.918694E+000  0.265321E+000
  0.918655E+000  0.265820E+000
  0.918616E+000  0.266318E+000
  0.918577E+000  0.266817E+000
  0.918539E+000  0.267315E+000
  0.918501E+000  0.267814E+000
  0.918463E+000  0.268312E+000
  0.918426E+000  0.268811E+000
  0.918388E+000  0.269310E+000
  0.918351E+000  0.269808E+000
  0.918314E+000  0.270307E+000
  0.918278E+000  0.270806E+000
  0.918242E+000  0.271304E+000
  0.918206E+000  0.271803E+000
  0.918170E+000  0.272302E+000
  0.918134E+000  0.272800E+000
  0.918099E+000  0.273299E+000
  0.918064E+000  0.273798E+000
  0.918030E+000  0.274297E+000
  0.917995E+000  0.274796E+000
  0.917961E+000  0.275294E+000
  0.917928E+000  0.275793E+000
  0.917894E+000  0.276292E+000
  0.917861E+000  0.276791E+000
  0.917828E+000  0.277290E+000
  0.917795E+000  0.277789E+000
  0.917763E+000  0.278288E+000
  0.917731E+000  0.278787E+000
  0.917699E+000  0.279286E+000
  0.917668E+000  0.279785E+000
  0.917637E+000  0.280284E+000
  0.917606E+000  0.280783E+000
  0.917576E+000  0.281282E+000
  0.917546E+000  0.281781E+000
  0.917516E+000  0.282280E+000
  0.917486E+000  0.282779E+000
  0.917457E+000  0.283278E+000
  0.917428E+000  0.283778E+000
  0.917399E+000  0.284277E+000
  0.917371E+000  0.284776E+000
  0.917343E+000  0.285275E+000
  0.917315E+000  0.285774E+000
  0.917288E+000  0.286274E+000
  0.917261E+000  0.286773E+000
  0.917234E+000  0.287272E+000
  0.917208E+000  0.287772E+000
  0.917182E+000  0.288271E+000
  0.917156E+000  0.288770E+000
  0.917131E+000  0.289270E+000
  0.917106E+000  0.289769E+000
  0.917082E+000  0.290268E+000
  0.917057E+000  0.290768E+000
  0.917033E+000  0.291267E+000
  0.917010E+000  0.291767E+000
  0.916986E+000  0.292266E+000
  0.916964E+000  0.292766E+000
  0.916941E+000  0.293265E+000
  0.916919E+000  0.293765E+000
  0.916897E+000  0.294264E+000
  0.916876E+000  0.294764E+000
  0.916854E+000  0.295263E+000
  0.916834E+000  0.295763E+000
  0.916813E+000  0.296262E+000
  0.916793E+000  0.296762E+000
  0.916774E+000  0.297262E+000
  0.916755E+000  0.297761E+000
  0.916736E+000  0.298261E+000
  0.916717E+000  0.298760E+000
  0.916699E+000  0.299260E+000
  0.916681E+000  0.299760E+000
  0.916664E+000  0.300260E+000
  0.916647E+000  0.300759E+000
  0.916631E+000  0.301259E+000
  0.916614E+000  0.301759E+000
  0.916599E+000  0.302258E+000
  0.916583E+000  0.302758E+000
  0.916568E+000  0.303258E+000
  0.916554E+000  0.303758E+000
  0.916540E+000  0.304258E+000
  0.916526E+000  0.304757E+000
  0.916512E+000  0.305257E+000
  0.916500E+000  0.305757E+000
  0.916487E+000  0.306257E+000
  0.916475E+000  0.306757E+000
  0.916463E+000  0.307257E+000
  0.916452E+000  0.307756E+000
  0.916441E+000  0.308256E+000
  0.916431E+000  0.308756E+000
  0.916421E+000  0.309256E+000
  0.916411E+000  0.309756E+000
  0.916402E+000  0.310256E+000
  0.916393E+000  0.310756E+000
  0.916385E+000  0.311256E+000
  0.916377E+000  0.311756E+000
  0.916370E+000  0.312256E+000
  0.916363E+000  0.312756E+000
  0.916357E+000  0.313256E+000
  0.916351E+000  0.313756E+000
  0.916345E+000  0.314256E+000
  0.916340E+000  0.314756E+000
  0.916335E+000  0.315256E+000
  0.916331E+000  0.315756E+000
  0.916327E+000  0.316255E+000
  0.916324E+000  0.316755E+000
  0.916321E+000  0.317255E+000
  0.916319E+000  0.317755E+000
  0.916317E+000  0.318255E+000
  0.916316E+000  0.318755E+000
  0.916315E+000  0.319255E+000
  0.916314E+000  0.319755E+000
  0.916314E+000  0.320255E+000
  0.916315E+000  0.320755E+000
  0.916316E+000  0.321255E+000
  0.916317E+000  0.321755E+000
  0.916319E+000  0.322255E+000
  0.916322E+000  0.322755E+000
  0.916325E+000  0.323255E+000
  0.916328E+000  0.323755E+000
  0.916332E+000  0.324255E+000
  0.916337E+000  0.324755E+000
  0.916342E+000  0.325255E+000
  0.916347E+000  0.325755E+000
  0.916353E+000  0.326255E+000
  0.916359E+000  0.326755E+000
  0.916367E+000  0.327255E+000
  0.916374E+000  0.327755E+000
  0.916382E+000  0.328255E+000
  0.916391E+000  0.328755E+000
  0.916400E+000  0.329255E+000
  0.916409E+000  0.329755E+000
  0.916420E+000  0.330255E+000
  0.916430E+000  0.330755E+000
  0.916441E+000  0.331255E+000
  0.916453E+000  0.331754E+000
  0.916465E+000  0.332254E+000
  0.916478E+000  0.332754E+000
  0.916492E+000  0.333254E+000
  0.916506E+000  0.333754E+000
  0.916520E+000  0.334253E+000
  0.916535E+000  0.334753E+000
  0.916551E+000  0.335253E+000
  0.916567E+000  0.335753E+000
  0.916583E+000  0.336252E+000
  0.916601E+000  0.336752E+000
  0.916618E+000  0.337252E+000
  0.916637E+000  0.337752E+000
  0.916656E+000  0.338251E+000
  0.916675E+000  0.338751E+000
  0.916695E+000  0.339250E+000
  0.916716E+000  0.339750E+000
  0.916737E+000  0.340250E+000
  0.916759E+000  0.340749E+000
  0.916781E+000  0.341249E+000
  0.916804E+000  0.341748E+000
  0.916827E+000  0.342247E+000
  0.916851E+000  0.342747E+000
  0.916876E+000  0.343246E+000
  0.916901E+000  0.343746E+000
  0.916927E+000  0.344245E+000
  0.916954E+000  0.344744E+000
  0.916981E+000  0.345244E+000
  0.917008E+000  0.345743E+000
  0.917036E+000  0.346242E+000
  0.917065E+000  0.346741E+000
  0.917094E+000  0.347240E+000
  0.917124E+000  0.347739E+000
  0.917155E+000  0.348238E+000
  0.917186E+000  0.348737E+000
  0.917218E+000  0.349236E+000
  0.917250E+000  0.349735E+000
  0.917283E+000  0.350234E+000
  0.917317E+000  0.350733E+000
  0.917351E+000  0.351232E+000
  0.917386E+000  0.351731E+000
  0.917422E+000  0.352230E+000
  0.917458E+000  0.352728E+000
  0.917494E+000  0.353227E+000
  0.917532E+000  0.353725E+000
  0.917570E+000  0.354224E+000
  0.917608E+000  0.354723E+000
  0.917647E+000  0.355221E+000
  0.917687E+000  0.355719E+000
  0.917728E+000  0.356218E+000
  0.917769E+000  0.356716E+000
  0.917810E+000  0.357214E+000
  0.917853E+000  0.357713E+000
  0.917895E+000  0.358211E+000
  0.917939E+000  0.358709E+000
  0.917983E+000  0.359207E+000
  0.918028E+000  0.359705E+000
  0.918073E+000  0.360203E+000
  0.918120E+000  0.360701E+000
  0.918166E+000  0.361198E+000
  0.918214E+000  0.361696E+000
  0.918262E+000  0.362194E+000
  0.918310E+000  0.362692E+000
  0.918360E+000  0.363189E+000
  0.918409E+000  0.363687E+000
  0.918460E+000  0.364184E+000
  0.918511E+000  0.364681E+000
  0.918563E+000  0.365179E+000
  0.918616E+000  0.365676E+000
  0.918669E+000  0.366173E+000
  0.918722E+000  0.366670E+000
  0.918777E+000  0.367167E+000
  0.918832E+000  0.367664E+000
  0.918888E+000  0.368161E+000
  0.918944E+000  0.368658E+000
  0.919001E+000  0.369155E+000
  0.919059E+000  0.369651E+000
  0.919117E+000  0.370148E+000
  0.919176E+000  0.370644E+000
  0.919235E+000  0.371141E+000
  0.919296E+000  0.371637E+000
  0.919356E+000  0.372134E+000
  0.919418E+000  0.372630E+000
  0.919480E+000  0.373126E+000
  0.919543E+000  0.373622E+000
  0.919606E+000  0.374118E+000
  0.919670E+000  0.374614E+000
  0.919735E+000  0.375110E+000
  0.919800E+000  0.375605E+000
  0.919867E+000  0.376101E+000
  0.919933E+000  0.376596E+000
  0.920000E+000  0.377092E+000
  0.920068E+000  0.377587E+000
  0.920137E+000  0.378082E+000
  0.920206E+000  0.378578E+000
  0.920276E+000  0.379073E+000
  0.920347E+000  0.379568E+000
  0.920418E+000  0.380063E+000
  0.920490E+000  0.380557E+000
  0.920562E+000  0.381052E+000
  0.920635E+000  0.381547E+000
  0.920709E+000  0.382041E+000
  0.920783E+000  0.382536E+000
  0.920858E+000  0.383030E+000
  0.920934E+000  0.383524E+000
  0.921010E+000  0.384019E+000
  0.921087E+000  0.384513E+000
  0.921165E+000  0.385007E+000
  0.921243E+000  0.385500E+000
  0.921322E+000  0.385994E+000
  0.921401E+000  0.386488E+000
  0.921481E+000  0.386981E+000
  0.921562E+000  0.387475E+000
  0.921643E+000  0.387968E+000
  0.921725E+000  0.388461E+000
  0.921808E+000  0.388954E+000
  0.921891E+000  0.389447E+000
  0.921975E+000  0.389940E+000
  0.922060E+000  0.390433E+000
  0.922145E+000  0.390926E+000
  0.922230E+000  0.391419E+000
  0.922317E+000  0.391911E+000
  0.922404E+000  0.392403E+000
  0.922491E+000  0.392896E+000
  0.922579E+000  0.393388E+000
  0.922668E+000  0.393880E+000
  0.922758E+000  0.394372E+000
  0.922848E+000  0.394864E+000
  0.922938E+000  0.395355E+000
  0.923030E+000  0.395847E+000
  0.923121E+000  0.396338E+000
  0.923214E+000  0.396830E+000
  0.923307E+000  0.397321E+000
  0.923401E+000  0.397812E+000
  0.923495E+000  0.398303E+000
  0.923590E+000  0.398794E+000
  0.923685E+000  0.399285E+000
  0.923781E+000  0.399776E+000
  0.923878E+000  0.400266E+000
  0.923975E+000  0.400757E+000
  0.924073E+000  0.401247E+000
  0.924171E+000  0.401737E+000
  0.924270E+000  0.402227E+000
  0.924370E+000  0.402717E+000
  0.924470E+000  0.403207E+000
  0.924571E+000  0.403697E+000
  0.924672E+000  0.404187E+000
  0.924774E+000  0.404676E+000
  0.924877E+000  0.405165E+000
  0.924980E+000  0.405655E+000
  0.925083E+000  0.406144E+000
  0.925187E+000  0.406633E+000
  0.925292E+000  0.407122E+000
  0.925397E+000  0.407611E+000
  0.925503E+000  0.408099E+000
  0.925610E+000  0.408588E+000
  0.925717E+000  0.409076E+000
  0.925824E+000  0.409565E+000
  0.925932E+000  0.410053E+000
  0.926041E+000  0.410541E+000
  0.926150E+000  0.411029E+000
  0.926260E+000  0.411516E+000
  0.926370E+000  0.412004E+000
  0.926481E+000  0.412492E+000
  0.926593E+000  0.412979E+000
  0.926705E+000  0.413466E+000
  0.926817E+000  0.413954E+000
  0.926930E+000  0.414441E+000
  0.927044E+000  0.414928E+000
  0.927158E+000  0.415414E+000
  0.927272E+000  0.415901E+000
  0.927387E+000  0.416388E+000
  0.927503E+000  0.416874E+000
  0.927619E+000  0.417360E+000
  0.927736E+000  0.417847E+000
  0.927853E+000  0.418333E+000
  0.927971E+000  0.418819E+000
  0.928089E+000  0.419304E+000
  0.928208E+000  0.419790E+000
  0.928327E+000  0.420276E+000
  0.928447E+000  0.420761E+000
  0.928567E+000  0.421246E+000
  0.928688E+000  0.421732E+000
  0.928809E+000  0.422217E+000
  0.928931E+000  0.422702E+000
  0.929053E+000  0.423187E+000
  0.929176E+000  0.423671E+000
  0.929299E+000  0.424156E+000
  0.929423E+000  0.424640E+000
  0.929547E+000  0.425125E+000
  0.929672E+000  0.425609E+000
  0.929797E+000  0.426093E+000
  0.929923E+000  0.426577E+000
  0.930049E+000  0.427061E+000
  0.930175E+000  0.427544E+000
  0.930303E+000  0.428028E+000
  0.930430E+000  0.428511E+000
  0.930558E+000  0.428995E+000
  0.930687E+000  0.429478E+000
  0.930816E+000  0.429961E+000
  0.930945E+000  0.430444E+000
  0.931075E+000  0.430927E+000
  0.931205E+000  0.431409E+000
  0.931336E+000  0.431892E+000
  0.931467E+000  0.432375E+000
  0.931599E+000  0.432857E+000
  0.931731E+000  0.433339E+000
  0.931864E+000  0.433821E+000
  0.931997E+000  0.434303E+000
  0.932130E+000  0.434785E+000
  0.932264E+000  0.435267E+000
  0.932398E+000  0.435748E+000
  0.932533E+000  0.436230E+000
  0.932668E+000  0.436711E+000
  0.932804E+000  0.437193E+000
  0.932940E+000  0.437674E+000
  0.933077E+000  0.438155E+000
  0.933214E+000  0.438636E+000
  0.933351E+000  0.439116E+000
  0.933489E+000  0.439597E+000
  0.933627E+000  0.440077E+000
  0.933765E+000  0.440558E+000
  0.933905E+000  0.441038E+000
  0.934044E+000  0.441518E+000
  0.934184E+000  0.441998E+000
  0.934324E+000  0.442478E+000
  0.934465E+000  0.442958E+000
  0.934606E+000  0.443438E+000
  0.934747E+000  0.443917E+000
  0.934889E+000  0.444397E+000
  0.935031E+000  0.444876E+000
  0.935174E+000  0.445355E+000
  0.935317E+000  0.445835E+000
  0.935460E+000  0.446314E+000
  0.935604E+000  0.446792E+000
  0.935748E+000  0.447271E+000
  0.935893E+000  0.447750E+000
  0.936038E+000  0.448228E+000
  0.936183E+000  0.448707E+000
  0.936329E+000  0.449185E+000
  0.936475E+000  0.449663E+000
  0.936621E+000  0.450141E+000
  0.936768E+000  0.450619E+000
  0.936915E+000  0.451097E+000
  0.937063E+000  0.451575E+000
  0.937211E+000  0.452052E+000
  0.937359E+000  0.452530E+000
  0.937508E+000  0.453007E+000
  0.937657E+000  0.453485E+000
  0.937806E+000  0.453962E+000
  0.937956E+000  0.454439E+000
  0.938106E+000  0.454916E+000
  0.938257E+000  0.455393E+000
  0.938408E+000  0.455869E+000
  0.938559E+000  0.456346E+000
  0.938710E+000  0.456822E+000
  0.938862E+000  0.457299E+000
  0.939014E+000  0.457775E+000
  0.939167E+000  0.458251E+000
  0.939320E+000  0.458727E+000
  0.939473E+000  0.459203E+000
  0.939626E+000  0.459679E+000
  0.939780E+000  0.460155E+000
  0.939935E+000  0.460630E+000
  0.940089E+000  0.461106E+000
  0.940244E+000  0.461581E+000
  0.940399E+000  0.462057E+000
  0.940555E+000  0.462532E+000
  0.940711E+000  0.463007E+000
  0.940867E+000  0.463482E+000
  0.941023E+000  0.463957E+000
  0.941180E+000  0.464431E+000
  0.941337E+000  0.464906E+000
  0.941495E+000  0.465381E+000
  0.941652E+000  0.465855E+000
  0.941811E+000  0.466329E+000
  0.941969E+000  0.466804E+000
  0.942128E+000  0.467278E+000
  0.942287E+000  0.467752E+000
  0.942446E+000  0.468226E+000
  0.942606E+000  0.468700E+000
  0.942766E+000  0.469173E+000
  0.942926E+000  0.469647E+000
  0.943086E+000  0.470121E+000
  0.943247E+000  0.470594E+000
  0.943408E+000  0.471067E+000
  0.943570E+000  0.471541E+000
  0.943731E+000  0.472014E+000
  0.943893E+000  0.472487E+000
  0.944056E+000  0.472960E+000
  0.944218E+000  0.473432E+000
  0.944381E+000  0.473905E+000
  0.944544E+000  0.474378E+000
  0.944708E+000  0.474850E+000
  0.944872E+000  0.475323E+000
  0.945036E+000  0.475795E+000
  0.945200E+000  0.476267E+000
  0.945364E+000  0.476739E+000
  0.945529E+000  0.477212E+000
  0.945694E+000  0.477683E+000
  0.945860E+000  0.478155E+000
  0.946026E+000  0.478627E+000
  0.946192E+000  0.479099E+000
  0.946358E+000  0.479570E+000
  0.946524E+000  0.480042E+000
  0.946691E+000  0.480513E+000
  0.946858E+000  0.480984E+000
  0.947025E+000  0.481456E+000
  0.947193E+000  0.481927E+000
  0.947361E+000  0.482398E+000
  0.947529E+000  0.482869E+000
  0.947697E+000  0.483339E+000
  0.947866E+000  0.483810E+000
  0.948035E+000  0.484281E+000
  0.948204E+000  0.484751E+000
  0.948373E+000  0.485222E+000
  0.948543E+000  0.485692E+000
  0.948713E+000  0.486162E+000
  0.948883E+000  0.486632E+000
  0.949053E+000  0.487103E+000
  0.949224E+000  0.487572E+000
  0.949395E+000  0.488042E+000
  0.949566E+000  0.488512E+000
  0.949737E+000  0.488982E+000
  0.949909E+000  0.489452E+000
  0.950081E+000  0.489921E+000
  0.950253E+000  0.490391E+000
  0.950425E+000  0.490860E+000
  0.950598E+000  0.491329E+000
  0.950770E+000  0.491798E+000
  0.950943E+000  0.492267E+000
  0.951117E+000  0.492736E+000
  0.951290E+000  0.493205E+000
  0.951464E+000  0.493674E+000
  0.951638E+000  0.494143E+000
  0.951812E+000  0.494612E+000
  0.951987E+000  0.495080E+000
  0.952161E+000  0.495549E+000
  0.952336E+000  0.496017E+000
  0.952511E+000  0.496485E+000
  0.952687E+000  0.496954E+000
  0.952862E+000  0.497422E+000
  0.953038E+000  0.497890E+000
  0.953214E+000  0.498358E+000
  0.953391E+000  0.498826E+000
  0.953567E+000  0.499294E+000
  0.953744E+000  0.499761E+000
  0.953921E+000  0.500229E+000
  0.954098E+000  0.500697E+000
  0.954275E+000  0.501164E+000
  0.954453E+000  0.501631E+000
  0.954631E+000  0.502099E+000
  0.954809E+000  0.502566E+000
  0.954987E+000  0.503033E+000
  0.955165E+000  0.503500E+000
  0.955344E+000  0.503967E+000
  0.955523E+000  0.504434E+000
  0.955702E+000  0.504901E+000
  0.955881E+000  0.505368E+000
  0.956060E+000  0.505834E+000
  0.956240E+000  0.506301E+000
  0.956420E+000  0.506768E+000
  0.956600E+000  0.507234E+000
  0.956780E+000  0.507700E+000
  0.956961E+000  0.508167E+000
  0.957142E+000  0.508633E+000
  0.957322E+000  0.509099E+000
  0.957504E+000  0.509565E+000
  0.957685E+000  0.510031E+000
  0.957866E+000  0.510497E+000
  0.958048E+000  0.510963E+000
  0.958230E+000  0.511428E+000
  0.958412E+000  0.511894E+000
  0.958594E+000  0.512360E+000
  0.958777E+000  0.512825E+000
  0.958959E+000  0.513291E+000
  0.959142E+000  0.513756E+000
  0.959325E+000  0.514221E+000
  0.959509E+000  0.514687E+000
  0.959692E+000  0.515152E+000
  0.959876E+000  0.515617E+000
  0.960059E+000  0.516082E+000
  0.960243E+000  0.516547E+000
  0.960428E+000  0.517012E+000
  0.960612E+000  0.517476E+000
  0.960796E+000  0.517941E+000
  0.960981E+000  0.518406E+000
  0.961166E+000  0.518870E+000
  0.961351E+000  0.519335E+000
  0.961537E+000  0.519799E+000
  0.961722E+000  0.520263E+000
  0.961908E+000  0.520728E+000
  0.962093E+000  0.521192E+000
  0.962279E+000  0.521656E+000
  0.962466E+000  0.522120E+000
  0.962652E+000  0.522584E+000
  0.962839E+000  0.523048E+000
  0.963025E+000  0.523512E+000
  0.963212E+000  0.523975E+000
  0.963399E+000  0.524439E+000
  0.963586E+000  0.524903E+000
  0.963774E+000  0.525366E+000
  0.963961E+000  0.525830E+000
  0.964149E+000  0.526293E+000
  0.964337E+000  0.526757E+000
  0.964525E+000  0.527220E+000
  0.964713E+000  0.527683E+000
  0.964902E+000  0.528146E+000
  0.965090E+000  0.528609E+000
  0.965279E+000  0.529072E+000
  0.965468E+000  0.529535E+000
  0.965657E+000  0.529998E+000
  0.965846E+000  0.530461E+000
  0.966036E+000  0.530924E+000
  0.966225E+000  0.531386E+000
  0.966415E+000  0.531849E+000
  0.966605E+000  0.532311E+000
  0.966795E+000  0.532774E+000
  0.966985E+000  0.533236E+000
  0.967176E+000  0.533698E+000
  0.967366E+000  0.534161E+000
  0.967557E+000  0.534623E+000
  0.967748E+000  0.535085E+000
  0.967939E+000  0.535547E+000
  0.968130E+000  0.536009E+000
  0.968322E+000  0.536471E+000
  0.968513E+000  0.536933E+000
  0.968705E+000  0.537395E+000
  0.968897E+000  0.537856E+000
  0.969089E+000  0.538318E+000
  0.969281E+000  0.538780E+000
  0.969473E+000  0.539241E+000
  0.969666E+000  0.539703E+000
  0.969858E+000  0.540164E+000
  0.970051E+000  0.540626E+000
  0.970244E+000  0.541087E+000
  0.970437E+000  0.541548E+000
  0.970630E+000  0.542009E+000
  0.970823E+000  0.542470E+000
  0.971017E+000  0.542931E+000
  0.971210E+000  0.543392E+000
  0.971404E+000  0.543853E+000
  0.971598E+000  0.544314E+000
  0.971792E+000  0.544775E+000
  0.971987E+000  0.545236E+000
  0.972181E+000  0.545696E+000
  0.972375E+000  0.546157E+000
  0.972570E+000  0.546617E+000
  0.972765E+000  0.547078E+000
  0.972960E+000  0.547538E+000
  0.973155E+000  0.547999E+000
  0.973350E+000  0.548459E+000
  0.973546E+000  0.548919E+000
  0.973741E+000  0.549379E+000
  0.973937E+000  0.549840E+000
  0.974133E+000  0.550300E+000
  0.974329E+000  0.550760E+000
  0.974525E+000  0.551220E+000
  0.974721E+000  0.551679E+000
  0.974917E+000  0.552139E+000
  0.975114E+000  0.552599E+000
  0.975311E+000  0.553059E+000
  0.975507E+000  0.553518E+000
  0.975704E+000  0.553978E+000
  0.975901E+000  0.554438E+000
  0.976098E+000  0.554897E+000
  0.976296E+000  0.555356E+000
  0.976493E+000  0.555816E+000
  0.976691E+000  0.556275E+000
  0.976889E+000  0.556734E+000
  0.977086E+000  0.557194E+000
  0.977284E+000  0.557653E+000
  0.977483E+000  0.558112E+000
  0.977681E+000  0.558571E+000
  0.977879E+000  0.559030E+000
  0.978078E+000  0.559489E+000
  0.978276E+000  0.559947E+000
  0.978475E+000  0.560406E+000
  0.978674E+000  0.560865E+000
  0.978873E+000  0.561324E+000
  0.979072E+000  0.561782E+000
  0.979272E+000  0.562241E+000
  0.979471E+000  0.562699E+000
  0.979671E+000  0.563158E+000
  0.979870E+000  0.563616E+000
  0.980070E+000  0.564074E+000
  0.980270E+000  0.564533E+000
  0.980470E+000  0.564991E+000
  0.980671E+000  0.565449E+000
  0.980871E+000  0.565907E+000
  0.981071E+000  0.566365E+000
  0.981272E+000  0.566823E+000
  0.981473E+000  0.567281E+000
  0.981673E+000  0.567739E+000
  0.981874E+000  0.568197E+000
  0.982075E+000  0.568655E+000
  0.982277E+000  0.569112E+000
  0.982478E+000  0.569570E+000
  0.982679E+000  0.570028E+000
  0.982881E+000  0.570485E+000
  0.983083E+000  0.570943E+000
  0.983284E+000  0.571400E+000
  0.983486E+000  0.571858E+000
  0.983688E+000  0.572315E+000
  0.983891E+000  0.572772E+000
  0.984093E+000  0.573230E+000
  0.984295E+000  0.573687E+000
  0.984498E+000  0.574144E+000
  0.984700E+000  0.574601E+000
  0.984903E+000  0.575058E+000
  0.985106E+000  0.575515E+000
  0.985309E+000  0.575972E+000
  0.985512E+000  0.576429E+000
  0.985715E+000  0.576886E+000
  0.985919E+000  0.577343E+000
  0.986122E+000  0.577799E+000
  0.986326E+000  0.578256E+000
  0.986529E+000  0.578713E+000
  0.986733E+000  0.579169E+000
  0.986937E+000  0.579626E+000
  0.987141E+000  0.580082E+000
  0.987345E+000  0.580539E+000
  0.987549E+000  0.580995E+000
  0.987754E+000  0.581451E+000
  0.987958E+000  0.581908E+000
  0.988163E+000  0.582364E+000
  0.988368E+000  0.582820E+000
  0.988572E+000  0.583276E+000
  0.988777E+000  0.583732E+000
  0.988982E+000  0.584188E+000
  0.989187E+000  0.584644E+000
  0.989393E+000  0.585100E+000
  0.989598E+000  0.585556E+000
  0.989804E+000  0.586012E+000
  0.990009E+000  0.586468E+000
  0.990215E+000  0.586923E+000
  0.990421E+000  0.587379E+000
  0.990627E+000  0.587835E+000
  0.990833E+000  0.588290E+000
  0.991039E+000  0.588746E+000
  0.991245E+000  0.589201E+000
  0.991451E+000  0.589657E+000
  0.991658E+000  0.590112E+000
  0.991864E+000  0.590568E+000
  0.992071E+000  0.591023E+000
  0.992278E+000  0.591478E+000
  0.992485E+000  0.591933E+000
  0.992692E+000  0.592388E+000
  0.992899E+000  0.592844E+000
  0.993106E+000  0.593299E+000
  0.993313E+000  0.593754E+000
  0.993520E+000  0.594209E+000
  0.993728E+000  0.594663E+000
  0.993936E+000  0.595118E+000
  0.994143E+000  0.595573E+000
  0.994351E+000  0.596028E+000
  0.994559E+000  0.596483E+000
  0.994767E+000  0.596937E+000
  0.994975E+000  0.597392E+000
  0.995183E+000  0.597847E+000
  0.995392E+000  0.598301E+000
  0.995600E+000  0.598756E+000
  0.995809E+000  0.599210E+000
  0.996017E+000  0.599664E+000
  0.996226E+000  0.600119E+000
  0.996435E+000  0.600573E+000
  0.996644E+000  0.601027E+000
  0.996853E+000  0.601482E+000
  0.997062E+000  0.601936E+000
  0.997271E+000  0.602390E+000
  0.997480E+000  0.602844E+000
  0.997690E+000  0.603298E+000
  0.997899E+000  0.603752E+000
  0.998109E+000  0.604206E+000
  0.998318E+000  0.604660E+000
  0.998528E+000  0.605114E+000
  0.998738E+000  0.605568E+000
  0.998948E+000  0.606021E+000
  0.999158E+000  0.606475E+000
  0.999368E+000  0.606929E+000
  0.999579E+000  0.607382E+000
  0.999789E+000  0.607836E+000
  0.100000E+001  0.608289E+000
  0.100021E+001  0.608743E+000
