  0.724750E-002  0.883295E-002  0.193971E+000
  0.724750E-002  0.803719E-001  0.176496E+001
  0.134950E-001  0.164481E-001  0.193983E+000
  0.134950E-001  0.113033E+000  0.133307E+001
  0.197425E-001  0.240650E-001  0.194001E+000
  0.197425E-001  0.140613E+000  0.113356E+001
  0.259900E-001  0.316845E-001  0.194026E+000
  0.259900E-001  0.165600E+000  0.101408E+001
  0.322375E-001  0.393073E-001  0.194058E+000
  0.322375E-001  0.188948E+000  0.932826E+000
  0.384850E-001  0.469343E-001  0.194097E+000
  0.384850E-001  0.211127E+000  0.873115E+000
  0.447325E-001  0.545665E-001  0.194144E+000
  0.447325E-001  0.232402E+000  0.826869E+000
  0.509800E-001  0.622047E-001  0.194197E+000
  0.509800E-001  0.252940E+000  0.789656E+000
  0.572275E-001  0.698494E-001  0.194258E+000
  0.572275E-001  0.272855E+000  0.758835E+000
  0.634750E-001  0.775021E-001  0.194326E+000
  0.634750E-001  0.292229E+000  0.732724E+000
  0.697225E-001  0.851637E-001  0.194402E+000
  0.697225E-001  0.311125E+000  0.710203E+000
  0.759700E-001  0.928347E-001  0.194486E+000
  0.759700E-001  0.329596E+000  0.690494E+000
  0.822175E-001  0.100517E+000  0.194578E+000
  0.822175E-001  0.347682E+000  0.673036E+000
  0.884650E-001  0.108210E+000  0.194678E+000
  0.884650E-001  0.365421E+000  0.657418E+000
  0.947125E-001  0.115917E+000  0.194787E+000
  0.947125E-001  0.382842E+000  0.643328E+000
  0.100960E+000  0.123638E+000  0.194905E+000
  0.100960E+000  0.399974E+000  0.630525E+000
  0.107208E+000  0.131374E+000  0.195032E+000
  0.107208E+000  0.416840E+000  0.618821E+000
  0.113455E+000  0.139127E+000  0.195168E+000
  0.113455E+000  0.433463E+000  0.608063E+000
  0.119703E+000  0.146899E+000  0.195315E+000
  0.119703E+000  0.449860E+000  0.598128E+000
  0.125950E+000  0.154690E+000  0.195472E+000
  0.125950E+000  0.466049E+000  0.588917E+000
  0.132198E+000  0.162502E+000  0.195640E+000
  0.132198E+000  0.482046E+000  0.580344E+000
  0.138445E+000  0.170338E+000  0.195819E+000
  0.138445E+000  0.497865E+000  0.572341E+000
  0.144693E+000  0.178200E+000  0.196011E+000
  0.144693E+000  0.513518E+000  0.564846E+000
  0.150940E+000  0.186088E+000  0.196216E+000
  0.150940E+000  0.529017E+000  0.557809E+000
  0.157188E+000  0.360863E-001  0.365380E-001
  0.157188E+000  0.194007E+000  0.196435E+000
  0.157188E+000  0.544373E+000  0.551187E+000
  0.163435E+000  0.639005E-001  0.622271E-001
  0.163435E+000  0.201959E+000  0.196670E+000
  0.163435E+000  0.559595E+000  0.544940E+000
  0.169683E+000  0.836108E-001  0.784234E-001
  0.169683E+000  0.209946E+000  0.196920E+000
  0.169683E+000  0.574692E+000  0.539036E+000
  0.175930E+000  0.100114E+000  0.905681E-001
  0.175930E+000  0.217972E+000  0.197189E+000
  0.175930E+000  0.589672E+000  0.533446E+000
  0.182178E+000  0.114795E+000  0.100288E+000
  0.182178E+000  0.226043E+000  0.197477E+000
  0.182178E+000  0.604541E+000  0.528143E+000
  0.188425E+000  0.128277E+000  0.108350E+000
  0.188425E+000  0.234162E+000  0.197787E+000
  0.188425E+000  0.619309E+000  0.523105E+000
  0.194673E+000  0.140899E+000  0.115192E+000
  0.194673E+000  0.242333E+000  0.198120E+000
  0.194673E+000  0.633978E+000  0.518310E+000
  0.200920E+000  0.152873E+000  0.121095E+000
  0.200920E+000  0.250566E+000  0.198481E+000
  0.200920E+000  0.648558E+000  0.513743E+000
  0.207168E+000  0.164339E+000  0.126252E+000
  0.207168E+000  0.258866E+000  0.198872E+000
  0.207168E+000  0.663052E+000  0.509385E+000
  0.213415E+000  0.175395E+000  0.130801E+000
  0.213415E+000  0.267244E+000  0.199298E+000
  0.213415E+000  0.677465E+000  0.505221E+000
  0.219663E+000  0.186115E+000  0.134849E+000
  0.219663E+000  0.275710E+000  0.199764E+000
  0.219663E+000  0.691801E+000  0.501240E+000
  0.225910E+000  0.196554E+000  0.138473E+000
  0.225910E+000  0.284280E+000  0.200277E+000
  0.225910E+000  0.706065E+000  0.497427E+000
  0.232158E+000  0.206756E+000  0.141741E+000
  0.232158E+000  0.292972E+000  0.200846E+000
  0.232158E+000  0.720261E+000  0.493773E+000
  0.238405E+000  0.216758E+000  0.144704E+000
  0.238405E+000  0.301807E+000  0.201481E+000
  0.238405E+000  0.734393E+000  0.490268E+000
  0.244653E+000  0.226588E+000  0.147403E+000
  0.244653E+000  0.310818E+000  0.202198E+000
  0.244653E+000  0.748464E+000  0.486902E+000
  0.250900E+000  0.236273E+000  0.149877E+000
  0.250900E+000  0.320043E+000  0.203015E+000
  0.250900E+000  0.762475E+000  0.483666E+000
  0.257148E+000  0.245836E+000  0.152154E+000
  0.257148E+000  0.329537E+000  0.203959E+000
  0.257148E+000  0.776433E+000  0.480553E+000
  0.263395E+000  0.255297E+000  0.154262E+000
  0.263395E+000  0.339375E+000  0.205065E+000
  0.263395E+000  0.790337E+000  0.477557E+000
  0.269643E+000  0.264679E+000  0.156225E+000
  0.269643E+000  0.349663E+000  0.206387E+000
  0.269643E+000  0.804192E+000  0.474670E+000
  0.275890E+000  0.274003E+000  0.158066E+000
  0.275890E+000  0.360559E+000  0.207999E+000
  0.275890E+000  0.817999E+000  0.471886E+000
  0.282138E+000  0.283291E+000  0.159806E+000
  0.282138E+000  0.372300E+000  0.210016E+000
  0.282138E+000  0.831761E+000  0.469200E+000
  0.288385E+000  0.292569E+000  0.161464E+000
  0.288385E+000  0.385258E+000  0.212618E+000
  0.288385E+000  0.845479E+000  0.466606E+000
  0.294633E+000  0.301871E+000  0.163065E+000
  0.294633E+000  0.400036E+000  0.216092E+000
  0.294633E+000  0.859155E+000  0.464100E+000
  0.300880E+000  0.311239E+000  0.164634E+000
  0.300880E+000  0.417615E+000  0.220904E+000
  0.300880E+000  0.872792E+000  0.461677E+000
  0.307127E+000  0.320725E+000  0.166201E+000
  0.307127E+000  0.439512E+000  0.227757E+000
  0.307127E+000  0.886392E+000  0.459333E+000
  0.313375E+000  0.330409E+000  0.167806E+000
  0.313375E+000  0.467465E+000  0.237413E+000
  0.313375E+000  0.899956E+000  0.457064E+000
  0.319623E+000  0.340397E+000  0.169499E+000
  0.319623E+000  0.501645E+000  0.249792E+000
  0.319623E+000  0.913485E+000  0.454867E+000
  0.325870E+000  0.350823E+000  0.171342E+000
  0.325870E+000  0.538989E+000  0.263242E+000
  0.325870E+000  0.926982E+000  0.452738E+000
  0.332118E+000  0.361831E+000  0.173394E+000
  0.332118E+000  0.575740E+000  0.275902E+000
  0.332118E+000  0.940445E+000  0.450673E+000
  0.338365E+000  0.226718E+000  0.106640E+000
  0.338365E+000  0.373469E+000  0.175666E+000
  0.338365E+000  0.610156E+000  0.286996E+000
  0.338365E+000  0.953879E+000  0.448671E+000
  0.344613E+000  0.987226E-001  0.455938E-001
  0.344613E+000  0.306162E+000  0.141397E+000
  0.344613E+000  0.385555E+000  0.178064E+000
  0.344613E+000  0.641997E+000  0.296498E+000
  0.344613E+000  0.967284E+000  0.446728E+000
  0.350860E+000  0.338400E+000  0.153503E+000
  0.350860E+000  0.397697E+000  0.180401E+000
  0.350860E+000  0.671545E+000  0.304622E+000
  0.350860E+000  0.980659E+000  0.444841E+000
  0.357108E+000  0.357008E+000  0.159111E+000
  0.357108E+000  0.409527E+000  0.182517E+000
  0.357108E+000  0.699160E+000  0.311600E+000
  0.357108E+000  0.994010E+000  0.443008E+000
  0.363355E+000  0.370854E+000  0.162439E+000
  0.363355E+000  0.420877E+000  0.184350E+000
  0.363355E+000  0.725167E+000  0.317634E+000
  0.363355E+000  0.100733E+001  0.441227E+000
  0.369603E+000  0.382463E+000  0.164693E+000
  0.369603E+000  0.431744E+000  0.185914E+000
  0.369603E+000  0.749833E+000  0.322886E+000
  0.369603E+000  0.102063E+001  0.439496E+000
  0.375850E+000  0.392869E+000  0.166362E+000
  0.375850E+000  0.442187E+000  0.187245E+000
  0.375850E+000  0.773369E+000  0.327486E+000
  0.375850E+000  0.103391E+001  0.437812E+000
  0.382098E+000  0.402558E+000  0.167678E+000
  0.382098E+000  0.452286E+000  0.188390E+000
  0.382098E+000  0.795944E+000  0.331534E+000
  0.382098E+000  0.104716E+001  0.436173E+000
  0.388345E+000  0.411791E+000  0.168764E+000
  0.388345E+000  0.462108E+000  0.189385E+000
  0.388345E+000  0.817693E+000  0.335114E+000
  0.388345E+000  0.106039E+001  0.434578E+000
  0.394593E+000  0.420715E+000  0.169691E+000
  0.394593E+000  0.471712E+000  0.190261E+000
  0.394593E+000  0.838727E+000  0.338292E+000
  0.394593E+000  0.107360E+001  0.433025E+000
  0.400840E+000  0.481142E+000  0.191039E+000
  0.400840E+000  0.859137E+000  0.341124E+000
  0.400840E+000  0.108679E+001  0.431513E+000
  0.407088E+000  0.490435E+000  0.191741E+000
  0.407088E+000  0.878997E+000  0.343653E+000
  0.407088E+000  0.109996E+001  0.430039E+000
  0.413335E+000  0.499618E+000  0.192378E+000
  0.413335E+000  0.898370E+000  0.345918E+000
  0.413335E+000  0.111311E+001  0.428602E+000
  0.419583E+000  0.508713E+000  0.192964E+000
  0.419583E+000  0.917308E+000  0.347951E+000
  0.419583E+000  0.112624E+001  0.427202E+000
  0.425830E+000  0.517740E+000  0.193506E+000
  0.425830E+000  0.935856E+000  0.349778E+000
  0.425830E+000  0.113935E+001  0.425836E+000
  0.432078E+000  0.471125E+000  0.173538E+000
  0.432078E+000  0.526709E+000  0.194012E+000
  0.432078E+000  0.954054E+000  0.351424E+000
  0.432078E+000  0.115245E+001  0.424503E+000
  0.438325E+000  0.479255E+000  0.174017E+000
  0.438325E+000  0.535636E+000  0.194488E+000
  0.438325E+000  0.971933E+000  0.352907E+000
  0.438325E+000  0.116553E+001  0.423203E+000
  0.444573E+000  0.487343E+000  0.174466E+000
  0.444573E+000  0.544531E+000  0.194939E+000
  0.444573E+000  0.989525E+000  0.354246E+000
  0.444573E+000  0.117860E+001  0.421933E+000
  0.450820E+000  0.495393E+000  0.174891E+000
  0.450820E+000  0.553398E+000  0.195369E+000
  0.450820E+000  0.100685E+001  0.355454E+000
  0.450820E+000  0.119165E+001  0.420694E+000
  0.457068E+000  0.503413E+000  0.175293E+000
  0.457068E+000  0.562249E+000  0.195780E+000
  0.457068E+000  0.102394E+001  0.356545E+000
  0.457068E+000  0.120469E+001  0.419483E+000
  0.463315E+000  0.511408E+000  0.175676E+000
  0.463315E+000  0.571087E+000  0.196176E+000
  0.463315E+000  0.104081E+001  0.357532E+000
  0.463315E+000  0.121771E+001  0.418301E+000
  0.469563E+000  0.519379E+000  0.176040E+000
  0.469563E+000  0.579917E+000  0.196559E+000
  0.469563E+000  0.105748E+001  0.358424E+000
  0.469563E+000  0.123072E+001  0.417145E+000
  0.475810E+000  0.527331E+000  0.176388E+000
  0.475810E+000  0.588746E+000  0.196931E+000
  0.475810E+000  0.107395E+001  0.359229E+000
  0.475810E+000  0.124372E+001  0.416016E+000
  0.482058E+000  0.535268E+000  0.176723E+000
  0.482058E+000  0.597576E+000  0.197294E+000
  0.482058E+000  0.109026E+001  0.359957E+000
  0.482058E+000  0.125671E+001  0.414911E+000
  0.488305E+000  0.543192E+000  0.177045E+000
  0.488305E+000  0.606412E+000  0.197650E+000
  0.488305E+000  0.110640E+001  0.360614E+000
  0.488305E+000  0.126968E+001  0.413832E+000
  0.494553E+000  0.551104E+000  0.177354E+000
  0.494553E+000  0.615259E+000  0.198000E+000
  0.494553E+000  0.112240E+001  0.361206E+000
  0.494553E+000  0.128264E+001  0.412775E+000
  0.500800E+000  0.559007E+000  0.177653E+000
  0.500800E+000  0.624119E+000  0.198346E+000
  0.500800E+000  0.113826E+001  0.361739E+000
  0.500800E+000  0.129560E+001  0.411742E+000
  0.507047E+000  0.566900E+000  0.177942E+000
  0.507047E+000  0.632996E+000  0.198688E+000
  0.507047E+000  0.115399E+001  0.362220E+000
  0.507047E+000  0.130854E+001  0.410732E+000
  0.513295E+000  0.574789E+000  0.178222E+000
  0.513295E+000  0.641891E+000  0.199028E+000
  0.513295E+000  0.116959E+001  0.362651E+000
  0.513295E+000  0.132147E+001  0.409742E+000
  0.519543E+000  0.582671E+000  0.178494E+000
  0.519543E+000  0.650812E+000  0.199368E+000
  0.519543E+000  0.118509E+001  0.363037E+000
  0.519543E+000  0.133439E+001  0.408774E+000
  0.525790E+000  0.590551E+000  0.178758E+000
  0.525790E+000  0.659757E+000  0.199706E+000
  0.525790E+000  0.120048E+001  0.363382E+000
  0.525790E+000  0.134731E+001  0.407826E+000
  0.532038E+000  0.890768E-001  0.266466E-001
  0.532038E+000  0.598429E+000  0.179015E+000
  0.532038E+000  0.668733E+000  0.200046E+000
  0.532038E+000  0.121578E+001  0.363690E+000
  0.532038E+000  0.136021E+001  0.406897E+000
  0.538285E+000  0.125536E+000  0.371172E-001
  0.538285E+000  0.606304E+000  0.179266E+000
  0.538285E+000  0.677741E+000  0.200388E+000
  0.538285E+000  0.123098E+001  0.363963E+000
  0.538285E+000  0.137311E+001  0.405989E+000
  0.544533E+000  0.154391E+000  0.451250E-001
  0.544533E+000  0.614181E+000  0.179512E+000
  0.544533E+000  0.686785E+000  0.200732E+000
  0.544533E+000  0.124609E+001  0.364205E+000
  0.544533E+000  0.138600E+001  0.405098E+000
  0.550780E+000  0.179337E+000  0.518218E-001
  0.550780E+000  0.622057E+000  0.179751E+000
  0.550780E+000  0.695869E+000  0.201080E+000
  0.550780E+000  0.126112E+001  0.364417E+000
  0.550780E+000  0.139889E+001  0.404226E+000
  0.557028E+000  0.201819E+000  0.576641E-001
  0.557028E+000  0.629938E+000  0.179987E+000
  0.557028E+000  0.704997E+000  0.201433E+000
  0.557028E+000  0.127608E+001  0.364603E+000
  0.557028E+000  0.141176E+001  0.403371E+000
  0.563275E+000  0.222573E+000  0.628887E-001
  0.563275E+000  0.637820E+000  0.180218E+000
  0.563275E+000  0.714172E+000  0.201791E+000
  0.563275E+000  0.129096E+001  0.364764E+000
  0.563275E+000  0.142463E+001  0.402533E+000
  0.569523E+000  0.242038E+000  0.676385E-001
  0.569523E+000  0.645704E+000  0.180444E+000
  0.569523E+000  0.723397E+000  0.202156E+000
  0.569523E+000  0.130577E+001  0.364903E+000
  0.569523E+000  0.143749E+001  0.401713E+000
  0.575770E+000  0.260497E+000  0.720067E-001
  0.575770E+000  0.653596E+000  0.180668E+000
  0.575770E+000  0.732679E+000  0.202528E+000
  0.575770E+000  0.132052E+001  0.365021E+000
  0.575770E+000  0.145035E+001  0.400907E+000
  0.582018E+000  0.278144E+000  0.760595E-001
  0.582018E+000  0.661491E+000  0.180887E+000
  0.582018E+000  0.742022E+000  0.202909E+000
  0.582018E+000  0.133521E+001  0.365119E+000
  0.582018E+000  0.146320E+001  0.400118E+000
  0.588265E+000  0.295119E+000  0.798443E-001
  0.588265E+000  0.669393E+000  0.181104E+000
  0.588265E+000  0.751431E+000  0.203299E+000
  0.588265E+000  0.134984E+001  0.365200E+000
  0.588265E+000  0.147605E+001  0.399345E+000
  0.594512E+000  0.311529E+000  0.833983E-001
  0.594512E+000  0.677300E+000  0.181318E+000
  0.594512E+000  0.760909E+000  0.203700E+000
  0.594512E+000  0.136442E+001  0.365264E+000
  0.594512E+000  0.148889E+001  0.398586E+000
  0.600760E+000  0.327456E+000  0.867504E-001
  0.600760E+000  0.685217E+000  0.181529E+000
  0.600760E+000  0.770465E+000  0.204114E+000
  0.600760E+000  0.137894E+001  0.365314E+000
  0.600760E+000  0.150173E+001  0.397842E+000
  0.607008E+000  0.342961E+000  0.899230E-001
  0.607008E+000  0.693141E+000  0.181739E+000
  0.607008E+000  0.780105E+000  0.204540E+000
  0.607008E+000  0.139342E+001  0.365350E+000
  0.607008E+000  0.151456E+001  0.397112E+000
  0.613255E+000  0.358102E+000  0.929363E-001
  0.613255E+000  0.701075E+000  0.181946E+000
  0.613255E+000  0.789832E+000  0.204981E+000
  0.613255E+000  0.140785E+001  0.365372E+000
  0.613255E+000  0.152739E+001  0.396396E+000
  0.619503E+000  0.372916E+000  0.958050E-001
  0.619503E+000  0.709017E+000  0.182152E+000
  0.619503E+000  0.799660E+000  0.205439E+000
  0.619503E+000  0.142224E+001  0.365384E+000
  0.619503E+000  0.154022E+001  0.395694E+000
  0.625750E+000  0.387439E+000  0.985424E-001
  0.625750E+000  0.716969E+000  0.182356E+000
  0.625750E+000  0.809591E+000  0.205914E+000
  0.625750E+000  0.143658E+001  0.365384E+000
  0.625750E+000  0.155304E+001  0.395004E+000
  0.631998E+000  0.401705E+000  0.101161E+000
  0.631998E+000  0.724934E+000  0.182559E+000
  0.631998E+000  0.819637E+000  0.206408E+000
  0.631998E+000  0.145088E+001  0.365374E+000
  0.631998E+000  0.156586E+001  0.394328E+000
  0.638245E+000  0.415736E+000  0.103669E+000
  0.638245E+000  0.732908E+000  0.182761E+000
  0.638245E+000  0.829808E+000  0.206924E+000
  0.638245E+000  0.146515E+001  0.365355E+000
  0.638245E+000  0.157868E+001  0.393664E+000
  0.644493E+000  0.429553E+000  0.106077E+000
  0.644493E+000  0.740898E+000  0.182962E+000
  0.644493E+000  0.840115E+000  0.207463E+000
  0.644493E+000  0.147938E+001  0.365328E+000
  0.644493E+000  0.159149E+001  0.393012E+000
  0.650740E+000  0.443176E+000  0.108390E+000
  0.650740E+000  0.748899E+000  0.183162E+000
  0.650740E+000  0.850568E+000  0.208028E+000
  0.650740E+000  0.149358E+001  0.365292E+000
  0.650740E+000  0.160430E+001  0.392372E+000
  0.656988E+000  0.456624E+000  0.110617E+000
  0.656988E+000  0.756912E+000  0.183362E+000
  0.656988E+000  0.861183E+000  0.208621E+000
  0.656988E+000  0.150774E+001  0.365250E+000
  0.656988E+000  0.161711E+001  0.391744E+000
  0.663235E+000  0.469906E+000  0.112762E+000
  0.663235E+000  0.764939E+000  0.183561E+000
  0.663235E+000  0.871969E+000  0.209244E+000
  0.663235E+000  0.152187E+001  0.365200E+000
  0.663235E+000  0.162992E+001  0.391128E+000
  0.669483E+000  0.483042E+000  0.114833E+000
  0.669483E+000  0.772984E+000  0.183760E+000
  0.669483E+000  0.882948E+000  0.209902E+000
  0.669483E+000  0.153598E+001  0.365145E+000
  0.669483E+000  0.164273E+001  0.390522E+000
  0.675730E+000  0.496036E+000  0.116832E+000
  0.675730E+000  0.781043E+000  0.183959E+000
  0.675730E+000  0.894134E+000  0.210596E+000
  0.675730E+000  0.155005E+001  0.365084E+000
  0.675730E+000  0.165553E+001  0.389928E+000
  0.681978E+000  0.508905E+000  0.118765E+000
  0.681978E+000  0.789116E+000  0.184158E+000
  0.681978E+000  0.905544E+000  0.211329E+000
  0.681978E+000  0.156410E+001  0.365018E+000
  0.681978E+000  0.166834E+001  0.389344E+000
  0.688225E+000  0.521654E+000  0.120635E+000
  0.688225E+000  0.797208E+000  0.184358E+000
  0.688225E+000  0.917205E+000  0.212107E+000
  0.688225E+000  0.157812E+001  0.364947E+000
  0.688225E+000  0.168114E+001  0.388771E+000
  0.694473E+000  0.534294E+000  0.122446E+000
  0.694473E+000  0.805316E+000  0.184557E+000
  0.694473E+000  0.929137E+000  0.212934E+000
  0.694473E+000  0.159212E+001  0.364872E+000
  0.694473E+000  0.169394E+001  0.388208E+000
  0.700720E+000  0.546829E+000  0.124202E+000
  0.700720E+000  0.813442E+000  0.184758E+000
  0.700720E+000  0.941365E+000  0.213813E+000
  0.700720E+000  0.160609E+001  0.364792E+000
  0.700720E+000  0.170675E+001  0.387655E+000
  0.706968E+000  0.559271E+000  0.125905E+000
  0.706968E+000  0.821589E+000  0.184959E+000
  0.706968E+000  0.953920E+000  0.214750E+000
  0.706968E+000  0.162004E+001  0.364709E+000
  0.706968E+000  0.171955E+001  0.387112E+000
  0.713215E+000  0.571626E+000  0.127559E+000
  0.713215E+000  0.829752E+000  0.185160E+000
  0.713215E+000  0.966830E+000  0.215749E+000
  0.713215E+000  0.163397E+001  0.364623E+000
  0.713215E+000  0.173236E+001  0.386578E+000
  0.719463E+000  0.583895E+000  0.129166E+000
  0.719463E+000  0.837937E+000  0.185363E+000
  0.719463E+000  0.980127E+000  0.216818E+000
  0.719463E+000  0.164788E+001  0.364534E+000
  0.719463E+000  0.174516E+001  0.386053E+000
  0.725710E+000  0.596090E+000  0.130728E+000
  0.725710E+000  0.846143E+000  0.185567E+000
  0.725710E+000  0.993848E+000  0.217960E+000
  0.725710E+000  0.166177E+001  0.364441E+000
  0.725710E+000  0.175797E+001  0.385538E+000
  0.731958E+000  0.608211E+000  0.132248E+000
  0.731958E+000  0.854370E+000  0.185772E+000
  0.731958E+000  0.100803E+001  0.219183E+000
  0.731958E+000  0.167564E+001  0.364347E+000
  0.731958E+000  0.177077E+001  0.385032E+000
  0.738205E+000  0.620265E+000  0.133727E+000
  0.738205E+000  0.862616E+000  0.185978E+000
  0.738205E+000  0.102271E+001  0.220494E+000
  0.738205E+000  0.168949E+001  0.364250E+000
  0.738205E+000  0.178358E+001  0.384535E+000
  0.744453E+000  0.632260E+000  0.135170E+000
  0.744453E+000  0.870890E+000  0.186186E+000
  0.744453E+000  0.103793E+001  0.221897E+000
  0.744453E+000  0.170333E+001  0.364151E+000
  0.744453E+000  0.179639E+001  0.384047E+000
  0.750700E+000  0.644193E+000  0.136575E+000
  0.750700E+000  0.879183E+000  0.186395E+000
  0.750700E+000  0.105373E+001  0.223401E+000
  0.750700E+000  0.171714E+001  0.364050E+000
  0.750700E+000  0.180920E+001  0.383566E+000
  0.756948E+000  0.656077E+000  0.137946E+000
  0.756948E+000  0.887505E+000  0.186606E+000
  0.756948E+000  0.107015E+001  0.225008E+000
  0.756948E+000  0.173095E+001  0.363947E+000
  0.756948E+000  0.182201E+001  0.383094E+000
  0.763195E+000  0.667911E+000  0.139285E+000
  0.763195E+000  0.895848E+000  0.186818E+000
  0.763195E+000  0.108722E+001  0.226726E+000
  0.763195E+000  0.174473E+001  0.363843E+000
  0.763195E+000  0.183483E+001  0.382631E+000
  0.769443E+000  0.679702E+000  0.140593E+000
  0.769443E+000  0.904220E+000  0.187033E+000
  0.769443E+000  0.110496E+001  0.228555E+000
  0.769443E+000  0.175851E+001  0.363738E+000
  0.769443E+000  0.184765E+001  0.382175E+000
  0.775690E+000  0.691453E+000  0.141871E+000
  0.775690E+000  0.912618E+000  0.187250E+000
  0.775690E+000  0.112340E+001  0.230498E+000
  0.775690E+000  0.177227E+001  0.363631E+000
  0.775690E+000  0.186046E+001  0.381727E+000
  0.781938E+000  0.703166E+000  0.143122E+000
  0.781938E+000  0.921045E+000  0.187469E+000
  0.781938E+000  0.114255E+001  0.232553E+000
  0.781938E+000  0.178601E+001  0.363523E+000
  0.781938E+000  0.187329E+001  0.381287E+000
  0.788185E+000  0.714848E+000  0.144346E+000
  0.788185E+000  0.929501E+000  0.187690E+000
  0.788185E+000  0.116238E+001  0.234715E+000
  0.788185E+000  0.179974E+001  0.363414E+000
  0.788185E+000  0.188611E+001  0.380854E+000
  0.794433E+000  0.726500E+000  0.145546E+000
  0.794433E+000  0.937987E+000  0.187914E+000
  0.794433E+000  0.118289E+001  0.236978E+000
  0.794433E+000  0.189894E+001  0.380429E+000
  0.800680E+000  0.738131E+000  0.146722E+000
  0.800680E+000  0.946503E+000  0.188141E+000
  0.800680E+000  0.120403E+001  0.239332E+000
  0.800680E+000  0.182716E+001  0.363194E+000
  0.800680E+000  0.191177E+001  0.380011E+000
  0.806928E+000  0.498616E-001  0.983450E-002
  0.806928E+000  0.749745E+000  0.147876E+000
  0.806928E+000  0.955054E+000  0.188371E+000
  0.806928E+000  0.122575E+001  0.241763E+000
  0.806928E+000  0.184086E+001  0.363083E+000
  0.806928E+000  0.192460E+001  0.379601E+000
  0.813175E+000  0.121751E+000  0.238292E-001
  0.813175E+000  0.761347E+000  0.149011E+000
  0.813175E+000  0.963637E+000  0.188603E+000
  0.813175E+000  0.124799E+001  0.244256E+000
  0.813175E+000  0.185454E+001  0.362971E+000
  0.813175E+000  0.193744E+001  0.379197E+000
  0.819423E+000  0.166106E+000  0.322625E-001
  0.819423E+000  0.772941E+000  0.150127E+000
  0.819423E+000  0.972257E+000  0.188840E+000
  0.819423E+000  0.127066E+001  0.246797E+000
  0.819423E+000  0.186821E+001  0.362859E+000
  0.819423E+000  0.195028E+001  0.378800E+000
  0.825670E+000  0.202184E+000  0.389727E-001
  0.825670E+000  0.784533E+000  0.151225E+000
  0.825670E+000  0.980914E+000  0.189079E+000
  0.825670E+000  0.129368E+001  0.249368E+000
  0.825670E+000  0.188187E+001  0.362746E+000
  0.825670E+000  0.196313E+001  0.378410E+000
  0.831918E+000  0.234128E+000  0.447912E-001
  0.831918E+000  0.989609E+000  0.189323E+000
  0.831918E+000  0.131697E+001  0.251951E+000
  0.831918E+000  0.189552E+001  0.362634E+000
  0.831918E+000  0.197598E+001  0.378027E+000
  0.838165E+000  0.263850E+000  0.501012E-001
  0.838165E+000  0.807752E+000  0.153380E+000
  0.838165E+000  0.998346E+000  0.189571E+000
  0.838165E+000  0.134045E+001  0.254532E+000
  0.838165E+000  0.190916E+001  0.362521E+000
  0.838165E+000  0.198884E+001  0.377650E+000
  0.844413E+000  0.292656E+000  0.551598E-001
  0.844413E+000  0.819395E+000  0.154440E+000
  0.844413E+000  0.100712E+001  0.189823E+000
  0.844413E+000  0.136405E+001  0.257096E+000
  0.844413E+000  0.192279E+001  0.362408E+000
  0.844413E+000  0.200170E+001  0.377280E+000
  0.850660E+000  0.321901E+000  0.602263E-001
  0.850660E+000  0.831075E+000  0.155491E+000
  0.850660E+000  0.101595E+001  0.190079E+000
  0.850660E+000  0.138769E+001  0.259632E+000
  0.850660E+000  0.193641E+001  0.362295E+000
  0.850660E+000  0.201456E+001  0.376916E+000
  0.856908E+000  0.353792E+000  0.657104E-001
  0.856908E+000  0.842808E+000  0.156536E+000
  0.856908E+000  0.102482E+001  0.190341E+000
  0.856908E+000  0.141133E+001  0.262129E+000
  0.856908E+000  0.195002E+001  0.362181E+000
  0.856908E+000  0.202743E+001  0.376558E+000
  0.863155E+000  0.394358E+000  0.727147E-001
  0.863155E+000  0.854609E+000  0.157579E+000
  0.863155E+000  0.103374E+001  0.190608E+000
  0.863155E+000  0.143490E+001  0.264578E+000
  0.863155E+000  0.204030E+001  0.376207E+000
  0.869403E+000  0.513644E+000  0.940288E-001
  0.869403E+000  0.866500E+000  0.158624E+000
  0.869403E+000  0.104271E+001  0.190881E+000
  0.869403E+000  0.145838E+001  0.266974E+000
  0.869403E+000  0.197722E+001  0.361955E+000
  0.869403E+000  0.205319E+001  0.375861E+000
  0.875650E+000  0.878502E+000  0.159673E+000
  0.875650E+000  0.105174E+001  0.191160E+000
  0.875650E+000  0.148171E+001  0.269311E+000
  0.875650E+000  0.199081E+001  0.361842E+000
  0.875650E+000  0.206607E+001  0.375522E+000
  0.881898E+000  0.106082E+001  0.191445E+000
  0.881898E+000  0.150489E+001  0.271586E+000
  0.881898E+000  0.200439E+001  0.361729E+000
  0.881898E+000  0.207896E+001  0.375188E+000
  0.888145E+000  0.902949E+000  0.161808E+000
  0.888145E+000  0.106997E+001  0.191738E+000
  0.888145E+000  0.152789E+001  0.273796E+000
  0.888145E+000  0.209186E+001  0.374860E+000
  0.894393E+000  0.915443E+000  0.162901E+000
  0.894393E+000  0.107918E+001  0.192038E+000
  0.894393E+000  0.155069E+001  0.275942E+000
  0.894393E+000  0.203152E+001  0.361503E+000
  0.894393E+000  0.210477E+001  0.374538E+000
  0.900640E+000  0.928148E+000  0.164016E+000
  0.900640E+000  0.108847E+001  0.192347E+000
  0.900640E+000  0.157329E+001  0.278021E+000
  0.900640E+000  0.204507E+001  0.361391E+000
  0.900640E+000  0.211768E+001  0.374221E+000
  0.906888E+000  0.941059E+000  0.165152E+000
  0.906888E+000  0.109782E+001  0.192663E+000
  0.906888E+000  0.159568E+001  0.280035E+000
  0.906888E+000  0.205862E+001  0.361279E+000
  0.913135E+000  0.954153E+000  0.166304E+000
  0.913135E+000  0.110726E+001  0.192989E+000
  0.913135E+000  0.161786E+001  0.281985E+000
  0.913135E+000  0.207215E+001  0.361166E+000
  0.919383E+000  0.250500E+000  0.433642E-001
  0.919383E+000  0.400162E+000  0.692724E-001
  0.919383E+000  0.111678E+001  0.193326E+000
  0.919383E+000  0.163982E+001  0.283871E+000
  0.919383E+000  0.215645E+001  0.373304E+000
  0.925630E+000  0.196631E+000  0.338091E-001
  0.925630E+000  0.431943E+000  0.742693E-001
  0.925630E+000  0.980652E+000  0.168616E+000
  0.925630E+000  0.112638E+001  0.193672E+000
  0.925630E+000  0.166157E+001  0.285694E+000
  0.925630E+000  0.209921E+001  0.360943E+000
  0.931878E+000  0.148962E+000  0.254412E-001
  0.931878E+000  0.455772E+000  0.778411E-001
  0.931878E+000  0.993908E+000  0.169749E+000
  0.931878E+000  0.113608E+001  0.194030E+000
  0.931878E+000  0.168311E+001  0.287458E+000
  0.931878E+000  0.211273E+001  0.360832E+000
  0.938125E+000  0.993921E-001  0.168621E-001
  0.938125E+000  0.476179E+000  0.807848E-001
  0.938125E+000  0.100706E+001  0.170850E+000
  0.938125E+000  0.114588E+001  0.194401E+000
  0.938125E+000  0.170444E+001  0.289162E+000
  0.938125E+000  0.212624E+001  0.360721E+000
  0.944373E+000  0.494641E+000  0.833617E-001
  0.944373E+000  0.102004E+001  0.171908E+000
  0.944373E+000  0.115578E+001  0.194783E+000
  0.944373E+000  0.172557E+001  0.290810E+000
  0.944373E+000  0.213974E+001  0.360611E+000
  0.950620E+000  0.511835E+000  0.856927E-001
  0.950620E+000  0.103283E+001  0.172918E+000
  0.950620E+000  0.116579E+001  0.195179E+000
  0.950620E+000  0.174650E+001  0.292402E+000
  0.950620E+000  0.222121E+001  0.371880E+000
  0.956868E+000  0.528127E+000  0.878429E-001
  0.956868E+000  0.104538E+001  0.173877E+000
  0.956868E+000  0.117592E+001  0.195590E+000
  0.956868E+000  0.176723E+001  0.293942E+000
  0.956868E+000  0.223419E+001  0.371611E+000
  0.963115E+000  0.543738E+000  0.898528E-001
  0.963115E+000  0.118617E+001  0.196014E+000
  0.963115E+000  0.178777E+001  0.295430E+000
  0.963115E+000  0.218022E+001  0.360281E+000
  0.969363E+000  0.558815E+000  0.917492E-001
  0.969363E+000  0.119655E+001  0.196456E+000
  0.969363E+000  0.180813E+001  0.296869E+000
  0.969363E+000  0.219369E+001  0.360172E+000
  0.975610E+000  0.573458E+000  0.935503E-001
  0.975610E+000  0.120707E+001  0.196913E+000
  0.975610E+000  0.182832E+001  0.298260E+000
  0.975610E+000  0.220717E+001  0.360063E+000
  0.981858E+000  0.587737E+000  0.952697E-001
  0.981858E+000  0.121772E+001  0.197388E+000
  0.981858E+000  0.184833E+001  0.299606E+000
  0.981858E+000  0.222063E+001  0.359955E+000
  0.988105E+000  0.601708E+000  0.969176E-001
  0.988105E+000  0.110458E+001  0.177916E+000
  0.988105E+000  0.122853E+001  0.197881E+000
  0.988105E+000  0.186817E+001  0.300908E+000
  0.988105E+000  0.229919E+001  0.370333E+000
  0.994353E+000  0.615415E+000  0.985027E-001
  0.994353E+000  0.111576E+001  0.178587E+000
  0.994353E+000  0.123950E+001  0.198392E+000
  0.994353E+000  0.188785E+001  0.302168E+000
  0.994353E+000  0.231222E+001  0.370091E+000
  0.100060E+001  0.628887E+000  0.100030E+000
  0.100060E+001  0.125063E+001  0.198924E+000
  0.100060E+001  0.190738E+001  0.303387E+000
  0.100060E+001  0.232526E+001  0.369854E+000
  0.100685E+001  0.642150E+000  0.101506E+000
  0.100685E+001  0.113754E+001  0.179814E+000
  0.100685E+001  0.126192E+001  0.199475E+000
  0.100685E+001  0.192676E+001  0.304567E+000
  0.100685E+001  0.227444E+001  0.359526E+000
  0.101309E+001  0.655226E+000  0.102934E+000
  0.101309E+001  0.110270E+001  0.173232E+000
  0.101309E+001  0.127340E+001  0.200048E+000
  0.101309E+001  0.194598E+001  0.305710E+000
  0.101309E+001  0.228787E+001  0.359419E+000
  0.101934E+001  0.668136E+000  0.104319E+000
  0.101934E+001  0.128505E+001  0.200641E+000
  0.101934E+001  0.196507E+001  0.306816E+000
  0.101934E+001  0.230130E+001  0.359314E+000
  0.102559E+001  0.709995E-001  0.110180E-001
  0.102559E+001  0.680896E+000  0.105664E+000
  0.102559E+001  0.129690E+001  0.201257E+000
  0.102559E+001  0.198402E+001  0.307887E+000
  0.102559E+001  0.231473E+001  0.359208E+000
  0.103184E+001  0.106863E+000  0.164831E-001
  0.103184E+001  0.693515E+000  0.106971E+000
  0.103184E+001  0.130894E+001  0.201896E+000
  0.103184E+001  0.200284E+001  0.308926E+000
  0.103184E+001  0.232815E+001  0.359103E+000
  0.103808E+001  0.135704E+000  0.208056E-001
  0.103808E+001  0.706007E+000  0.108242E+000
  0.103808E+001  0.132119E+001  0.202559E+000
  0.103808E+001  0.202153E+001  0.309932E+000
  0.103808E+001  0.234156E+001  0.358999E+000
  0.104433E+001  0.161251E+000  0.245745E-001
  0.104433E+001  0.718378E+000  0.109480E+000
  0.104433E+001  0.133364E+001  0.203246E+000
  0.104433E+001  0.204009E+001  0.310907E+000
  0.104433E+001  0.235497E+001  0.358895E+000
  0.105058E+001  0.184818E+000  0.279986E-001
  0.105058E+001  0.730645E+000  0.110687E+000
  0.105058E+001  0.134632E+001  0.203957E+000
  0.105058E+001  0.205854E+001  0.311854E+000
  0.105058E+001  0.236837E+001  0.358791E+000
  0.105683E+001  0.207025E+000  0.311773E-001
  0.105683E+001  0.742804E+000  0.111864E+000
  0.105683E+001  0.135922E+001  0.204694E+000
  0.105683E+001  0.207687E+001  0.312770E+000
  0.105683E+001  0.244302E+001  0.367911E+000
  0.106307E+001  0.228229E+000  0.341686E-001
  0.106307E+001  0.754871E+000  0.113013E+000
  0.106307E+001  0.137235E+001  0.205457E+000
  0.106307E+001  0.209509E+001  0.313660E+000
  0.106307E+001  0.239516E+001  0.358584E+000
  0.106932E+001  0.248651E+000  0.370086E-001
  0.106932E+001  0.766853E+000  0.114136E+000
  0.106932E+001  0.120405E+001  0.179208E+000
  0.106932E+001  0.138572E+001  0.206247E+000
  0.106932E+001  0.211320E+001  0.314523E+000
  0.106932E+001  0.240855E+001  0.358482E+000
  0.107557E+001  0.268439E+000  0.397216E-001
  0.107557E+001  0.778750E+000  0.115234E+000
  0.107557E+001  0.121536E+001  0.179840E+000
  0.107557E+001  0.139934E+001  0.207064E+000
  0.107557E+001  0.213120E+001  0.315360E+000
  0.107557E+001  0.242193E+001  0.358380E+000
  0.108182E+001  0.287700E+000  0.423260E-001
  0.108182E+001  0.790567E+000  0.116307E+000
  0.108182E+001  0.122669E+001  0.180468E+000
  0.108182E+001  0.141320E+001  0.207908E+000
  0.108182E+001  0.214911E+001  0.316173E+000
  0.108182E+001  0.243531E+001  0.358278E+000
  0.108807E+001  0.306516E+000  0.448351E-001
  0.108807E+001  0.802313E+000  0.117357E+000
  0.108807E+001  0.123805E+001  0.181094E+000
  0.108807E+001  0.142733E+001  0.208780E+000
  0.108807E+001  0.216692E+001  0.316962E+000
  0.108807E+001  0.250880E+001  0.366971E+000
  0.109431E+001  0.324941E+000  0.472588E-001
  0.109431E+001  0.813987E+000  0.118385E+000
  0.109431E+001  0.124944E+001  0.181716E+000
  0.109431E+001  0.144172E+001  0.209682E+000
  0.109431E+001  0.218463E+001  0.317728E+000
  0.109431E+001  0.246205E+001  0.358077E+000
  0.110056E+001  0.343020E+000  0.496050E-001
  0.110056E+001  0.825598E+000  0.119392E+000
  0.110056E+001  0.126087E+001  0.182338E+000
  0.110056E+001  0.145639E+001  0.210612E+000
  0.110056E+001  0.220224E+001  0.318472E+000
  0.110056E+001  0.247542E+001  0.357977E+000
  0.110681E+001  0.360795E+000  0.518810E-001
  0.110681E+001  0.837148E+000  0.120379E+000
  0.110681E+001  0.127234E+001  0.182958E+000
  0.110681E+001  0.147134E+001  0.211573E+000
  0.110681E+001  0.221977E+001  0.319194E+000
  0.110681E+001  0.248877E+001  0.357876E+000
  0.111305E+001  0.378296E+000  0.540923E-001
  0.111305E+001  0.848644E+000  0.121347E+000
  0.111305E+001  0.128385E+001  0.183577E+000
  0.111305E+001  0.148657E+001  0.212563E+000
  0.111305E+001  0.223720E+001  0.319896E+000
  0.111305E+001  0.250213E+001  0.357778E+000
  0.111930E+001  0.395542E+000  0.562426E-001
  0.111930E+001  0.860078E+000  0.122295E+000
  0.111930E+001  0.129540E+001  0.184195E+000
  0.111930E+001  0.150209E+001  0.213584E+000
  0.111930E+001  0.225456E+001  0.320579E+000
  0.111930E+001  0.257485E+001  0.366121E+000
  0.112555E+001  0.412564E+000  0.583373E-001
  0.112555E+001  0.871465E+000  0.123227E+000
  0.112555E+001  0.130701E+001  0.184813E+000
  0.112555E+001  0.151791E+001  0.214636E+000
  0.112555E+001  0.227183E+001  0.321241E+000
  0.112555E+001  0.258810E+001  0.365962E+000
  0.113180E+001  0.429377E+000  0.603795E-001
  0.113180E+001  0.882800E+000  0.124141E+000
  0.113180E+001  0.131865E+001  0.185430E+000
  0.113180E+001  0.153404E+001  0.215718E+000
  0.113180E+001  0.228902E+001  0.321885E+000
  0.113180E+001  0.254217E+001  0.357483E+000
  0.113804E+001  0.445992E+000  0.623717E-001
  0.113804E+001  0.894088E+000  0.125038E+000
  0.113804E+001  0.133032E+001  0.186045E+000
  0.113804E+001  0.155046E+001  0.216832E+000
  0.113804E+001  0.230613E+001  0.322511E+000
  0.113804E+001  0.255550E+001  0.357385E+000
  0.114429E+001  0.462430E+000  0.643175E-001
  0.114429E+001  0.905333E+000  0.125919E+000
  0.114429E+001  0.134197E+001  0.186649E+000
  0.114429E+001  0.156720E+001  0.217975E+000
  0.114429E+001  0.232317E+001  0.323121E+000
  0.114429E+001  0.256884E+001  0.357289E+000
  0.115054E+001  0.478699E+000  0.662188E-001
  0.115054E+001  0.916537E+000  0.126785E+000
  0.115054E+001  0.135331E+001  0.187204E+000
  0.115054E+001  0.158424E+001  0.219149E+000
  0.115054E+001  0.234014E+001  0.323713E+000
  0.115054E+001  0.258216E+001  0.357192E+000
  0.115679E+001  0.494811E+000  0.680779E-001
  0.115679E+001  0.927698E+000  0.127636E+000
  0.115679E+001  0.136692E+001  0.188066E+000
  0.115679E+001  0.160160E+001  0.220353E+000
  0.115679E+001  0.235703E+001  0.324288E+000
  0.115679E+001  0.259549E+001  0.357097E+000
  0.116304E+001  0.510779E+000  0.698974E-001
  0.116304E+001  0.938823E+000  0.128473E+000
  0.116304E+001  0.137860E+001  0.188653E+000
  0.116304E+001  0.161926E+001  0.221587E+000
  0.116304E+001  0.237385E+001  0.324849E+000
  0.116304E+001  0.266779E+001  0.365072E+000
  0.116928E+001  0.526608E+000  0.716784E-001
  0.116928E+001  0.949911E+000  0.129296E+000
  0.116928E+001  0.139059E+001  0.189278E+000
  0.116928E+001  0.163723E+001  0.222849E+000
  0.116928E+001  0.239061E+001  0.325394E+000
  0.116928E+001  0.268111E+001  0.364935E+000
  0.117553E+001  0.542306E+000  0.734228E-001
  0.117553E+001  0.960969E+000  0.130105E+000
  0.117553E+001  0.140274E+001  0.189916E+000
  0.117553E+001  0.165551E+001  0.224139E+000
  0.117553E+001  0.240730E+001  0.325924E+000
  0.117553E+001  0.263545E+001  0.356813E+000
  0.118178E+001  0.557882E+000  0.751323E-001
  0.118178E+001  0.971990E+000  0.130902E+000
  0.118178E+001  0.141499E+001  0.190563E+000
  0.118178E+001  0.167408E+001  0.225455E+000
  0.118178E+001  0.242392E+001  0.326440E+000
  0.118178E+001  0.264876E+001  0.356720E+000
  0.118802E+001  0.573342E+000  0.768084E-001
  0.118802E+001  0.982983E+000  0.131686E+000
  0.118802E+001  0.142735E+001  0.191217E+000
  0.118802E+001  0.169294E+001  0.226796E+000
  0.118802E+001  0.244048E+001  0.326941E+000
  0.118802E+001  0.266208E+001  0.356628E+000
  0.119427E+001  0.588691E+000  0.784521E-001
  0.119427E+001  0.993941E+000  0.132458E+000
  0.119427E+001  0.143983E+001  0.191879E+000
  0.119427E+001  0.171208E+001  0.228160E+000
  0.119427E+001  0.245698E+001  0.327430E+000
  0.119427E+001  0.267538E+001  0.356536E+000
  0.120052E+001  0.603939E+000  0.800652E-001
  0.120052E+001  0.100488E+001  0.133218E+000
  0.120052E+001  0.145240E+001  0.192548E+000
  0.120052E+001  0.173149E+001  0.229546E+000
  0.120052E+001  0.247342E+001  0.327906E+000
  0.120052E+001  0.268869E+001  0.356444E+000
  0.120677E+001  0.619091E+000  0.816491E-001
  0.120677E+001  0.101579E+001  0.133967E+000
  0.120677E+001  0.146509E+001  0.193224E+000
  0.120677E+001  0.175115E+001  0.230951E+000
  0.120677E+001  0.248980E+001  0.328368E+000
  0.120677E+001  0.270199E+001  0.356353E+000
  0.121301E+001  0.634149E+000  0.832042E-001
  0.121301E+001  0.102667E+001  0.134705E+000
  0.121301E+001  0.147789E+001  0.193908E+000
  0.121301E+001  0.177107E+001  0.232375E+000
  0.121301E+001  0.250613E+001  0.328819E+000
  0.121301E+001  0.277467E+001  0.364053E+000
  0.121926E+001  0.649119E+000  0.847320E-001
  0.121926E+001  0.103753E+001  0.135433E+000
  0.121926E+001  0.149081E+001  0.194601E+000
  0.121926E+001  0.179121E+001  0.233813E+000
  0.121926E+001  0.252240E+001  0.329258E+000
  0.121926E+001  0.278808E+001  0.363939E+000
  0.122551E+001  0.664002E+000  0.862328E-001
  0.122551E+001  0.104837E+001  0.136150E+000
  0.122551E+001  0.150385E+001  0.195303E+000
  0.122551E+001  0.181155E+001  0.235264E+000
  0.122551E+001  0.253861E+001  0.329686E+000
  0.122551E+001  0.274189E+001  0.356085E+000
  0.123176E+001  0.678809E+000  0.877086E-001
  0.123176E+001  0.105918E+001  0.136857E+000
  0.123176E+001  0.151702E+001  0.196014E+000
  0.123176E+001  0.183209E+001  0.236724E+000
  0.123176E+001  0.255477E+001  0.330101E+000
  0.123176E+001  0.275519E+001  0.355997E+000
  0.123801E+001  0.693537E+000  0.891594E-001
  0.123801E+001  0.106998E+001  0.137554E+000
  0.123801E+001  0.153032E+001  0.196734E+000
  0.123801E+001  0.185281E+001  0.238193E+000
  0.123801E+001  0.257088E+001  0.330506E+000
  0.123801E+001  0.276849E+001  0.355910E+000
  0.124425E+001  0.708198E+000  0.905871E-001
  0.124425E+001  0.108076E+001  0.138242E+000
  0.124425E+001  0.154375E+001  0.197465E+000
  0.124425E+001  0.187369E+001  0.239667E+000
  0.124425E+001  0.258694E+001  0.330901E+000
  0.124425E+001  0.278178E+001  0.355824E+000
  0.125050E+001  0.722788E+000  0.919915E-001
  0.125050E+001  0.109152E+001  0.138921E+000
  0.125050E+001  0.155732E+001  0.198205E+000
  0.125050E+001  0.189470E+001  0.241144E+000
  0.125050E+001  0.260295E+001  0.331285E+000
  0.125050E+001  0.279508E+001  0.355738E+000
  0.125675E+001  0.737316E+000  0.933739E-001
  0.125675E+001  0.110226E+001  0.139591E+000
  0.125675E+001  0.157104E+001  0.198957E+000
  0.125675E+001  0.191583E+001  0.242622E+000
  0.125675E+001  0.261891E+001  0.331659E+000
  0.125675E+001  0.280837E+001  0.355654E+000
  0.126300E+001  0.751782E+000  0.947350E-001
  0.126300E+001  0.111299E+001  0.140253E+000
  0.126300E+001  0.158490E+001  0.199720E+000
  0.126300E+001  0.193707E+001  0.244097E+000
  0.126300E+001  0.263482E+001  0.332024E+000
  0.126300E+001  0.282167E+001  0.355569E+000
  0.126924E+001  0.766190E+000  0.960753E-001
  0.126924E+001  0.112371E+001  0.140906E+000
  0.126924E+001  0.159891E+001  0.200494E+000
  0.126924E+001  0.195838E+001  0.245568E+000
  0.126924E+001  0.265068E+001  0.332379E+000
  0.126924E+001  0.283496E+001  0.355486E+000
  0.127549E+001  0.780541E+000  0.973955E-001
  0.127549E+001  0.113441E+001  0.141551E+000
  0.127549E+001  0.161308E+001  0.201280E+000
  0.127549E+001  0.197976E+001  0.247033E+000
  0.127549E+001  0.266651E+001  0.332725E+000
  0.127549E+001  0.284826E+001  0.355404E+000
  0.128174E+001  0.794844E+000  0.986968E-001
  0.128174E+001  0.114510E+001  0.142188E+000
  0.128174E+001  0.162742E+001  0.202078E+000
  0.128174E+001  0.200118E+001  0.248489E+000
  0.128174E+001  0.268228E+001  0.333062E+000
  0.128174E+001  0.292274E+001  0.362920E+000
  0.128798E+001  0.809096E+000  0.999792E-001
  0.128798E+001  0.115578E+001  0.142818E+000
  0.128798E+001  0.164190E+001  0.202888E+000
  0.128798E+001  0.202263E+001  0.249935E+000
  0.128798E+001  0.269801E+001  0.333390E+000
  0.128798E+001  0.287485E+001  0.355242E+000
  0.129423E+001  0.823305E+000  0.101244E+000
  0.129423E+001  0.116644E+001  0.143440E+000
  0.129423E+001  0.165656E+001  0.203711E+000
  0.129423E+001  0.204410E+001  0.251368E+000
  0.129423E+001  0.271369E+001  0.333710E+000
  0.129423E+001  0.288815E+001  0.355163E+000
  0.130048E+001  0.837468E+000  0.102491E+000
  0.130048E+001  0.117710E+001  0.144055E+000
  0.130048E+001  0.167139E+001  0.204548E+000
  0.130048E+001  0.206558E+001  0.252789E+000
  0.130048E+001  0.272934E+001  0.334021E+000
  0.130048E+001  0.290145E+001  0.355084E+000
  0.130673E+001  0.851589E+000  0.103721E+000
  0.130673E+001  0.118775E+001  0.144664E+000
  0.130673E+001  0.168639E+001  0.205397E+000
  0.130673E+001  0.208703E+001  0.254194E+000
  0.130673E+001  0.274494E+001  0.334324E+000
  0.130673E+001  0.291475E+001  0.355007E+000
  0.131298E+001  0.865675E+000  0.104935E+000
  0.131298E+001  0.119839E+001  0.145265E+000
  0.131298E+001  0.170157E+001  0.206259E+000
  0.131298E+001  0.210847E+001  0.255583E+000
  0.131298E+001  0.276050E+001  0.334620E+000
  0.131298E+001  0.292805E+001  0.354930E+000
  0.131922E+001  0.879726E+000  0.106133E+000
  0.131922E+001  0.120902E+001  0.145860E+000
  0.131922E+001  0.171692E+001  0.207135E+000
  0.131922E+001  0.212987E+001  0.256954E+000
  0.131922E+001  0.277602E+001  0.334908E+000
  0.131922E+001  0.294136E+001  0.354854E+000
  0.132547E+001  0.893743E+000  0.107316E+000
  0.132547E+001  0.121965E+001  0.146449E+000
  0.132547E+001  0.173246E+001  0.208024E+000
  0.132547E+001  0.215123E+001  0.258307E+000
  0.132547E+001  0.279150E+001  0.335188E+000
  0.132547E+001  0.295467E+001  0.354780E+000
  0.133172E+001  0.907735E+000  0.108484E+000
  0.133172E+001  0.123027E+001  0.147031E+000
  0.133172E+001  0.174818E+001  0.208927E+000
  0.133172E+001  0.217253E+001  0.259641E+000
  0.133172E+001  0.296797E+001  0.354706E+000
  0.133797E+001  0.921697E+000  0.109639E+000
  0.133797E+001  0.124089E+001  0.147608E+000
  0.133797E+001  0.176408E+001  0.209843E+000
  0.133797E+001  0.219377E+001  0.260956E+000
  0.133797E+001  0.282235E+001  0.335727E+000
  0.133797E+001  0.298129E+001  0.354633E+000
  0.134421E+001  0.935630E+000  0.110779E+000
  0.134421E+001  0.125151E+001  0.148179E+000
  0.134421E+001  0.178017E+001  0.210773E+000
  0.134421E+001  0.221494E+001  0.262249E+000
  0.134421E+001  0.283771E+001  0.335986E+000
  0.134421E+001  0.299461E+001  0.354562E+000
  0.135046E+001  0.949544E+000  0.111906E+000
  0.135046E+001  0.126212E+001  0.148744E+000
  0.135046E+001  0.179644E+001  0.211715E+000
  0.135046E+001  0.223604E+001  0.263522E+000
  0.135046E+001  0.285304E+001  0.336238E+000
  0.135046E+001  0.300793E+001  0.354491E+000
  0.135671E+001  0.963437E+000  0.113021E+000
  0.135671E+001  0.127273E+001  0.149303E+000
  0.135671E+001  0.181290E+001  0.212670E+000
  0.135671E+001  0.225705E+001  0.264774E+000
  0.135671E+001  0.286834E+001  0.336484E+000
  0.135671E+001  0.302125E+001  0.354422E+000
  0.136295E+001  0.977308E+000  0.114122E+000
  0.136295E+001  0.128334E+001  0.149858E+000
  0.136295E+001  0.182953E+001  0.213638E+000
  0.136295E+001  0.227799E+001  0.266005E+000
  0.136295E+001  0.288359E+001  0.336722E+000
  0.136295E+001  0.303458E+001  0.354354E+000
  0.136920E+001  0.991166E+000  0.115212E+000
  0.136920E+001  0.129394E+001  0.150407E+000
  0.136920E+001  0.184636E+001  0.214619E+000
  0.136920E+001  0.229883E+001  0.267214E+000
  0.136920E+001  0.289881E+001  0.336955E+000
  0.136920E+001  0.311289E+001  0.361840E+000
  0.137545E+001  0.100501E+001  0.116291E+000
  0.137545E+001  0.130455E+001  0.150951E+000
  0.137545E+001  0.186336E+001  0.215611E+000
  0.137545E+001  0.231958E+001  0.268401E+000
  0.137545E+001  0.291399E+001  0.337181E+000
  0.137545E+001  0.306125E+001  0.354221E+000
  0.138170E+001  0.101885E+001  0.117359E+000
  0.138170E+001  0.131516E+001  0.151491E+000
  0.138170E+001  0.188054E+001  0.216616E+000
  0.138170E+001  0.234024E+001  0.269567E+000
  0.138170E+001  0.292914E+001  0.337402E+000
  0.138170E+001  0.307460E+001  0.354156E+000
  0.138794E+001  0.103267E+001  0.118415E+000
  0.138794E+001  0.132577E+001  0.152026E+000
  0.138794E+001  0.189789E+001  0.217630E+000
  0.138794E+001  0.236080E+001  0.270712E+000
  0.138794E+001  0.308794E+001  0.354092E+000
  0.139419E+001  0.104648E+001  0.119462E+000
  0.139419E+001  0.133639E+001  0.152556E+000
  0.139419E+001  0.191541E+001  0.218655E+000
  0.139419E+001  0.238126E+001  0.271835E+000
  0.139419E+001  0.316753E+001  0.361591E+000
  0.140044E+001  0.106029E+001  0.120498E+000
  0.140044E+001  0.134700E+001  0.153082E+000
  0.140044E+001  0.193311E+001  0.219690E+000
  0.140044E+001  0.240163E+001  0.272936E+000
  0.140044E+001  0.297439E+001  0.338028E+000
  0.140044E+001  0.311465E+001  0.353969E+000
  0.140669E+001  0.107409E+001  0.121524E+000
  0.140669E+001  0.135763E+001  0.153604E+000
  0.140669E+001  0.195095E+001  0.220734E+000
  0.140669E+001  0.242189E+001  0.274017E+000
  0.140669E+001  0.298940E+001  0.338226E+000
  0.140669E+001  0.312802E+001  0.353909E+000
  0.141294E+001  0.108788E+001  0.122541E+000
  0.141294E+001  0.136825E+001  0.154122E+000
  0.141294E+001  0.196896E+001  0.221786E+000
  0.141294E+001  0.244205E+001  0.275076E+000
  0.141294E+001  0.300438E+001  0.338418E+000
  0.141294E+001  0.314139E+001  0.353851E+000
  0.141918E+001  0.110167E+001  0.123547E+000
  0.141918E+001  0.137888E+001  0.154636E+000
  0.141918E+001  0.198712E+001  0.222847E+000
  0.141918E+001  0.246212E+001  0.276116E+000
  0.141918E+001  0.301933E+001  0.338605E+000
  0.141918E+001  0.315477E+001  0.353793E+000
  0.142543E+001  0.111546E+001  0.124545E+000
  0.142543E+001  0.138952E+001  0.155146E+000
  0.142543E+001  0.200542E+001  0.223913E+000
  0.142543E+001  0.248208E+001  0.277134E+000
  0.142543E+001  0.303425E+001  0.338786E+000
  0.142543E+001  0.316816E+001  0.353738E+000
  0.143168E+001  0.112923E+001  0.125533E+000
  0.143168E+001  0.140016E+001  0.155652E+000
  0.143168E+001  0.202385E+001  0.224985E+000
  0.143168E+001  0.250194E+001  0.278133E+000
  0.143168E+001  0.304913E+001  0.338962E+000
  0.143168E+001  0.318155E+001  0.353683E+000
  0.143792E+001  0.141082E+001  0.156155E+000
  0.143792E+001  0.204241E+001  0.226062E+000
  0.143792E+001  0.252171E+001  0.279112E+000
  0.143792E+001  0.306399E+001  0.339134E+000
  0.143792E+001  0.319495E+001  0.353629E+000
  0.144417E+001  0.142148E+001  0.156654E+000
  0.144417E+001  0.206109E+001  0.227143E+000
  0.144417E+001  0.254136E+001  0.280071E+000
  0.144417E+001  0.307881E+001  0.339300E+000
  0.144417E+001  0.320836E+001  0.353577E+000
  0.145042E+001  0.143215E+001  0.157150E+000
  0.145042E+001  0.207990E+001  0.228227E+000
  0.145042E+001  0.256093E+001  0.281011E+000
  0.145042E+001  0.309361E+001  0.339462E+000
  0.145042E+001  0.322178E+001  0.353527E+000
  0.145667E+001  0.144283E+001  0.157643E+000
  0.145667E+001  0.209879E+001  0.229313E+000
  0.145667E+001  0.258039E+001  0.281933E+000
  0.145667E+001  0.323520E+001  0.353477E+000
  0.146291E+001  0.796542E+000  0.866582E-001
  0.146291E+001  0.145351E+001  0.158132E+000
  0.146291E+001  0.211779E+001  0.230401E+000
  0.146291E+001  0.259976E+001  0.282836E+000
  0.146291E+001  0.324864E+001  0.353429E+000
  0.146916E+001  0.652627E+000  0.706994E-001
  0.146916E+001  0.933513E+000  0.101128E+000
  0.146916E+001  0.121168E+001  0.131261E+000
  0.146916E+001  0.146422E+001  0.158619E+000
  0.146916E+001  0.213688E+001  0.231489E+000
  0.146916E+001  0.261904E+001  0.283722E+000
  0.146916E+001  0.326208E+001  0.353382E+000
  0.147541E+001  0.583686E+000  0.629632E-001
  0.147541E+001  0.992310E+000  0.107042E+000
  0.147541E+001  0.147493E+001  0.159103E+000
  0.147541E+001  0.215604E+001  0.232576E+000
  0.147541E+001  0.263822E+001  0.284589E+000
  0.147541E+001  0.315248E+001  0.340063E+000
  0.147541E+001  0.327553E+001  0.353337E+000
  0.148166E+001  0.530251E+000  0.569579E-001
  0.148166E+001  0.103565E+001  0.111246E+000
  0.148166E+001  0.123898E+001  0.133087E+000
  0.148166E+001  0.148565E+001  0.159584E+000
  0.148166E+001  0.217527E+001  0.233661E+000
  0.148166E+001  0.265731E+001  0.285439E+000
  0.148166E+001  0.316712E+001  0.340202E+000
  0.148791E+001  0.484471E+000  0.518218E-001
  0.148791E+001  0.107133E+001  0.114595E+000
  0.148791E+001  0.125257E+001  0.133982E+000
  0.148791E+001  0.149639E+001  0.160062E+000
  0.148791E+001  0.219457E+001  0.234744E+000
  0.148791E+001  0.267631E+001  0.286273E+000
  0.148791E+001  0.318173E+001  0.340337E+000
  0.149415E+001  0.443312E+000  0.472210E-001
  0.149415E+001  0.110223E+001  0.117408E+000
  0.149415E+001  0.126611E+001  0.134864E+000
  0.149415E+001  0.150714E+001  0.160538E+000
  0.149415E+001  0.221392E+001  0.235824E+000
  0.149415E+001  0.269521E+001  0.287090E+000
  0.149415E+001  0.319632E+001  0.340467E+000
  0.149415E+001  0.338723E+001  0.360803E+000
  0.150040E+001  0.404888E+000  0.429485E-001
  0.150040E+001  0.112984E+001  0.119847E+000
  0.150040E+001  0.151791E+001  0.161012E+000
  0.150040E+001  0.223332E+001  0.236900E+000
  0.150040E+001  0.271403E+001  0.287891E+000
  0.150040E+001  0.321088E+001  0.340594E+000
  0.150040E+001  0.340102E+001  0.360763E+000
  0.150665E+001  0.365557E+000  0.386156E-001
  0.150665E+001  0.115499E+001  0.122008E+000
  0.150665E+001  0.152869E+001  0.161483E+000
  0.150665E+001  0.225276E+001  0.237971E+000
  0.150665E+001  0.273276E+001  0.288675E+000
  0.150665E+001  0.322541E+001  0.340716E+000
  0.150665E+001  0.341481E+001  0.360724E+000
  0.151290E+001  0.356739E+000  0.375286E-001
  0.151290E+001  0.829569E+000  0.872698E-001
  0.151290E+001  0.117827E+001  0.123953E+000
  0.151290E+001  0.153948E+001  0.161952E+000
  0.151290E+001  0.227224E+001  0.239037E+000
  0.151290E+001  0.275140E+001  0.289444E+000
  0.151290E+001  0.323991E+001  0.340835E+000
  0.151290E+001  0.342861E+001  0.360686E+000
  0.151914E+001  0.314658E+000  0.329656E-001
  0.151914E+001  0.926430E+000  0.970586E-001
  0.151914E+001  0.120004E+001  0.125724E+000
  0.151914E+001  0.155030E+001  0.162419E+000
  0.151914E+001  0.229173E+001  0.240096E+000
  0.151914E+001  0.276996E+001  0.290199E+000
  0.151914E+001  0.325438E+001  0.340950E+000
  0.151914E+001  0.336996E+001  0.353058E+000
  0.152539E+001  0.283082E+000  0.295360E-001
  0.152539E+001  0.995629E+000  0.103881E+000
  0.152539E+001  0.122061E+001  0.127355E+000
  0.152539E+001  0.156112E+001  0.162883E+000
  0.152539E+001  0.231125E+001  0.241149E+000
  0.152539E+001  0.278844E+001  0.290938E+000
  0.152539E+001  0.326883E+001  0.341061E+000
  0.153164E+001  0.253698E+000  0.263622E-001
  0.153164E+001  0.105146E+001  0.109259E+000
  0.153164E+001  0.124018E+001  0.128869E+000
  0.153164E+001  0.157197E+001  0.163346E+000
  0.153164E+001  0.280684E+001  0.291663E+000
  0.153164E+001  0.328325E+001  0.341168E+000
  0.153788E+001  0.225528E+000  0.233397E-001
  0.153788E+001  0.109903E+001  0.113738E+000
  0.153788E+001  0.158283E+001  0.163807E+000
  0.153788E+001  0.235030E+001  0.243232E+000
  0.153788E+001  0.282515E+001  0.292374E+000
  0.153788E+001  0.341059E+001  0.352960E+000
  0.154413E+001  0.198180E+000  0.204265E-001
  0.154413E+001  0.114086E+001  0.117589E+000
  0.154413E+001  0.159372E+001  0.164266E+000
  0.154413E+001  0.188610E+001  0.194402E+000
  0.154413E+001  0.236984E+001  0.244261E+000
  0.154413E+001  0.284339E+001  0.293071E+000
  0.154413E+001  0.342415E+001  0.352930E+000
  0.155038E+001  0.171382E+000  0.175933E-001
  0.155038E+001  0.129444E+001  0.132881E+000
  0.155038E+001  0.160462E+001  0.164723E+000
  0.155038E+001  0.189470E+001  0.194501E+000
  0.155038E+001  0.238936E+001  0.245281E+000
  0.155038E+001  0.286155E+001  0.293754E+000
  0.155038E+001  0.343773E+001  0.352902E+000
  0.155663E+001  0.144845E+000  0.148095E-001
  0.155663E+001  0.121254E+001  0.123975E+000
  0.155663E+001  0.161555E+001  0.165179E+000
  0.155663E+001  0.240888E+001  0.246292E+000
  0.155663E+001  0.287963E+001  0.294424E+000
  0.155663E+001  0.345131E+001  0.352874E+000
  0.156288E+001  0.118174E+000  0.120342E-001
  0.156288E+001  0.141073E+001  0.143661E+000
  0.156288E+001  0.162649E+001  0.165633E+000
  0.156288E+001  0.242838E+001  0.247293E+000
  0.156288E+001  0.289765E+001  0.295081E+000
  0.156288E+001  0.346491E+001  0.352848E+000
  0.156912E+001  0.906348E-001  0.919302E-002
  0.156912E+001  0.127302E+001  0.129121E+000
  0.156912E+001  0.163747E+001  0.166087E+000
  0.156912E+001  0.244786E+001  0.248284E+000
  0.156912E+001  0.291558E+001  0.295726E+000
  0.156912E+001  0.347852E+001  0.352824E+000
  0.157537E+001  0.130008E+001  0.131343E+000
  0.157537E+001  0.164846E+001  0.166539E+000
  0.157537E+001  0.246731E+001  0.249265E+000
  0.157537E+001  0.293345E+001  0.296358E+000
  0.157537E+001  0.349214E+001  0.352801E+000
  0.158162E+001  0.132534E+001  0.133367E+000
  0.158162E+001  0.165947E+001  0.166989E+000
  0.158162E+001  0.248674E+001  0.250235E+000
  0.158162E+001  0.295125E+001  0.296978E+000
  0.158162E+001  0.339765E+001  0.341899E+000
  0.158787E+001  0.134896E+001  0.135209E+000
  0.158787E+001  0.167051E+001  0.167438E+000
  0.158787E+001  0.250613E+001  0.251195E+000
  0.158787E+001  0.296898E+001  0.297587E+000
  0.158787E+001  0.341184E+001  0.341976E+000
  0.159411E+001  0.137101E+001  0.136880E+000
  0.159411E+001  0.168157E+001  0.167886E+000
  0.159411E+001  0.252550E+001  0.252143E+000
  0.159411E+001  0.298664E+001  0.298183E+000
  0.159411E+001  0.342600E+001  0.342049E+000
  0.160036E+001  0.139155E+001  0.138389E+000
  0.160036E+001  0.169266E+001  0.168334E+000
  0.160036E+001  0.254482E+001  0.253081E+000
  0.160036E+001  0.300423E+001  0.298769E+000
  0.160036E+001  0.344014E+001  0.342120E+000
  0.160661E+001  0.143950E+001  0.142601E+000
  0.160661E+001  0.170377E+001  0.168780E+000
  0.160661E+001  0.256410E+001  0.254007E+000
  0.160661E+001  0.302177E+001  0.299344E+000
  0.160661E+001  0.345425E+001  0.342187E+000
  0.161285E+001  0.142836E+001  0.140949E+000
  0.161285E+001  0.171491E+001  0.169226E+000
  0.161285E+001  0.258334E+001  0.254922E+000
  0.161285E+001  0.303923E+001  0.299908E+000
  0.161285E+001  0.346834E+001  0.342252E+000
  0.161910E+001  0.152633E+001  0.150035E+000
  0.161910E+001  0.172608E+001  0.169671E+000
  0.161910E+001  0.260254E+001  0.255825E+000
  0.161910E+001  0.305664E+001  0.300462E+000
  0.161910E+001  0.348241E+001  0.342314E+000
  0.162535E+001  0.153966E+001  0.150764E+000
  0.162535E+001  0.173728E+001  0.170115E+000
  0.162535E+001  0.262169E+001  0.256717E+000
  0.162535E+001  0.307398E+001  0.301006E+000
  0.162535E+001  0.349645E+001  0.342374E+000
  0.163160E+001  0.147521E+001  0.143900E+000
  0.163160E+001  0.174851E+001  0.170559E+000
  0.163160E+001  0.264079E+001  0.257598E+000
  0.163160E+001  0.309127E+001  0.301539E+000
  0.163160E+001  0.351047E+001  0.342430E+000
  0.163784E+001  0.931345E-001  0.905020E-002
  0.163784E+001  0.148937E+001  0.144727E+000
  0.163784E+001  0.175976E+001  0.171002E+000
  0.163784E+001  0.265984E+001  0.258466E+000
  0.163784E+001  0.310849E+001  0.302063E+000
  0.163784E+001  0.352447E+001  0.342485E+000
  0.164409E+001  0.115482E+000  0.111791E-001
  0.164409E+001  0.153453E+001  0.148549E+000
  0.164409E+001  0.177105E+001  0.171445E+000
  0.164409E+001  0.267885E+001  0.259324E+000
  0.164409E+001  0.312567E+001  0.302577E+000
  0.164409E+001  0.353844E+001  0.342536E+000
  0.165034E+001  0.136521E+000  0.131658E-001
  0.165034E+001  0.151630E+001  0.146229E+000
  0.165034E+001  0.178236E+001  0.171887E+000
  0.165034E+001  0.269779E+001  0.260169E+000
  0.165034E+001  0.314278E+001  0.303082E+000
  0.165034E+001  0.355240E+001  0.342585E+000
  0.165659E+001  0.156707E+000  0.150554E-001
  0.165659E+001  0.156374E+001  0.150234E+000
  0.165659E+001  0.179372E+001  0.172330E+000
  0.165659E+001  0.271669E+001  0.261003E+000
  0.165659E+001  0.315983E+001  0.303578E+000
  0.165659E+001  0.356633E+001  0.342632E+000
  0.166284E+001  0.176282E+000  0.168725E-001
  0.166284E+001  0.154180E+001  0.147570E+000
  0.166284E+001  0.180510E+001  0.172772E+000
  0.166284E+001  0.273553E+001  0.261826E+000
  0.166284E+001  0.317684E+001  0.304065E+000
  0.166284E+001  0.358024E+001  0.342676E+000
  0.166908E+001  0.195379E+000  0.186303E-001
  0.166908E+001  0.159172E+001  0.151778E+000
  0.166908E+001  0.181652E+001  0.173213E+000
  0.166908E+001  0.275432E+001  0.262638E+000
  0.166908E+001  0.319379E+001  0.304543E+000
  0.166908E+001  0.359413E+001  0.342718E+000
  0.167533E+001  0.214099E+000  0.203393E-001
  0.167533E+001  0.156614E+001  0.148782E+000
  0.167533E+001  0.182796E+001  0.173655E+000
  0.167533E+001  0.277306E+001  0.263438E+000
  0.167533E+001  0.321069E+001  0.305013E+000
  0.167533E+001  0.360801E+001  0.342757E+000
  0.168158E+001  0.232496E+000  0.220049E-001
  0.168158E+001  0.183944E+001  0.174096E+000
  0.168158E+001  0.279174E+001  0.264227E+000
  0.168158E+001  0.322754E+001  0.305474E+000
  0.168158E+001  0.362186E+001  0.342795E+000
  0.168782E+001  0.250623E+000  0.236327E-001
  0.168782E+001  0.163239E+001  0.153928E+000
  0.168782E+001  0.185096E+001  0.174538E+000
  0.168782E+001  0.281035E+001  0.265005E+000
  0.168782E+001  0.324434E+001  0.305928E+000
  0.168782E+001  0.363569E+001  0.342831E+000
  0.169407E+001  0.268501E+000  0.252251E-001
  0.169407E+001  0.160082E+001  0.150394E+000
  0.169407E+001  0.186251E+001  0.174979E+000
  0.169407E+001  0.282892E+001  0.265771E+000
  0.169407E+001  0.326108E+001  0.306373E+000
  0.169407E+001  0.364951E+001  0.342864E+000
  0.170032E+001  0.286164E+000  0.267858E-001
  0.170032E+001  0.161195E+001  0.150884E+000
  0.170032E+001  0.187409E+001  0.175420E+000
  0.170032E+001  0.284743E+001  0.266528E+000
  0.170032E+001  0.327778E+001  0.306810E+000
  0.170032E+001  0.366330E+001  0.342895E+000
  0.170657E+001  0.303629E+000  0.283166E-001
  0.170657E+001  0.162290E+001  0.151352E+000
  0.170657E+001  0.188572E+001  0.175862E+000
  0.170657E+001  0.286588E+001  0.267273E+000
  0.170657E+001  0.329444E+001  0.307241E+000
  0.170657E+001  0.367707E+001  0.342925E+000
  0.171281E+001  0.320926E+000  0.298205E-001
  0.171281E+001  0.168565E+001  0.156631E+000
  0.171281E+001  0.189737E+001  0.176304E+000
  0.171281E+001  0.288427E+001  0.268007E+000
  0.171281E+001  0.331105E+001  0.307663E+000
  0.171281E+001  0.379478E+001  0.352612E+000
  0.171906E+001  0.338057E+000  0.312981E-001
  0.171906E+001  0.169892E+001  0.157290E+000
  0.171906E+001  0.190907E+001  0.176746E+000
  0.171906E+001  0.290261E+001  0.268731E+000
  0.171906E+001  0.332761E+001  0.308078E+000
  0.171906E+001  0.370457E+001  0.342978E+000
  0.172531E+001  0.355039E+000  0.327514E-001
  0.172531E+001  0.171219E+001  0.157945E+000
  0.172531E+001  0.192080E+001  0.177188E+000
  0.172531E+001  0.214902E+001  0.198241E+000
  0.172531E+001  0.292090E+001  0.269444E+000
  0.172531E+001  0.334413E+001  0.308486E+000
  0.172531E+001  0.371830E+001  0.343002E+000
  0.173156E+001  0.371883E+000  0.341814E-001
  0.173156E+001  0.166504E+001  0.153041E+000
  0.173156E+001  0.193256E+001  0.177630E+000
  0.173156E+001  0.215888E+001  0.198432E+000
  0.173156E+001  0.293912E+001  0.270147E+000
  0.173156E+001  0.336060E+001  0.308887E+000
  0.173156E+001  0.373201E+001  0.343025E+000
  0.173781E+001  0.388607E+000  0.355901E-001
  0.173781E+001  0.194436E+001  0.178072E+000
  0.173781E+001  0.216882E+001  0.198629E+000
  0.173781E+001  0.295729E+001  0.270840E+000
  0.173781E+001  0.337703E+001  0.309282E+000
  0.173781E+001  0.374569E+001  0.343045E+000
  0.174405E+001  0.405213E+000  0.369781E-001
  0.174405E+001  0.195620E+001  0.178514E+000
  0.174405E+001  0.297540E+001  0.271523E+000
  0.174405E+001  0.339342E+001  0.309670E+000
  0.174405E+001  0.375936E+001  0.343064E+000
  0.175030E+001  0.421714E+000  0.383465E-001
  0.175030E+001  0.196808E+001  0.178957E+000
  0.175030E+001  0.218898E+001  0.199044E+000
  0.175030E+001  0.299346E+001  0.272196E+000
  0.175030E+001  0.340977E+001  0.310051E+000
  0.175030E+001  0.377303E+001  0.343082E+000
  0.175655E+001  0.438120E+000  0.396966E-001
  0.175655E+001  0.197999E+001  0.179400E+000
  0.175655E+001  0.219919E+001  0.199261E+000
  0.175655E+001  0.301146E+001  0.272859E+000
  0.175655E+001  0.342608E+001  0.310426E+000
  0.175655E+001  0.378667E+001  0.343097E+000
  0.176280E+001  0.454435E+000  0.410290E-001
  0.176280E+001  0.179190E+001  0.161783E+000
  0.176280E+001  0.199193E+001  0.179842E+000
  0.176280E+001  0.220951E+001  0.199487E+000
  0.176280E+001  0.302942E+001  0.273512E+000
  0.176280E+001  0.344234E+001  0.310794E+000
  0.176280E+001  0.380030E+001  0.343112E+000
  0.176904E+001  0.470666E+000  0.423443E-001
  0.176904E+001  0.180519E+001  0.162407E+000
  0.176904E+001  0.200391E+001  0.180286E+000
  0.176904E+001  0.221993E+001  0.199720E+000
  0.176904E+001  0.304731E+001  0.274156E+000
  0.176904E+001  0.345857E+001  0.311157E+000
  0.176904E+001  0.381391E+001  0.343125E+000
  0.177529E+001  0.486829E+000  0.436443E-001
  0.177529E+001  0.181848E+001  0.163027E+000
  0.177529E+001  0.201593E+001  0.180729E+000
  0.177529E+001  0.347477E+001  0.311514E+000
  0.177529E+001  0.382751E+001  0.343136E+000
  0.178154E+001  0.502924E+000  0.449291E-001
  0.178154E+001  0.183176E+001  0.163642E+000
  0.178154E+001  0.202799E+001  0.181172E+000
  0.178154E+001  0.349092E+001  0.311864E+000
  0.178154E+001  0.384109E+001  0.343147E+000
  0.178778E+001  0.518955E+000  0.461992E-001
  0.178778E+001  0.175323E+001  0.156078E+000
  0.178778E+001  0.204008E+001  0.181615E+000
  0.178778E+001  0.350704E+001  0.312209E+000
  0.178778E+001  0.385467E+001  0.343156E+000
  0.179403E+001  0.534935E+000  0.474560E-001
  0.179403E+001  0.205220E+001  0.182058E+000
  0.179403E+001  0.352312E+001  0.312548E+000
  0.179403E+001  0.386823E+001  0.343164E+000
  0.180028E+001  0.550875E+000  0.487005E-001
  0.180028E+001  0.206437E+001  0.182502E+000
  0.180028E+001  0.353916E+001  0.312882E+000
  0.180028E+001  0.388178E+001  0.343171E+000
  0.180653E+001  0.148195E+000  0.130559E-001
  0.180653E+001  0.566767E+000  0.499322E-001
  0.180653E+001  0.188477E+001  0.166048E+000
  0.180653E+001  0.207656E+001  0.182945E+000
  0.180653E+001  0.355518E+001  0.313211E+000
  0.180653E+001  0.389531E+001  0.343177E+000
  0.181278E+001  0.209515E+000  0.183947E-001
  0.181278E+001  0.582631E+000  0.511529E-001
  0.181278E+001  0.208880E+001  0.183389E+000
  0.181278E+001  0.357115E+001  0.313534E+000
  0.181278E+001  0.390883E+001  0.343181E+000
  0.181902E+001  0.257241E+000  0.225072E-001
  0.181902E+001  0.598472E+000  0.523632E-001
  0.181902E+001  0.210107E+001  0.183832E+000
  0.181902E+001  0.358709E+001  0.313852E+000
  0.181902E+001  0.392235E+001  0.343185E+000
  0.182527E+001  0.297946E+000  0.259795E-001
  0.182527E+001  0.614289E+000  0.535631E-001
  0.182527E+001  0.211337E+001  0.184276E+000
  0.182527E+001  0.360300E+001  0.314165E+000
  0.182527E+001  0.393585E+001  0.343187E+000
  0.183152E+001  0.334183E+000  0.290398E-001
  0.183152E+001  0.630095E+000  0.547539E-001
  0.183152E+001  0.212572E+001  0.184720E+000
  0.183152E+001  0.361888E+001  0.314473E+000
  0.183152E+001  0.394934E+001  0.343189E+000
  0.183777E+001  0.367250E+000  0.318047E-001
  0.183777E+001  0.645889E+000  0.559356E-001
  0.183777E+001  0.213810E+001  0.185165E+000
  0.183777E+001  0.363473E+001  0.314777E+000
  0.183777E+001  0.396282E+001  0.343190E+000
  0.184401E+001  0.397923E+000  0.343444E-001
  0.184401E+001  0.661691E+000  0.571099E-001
  0.184401E+001  0.215052E+001  0.185610E+000
  0.184401E+001  0.365054E+001  0.315075E+000
  0.184401E+001  0.397628E+001  0.343189E+000
  0.185026E+001  0.426703E+000  0.367040E-001
  0.185026E+001  0.677492E+000  0.582763E-001
  0.185026E+001  0.216299E+001  0.186055E+000
  0.185026E+001  0.366633E+001  0.315369E+000
  0.185026E+001  0.398975E+001  0.343188E+000
  0.185651E+001  0.453924E+000  0.389141E-001
  0.185651E+001  0.693307E+000  0.594359E-001
  0.185651E+001  0.217549E+001  0.186501E+000
  0.185651E+001  0.368208E+001  0.315658E+000
  0.185651E+001  0.400319E+001  0.343186E+000
  0.186275E+001  0.479840E+000  0.409978E-001
  0.186275E+001  0.709134E+000  0.605889E-001
  0.186275E+001  0.200211E+001  0.171061E+000
  0.186275E+001  0.218804E+001  0.186948E+000
  0.186275E+001  0.369781E+001  0.315943E+000
  0.186275E+001  0.401663E+001  0.343183E+000
  0.186900E+001  0.504629E+000  0.429717E-001
  0.186900E+001  0.724988E+000  0.617364E-001
  0.186900E+001  0.201484E+001  0.171574E+000
  0.186900E+001  0.220064E+001  0.187396E+000
  0.186900E+001  0.371350E+001  0.316223E+000
  0.186900E+001  0.403006E+001  0.343180E+000
  0.187525E+001  0.528444E+000  0.448498E-001
  0.187525E+001  0.740859E+000  0.628777E-001
  0.187525E+001  0.202749E+001  0.172076E+000
  0.187525E+001  0.221329E+001  0.187845E+000
  0.187525E+001  0.372917E+001  0.316500E+000
  0.187525E+001  0.404349E+001  0.343176E+000
  0.188150E+001  0.551397E+000  0.466424E-001
  0.188150E+001  0.756770E+000  0.640148E-001
  0.188150E+001  0.222599E+001  0.188295E+000
  0.188150E+001  0.374480E+001  0.316771E+000
  0.188150E+001  0.405690E+001  0.343171E+000
  0.188775E+001  0.573577E+000  0.483581E-001
  0.188775E+001  0.772712E+000  0.651470E-001
  0.188775E+001  0.223875E+001  0.188748E+000
  0.188775E+001  0.376042E+001  0.317039E+000
  0.188775E+001  0.407031E+001  0.343166E+000
  0.189399E+001  0.595050E+000  0.500030E-001
  0.189399E+001  0.788685E+000  0.662743E-001
  0.189399E+001  0.206485E+001  0.173512E+000
  0.189399E+001  0.225156E+001  0.189202E+000
  0.189399E+001  0.377600E+001  0.317303E+000
  0.189399E+001  0.408371E+001  0.343160E+000
  0.190024E+001  0.615895E+000  0.515844E-001
  0.190024E+001  0.804702E+000  0.673980E-001
  0.190024E+001  0.226444E+001  0.189659E+000
  0.190024E+001  0.379156E+001  0.317563E+000
  0.190024E+001  0.409710E+001  0.343153E+000
  0.190649E+001  0.636161E+000  0.531072E-001
  0.190649E+001  0.820764E+000  0.685180E-001
  0.190649E+001  0.227739E+001  0.190118E+000
  0.190649E+001  0.380709E+001  0.317819E+000
  0.190649E+001  0.411048E+001  0.343146E+000
  0.191274E+001  0.655887E+000  0.545751E-001
  0.191274E+001  0.836862E+000  0.696337E-001
  0.191274E+001  0.229041E+001  0.190580E+000
  0.191274E+001  0.382259E+001  0.318071E+000
  0.191274E+001  0.412385E+001  0.343138E+000
  0.191898E+001  0.675125E+000  0.559929E-001
  0.191898E+001  0.853012E+000  0.707464E-001
  0.191898E+001  0.230350E+001  0.191046E+000
  0.191898E+001  0.383807E+001  0.318319E+000
  0.191898E+001  0.413722E+001  0.343129E+000
  0.192523E+001  0.869197E+000  0.718548E-001
  0.192523E+001  0.231668E+001  0.191515E+000
  0.192523E+001  0.385353E+001  0.318564E+000
  0.192523E+001  0.415059E+001  0.343121E+000
  0.193148E+001  0.712246E+000  0.586895E-001
  0.193148E+001  0.885432E+000  0.729601E-001
  0.193148E+001  0.232994E+001  0.191988E+000
  0.193148E+001  0.386896E+001  0.318805E+000
  0.193148E+001  0.416394E+001  0.343111E+000
  0.193772E+001  0.730199E+000  0.599749E-001
  0.193772E+001  0.901701E+000  0.740612E-001
  0.193772E+001  0.234329E+001  0.192466E+000
  0.193772E+001  0.388437E+001  0.319042E+000
  0.193772E+001  0.417729E+001  0.343101E+000
  0.194397E+001  0.747777E+000  0.612212E-001
  0.194397E+001  0.918020E+000  0.751592E-001
  0.194397E+001  0.235673E+001  0.192948E+000
  0.194397E+001  0.389975E+001  0.319277E+000
  0.194397E+001  0.419063E+001  0.343091E+000
  0.195022E+001  0.765011E+000  0.624315E-001
  0.195022E+001  0.934365E+000  0.762523E-001
  0.195022E+001  0.237027E+001  0.193435E+000
  0.195022E+001  0.391511E+001  0.319507E+000
  0.195022E+001  0.420397E+001  0.343080E+000
  0.195647E+001  0.781927E+000  0.636083E-001
  0.195647E+001  0.950751E+000  0.773418E-001
  0.195647E+001  0.218209E+001  0.177509E+000
  0.195647E+001  0.238392E+001  0.193928E+000
  0.195647E+001  0.393045E+001  0.319735E+000
  0.195647E+001  0.421731E+001  0.343070E+000
  0.196271E+001  0.798545E+000  0.647533E-001
  0.196271E+001  0.967170E+000  0.784270E-001
  0.196271E+001  0.219326E+001  0.177850E+000
  0.196271E+001  0.239768E+001  0.194426E+000
  0.196271E+001  0.394577E+001  0.319959E+000
  0.196271E+001  0.423063E+001  0.343058E+000
  0.196896E+001  0.814874E+000  0.658678E-001
  0.196896E+001  0.983621E+000  0.795080E-001
  0.196896E+001  0.241154E+001  0.194929E+000
  0.196896E+001  0.396106E+001  0.320180E+000
  0.196896E+001  0.424395E+001  0.343047E+000
  0.197521E+001  0.100009E+001  0.805834E-001
  0.197521E+001  0.242551E+001  0.195438E+000
  0.197521E+001  0.397633E+001  0.320398E+000
  0.197521E+001  0.425727E+001  0.343035E+000
  0.198146E+001  0.846778E+000  0.680150E-001
  0.198146E+001  0.101659E+001  0.816546E-001
  0.198146E+001  0.222635E+001  0.178825E+000
  0.198146E+001  0.243960E+001  0.195954E+000
  0.198146E+001  0.266484E+001  0.214045E+000
  0.198146E+001  0.399158E+001  0.320613E+000
  0.198146E+001  0.427058E+001  0.343022E+000
  0.198146E+001  0.439862E+001  0.353307E+000
  0.198771E+001  0.862391E+000  0.690514E-001
  0.198771E+001  0.103310E+001  0.827202E-001
  0.198771E+001  0.203707E+001  0.163108E+000
  0.198771E+001  0.245381E+001  0.196476E+000
  0.198771E+001  0.268096E+001  0.214664E+000
  0.198771E+001  0.400682E+001  0.320824E+000
  0.198771E+001  0.428389E+001  0.343010E+000
  0.198771E+001  0.441277E+001  0.353329E+000
  0.199395E+001  0.877795E+000  0.700646E-001
  0.199395E+001  0.104963E+001  0.837804E-001
  0.199395E+001  0.246814E+001  0.197004E+000
  0.199395E+001  0.269724E+001  0.215290E+000
  0.199395E+001  0.402202E+001  0.321033E+000
  0.199395E+001  0.429720E+001  0.342997E+000
  0.199395E+001  0.442693E+001  0.353353E+000
  0.200020E+001  0.893011E+000  0.710564E-001
  0.200020E+001  0.106618E+001  0.848351E-001
  0.200020E+001  0.205422E+001  0.163453E+000
  0.200020E+001  0.248259E+001  0.197538E+000
  0.200020E+001  0.271367E+001  0.215925E+000
  0.200020E+001  0.403721E+001  0.321239E+000
  0.200020E+001  0.431049E+001  0.342984E+000
  0.200020E+001  0.444110E+001  0.353376E+000
  0.200645E+001  0.908057E+000  0.720287E-001
  0.200645E+001  0.108273E+001  0.858837E-001
  0.200645E+001  0.206279E+001  0.163624E+000
  0.200645E+001  0.249716E+001  0.198079E+000
  0.200645E+001  0.273024E+001  0.216567E+000
  0.200645E+001  0.405238E+001  0.321442E+000
  0.200645E+001  0.432379E+001  0.342970E+000
  0.200645E+001  0.445527E+001  0.353400E+000
  0.201269E+001  0.922957E+000  0.729833E-001
  0.201269E+001  0.109929E+001  0.869268E-001
  0.201269E+001  0.251186E+001  0.198627E+000
  0.201269E+001  0.274694E+001  0.217216E+000
  0.201269E+001  0.406753E+001  0.321642E+000
  0.201269E+001  0.433708E+001  0.342957E+000
  0.201269E+001  0.446944E+001  0.353423E+000
  0.201894E+001  0.937730E+000  0.739220E-001
  0.201894E+001  0.111585E+001  0.879638E-001
  0.201894E+001  0.252669E+001  0.199181E+000
  0.201894E+001  0.276379E+001  0.217872E+000
  0.201894E+001  0.408266E+001  0.321840E+000
  0.201894E+001  0.435037E+001  0.342943E+000
  0.201894E+001  0.448361E+001  0.353447E+000
  0.202519E+001  0.382864E+000  0.300884E-001
  0.202519E+001  0.952405E+000  0.748473E-001
  0.202519E+001  0.113243E+001  0.889947E-001
  0.202519E+001  0.254163E+001  0.199741E+000
  0.202519E+001  0.278076E+001  0.218533E+000
  0.202519E+001  0.409777E+001  0.322034E+000
  0.202519E+001  0.436366E+001  0.342930E+000
  0.202519E+001  0.449778E+001  0.353470E+000
  0.203144E+001  0.114900E+001  0.900194E-001
  0.203144E+001  0.255670E+001  0.200308E+000
  0.203144E+001  0.279786E+001  0.219201E+000
  0.203144E+001  0.411287E+001  0.322226E+000
  0.203144E+001  0.437693E+001  0.342915E+000
  0.203144E+001  0.451196E+001  0.353494E+000
  0.203769E+001  0.981647E+000  0.766723E-001
  0.203769E+001  0.116557E+001  0.910375E-001
  0.203769E+001  0.210556E+001  0.164457E+000
  0.203769E+001  0.257191E+001  0.200881E+000
  0.203769E+001  0.281507E+001  0.219873E+000
  0.203769E+001  0.412794E+001  0.322416E+000
  0.203769E+001  0.439021E+001  0.342901E+000
  0.203769E+001  0.452615E+001  0.353519E+000
  0.204393E+001  0.759522E+000  0.591417E-001
  0.204393E+001  0.996367E+000  0.775841E-001
  0.204393E+001  0.118214E+001  0.920495E-001
  0.204393E+001  0.211411E+001  0.164620E+000
  0.204393E+001  0.258722E+001  0.201459E+000
  0.204393E+001  0.283239E+001  0.220550E+000
  0.204393E+001  0.414299E+001  0.322602E+000
  0.204393E+001  0.440348E+001  0.342886E+000
  0.204393E+001  0.454034E+001  0.353542E+000
  0.205018E+001  0.101139E+001  0.785137E-001
  0.205018E+001  0.119870E+001  0.930547E-001
  0.205018E+001  0.212267E+001  0.164782E+000
  0.205018E+001  0.260267E+001  0.202045E+000
  0.205018E+001  0.284982E+001  0.221231E+000
  0.205018E+001  0.415803E+001  0.322787E+000
  0.205018E+001  0.441676E+001  0.342872E+000
  0.205018E+001  0.455452E+001  0.353566E+000
  0.205643E+001  0.102716E+001  0.794958E-001
  0.205643E+001  0.121526E+001  0.940539E-001
  0.205643E+001  0.213122E+001  0.164943E+000
  0.205643E+001  0.261823E+001  0.202635E+000
  0.205643E+001  0.286736E+001  0.221916E+000
  0.205643E+001  0.417305E+001  0.322969E+000
  0.205643E+001  0.443003E+001  0.342857E+000
  0.206268E+001  0.104494E+001  0.806273E-001
  0.206268E+001  0.123182E+001  0.950469E-001
  0.206268E+001  0.213976E+001  0.165103E+000
  0.206268E+001  0.263392E+001  0.203232E+000
  0.206268E+001  0.288498E+001  0.222604E+000
  0.206268E+001  0.418806E+001  0.323149E+000
  0.206268E+001  0.444329E+001  0.342842E+000
  0.206892E+001  0.106842E+001  0.821898E-001
  0.206892E+001  0.124838E+001  0.960332E-001
  0.206892E+001  0.214831E+001  0.165262E+000
  0.206892E+001  0.264972E+001  0.203834E+000
  0.206892E+001  0.290270E+001  0.223295E+000
  0.206892E+001  0.420305E+001  0.323326E+000
  0.206892E+001  0.445655E+001  0.342827E+000
  0.207517E+001  0.104344E+001  0.800261E-001
  0.207517E+001  0.215686E+001  0.165420E+000
  0.207517E+001  0.266563E+001  0.204440E+000
  0.207517E+001  0.292050E+001  0.223987E+000
  0.207517E+001  0.421802E+001  0.323500E+000
  0.207517E+001  0.446981E+001  0.342812E+000
  0.208142E+001  0.106382E+001  0.813445E-001
  0.208142E+001  0.216542E+001  0.165578E+000
  0.208142E+001  0.268166E+001  0.205052E+000
  0.208142E+001  0.293838E+001  0.224683E+000
  0.208142E+001  0.423297E+001  0.323673E+000
  0.208142E+001  0.462550E+001  0.353688E+000
  0.208766E+001  0.108011E+001  0.823430E-001
  0.208766E+001  0.217397E+001  0.165735E+000
  0.208766E+001  0.269780E+001  0.205669E+000
  0.208766E+001  0.295635E+001  0.225380E+000
  0.208766E+001  0.424790E+001  0.323843E+000
  0.208766E+001  0.449633E+001  0.342781E+000
  0.209391E+001  0.109486E+001  0.832183E-001
  0.209391E+001  0.218254E+001  0.165891E+000
  0.209391E+001  0.271406E+001  0.206291E+000
  0.209391E+001  0.297437E+001  0.226077E+000
  0.209391E+001  0.426283E+001  0.324011E+000
  0.209391E+001  0.450958E+001  0.342766E+000
  0.210016E+001  0.110888E+001  0.840337E-001
  0.210016E+001  0.133114E+001  0.100877E+000
  0.210016E+001  0.219109E+001  0.166046E+000
  0.210016E+001  0.273042E+001  0.206918E+000
  0.210016E+001  0.299247E+001  0.226776E+000
  0.210016E+001  0.427773E+001  0.324177E+000
  0.210016E+001  0.452283E+001  0.342751E+000
  0.210641E+001  0.112250E+001  0.848131E-001
  0.210641E+001  0.134774E+001  0.101832E+000
  0.210641E+001  0.219966E+001  0.166201E+000
  0.210641E+001  0.274688E+001  0.207548E+000
  0.210641E+001  0.301062E+001  0.227475E+000
  0.210641E+001  0.429263E+001  0.324341E+000
  0.210641E+001  0.453609E+001  0.342735E+000
  0.211266E+001  0.113585E+001  0.855681E-001
  0.211266E+001  0.220824E+001  0.166355E+000
  0.211266E+001  0.276345E+001  0.208182E+000
  0.211266E+001  0.302883E+001  0.228174E+000
  0.211266E+001  0.396309E+001  0.298556E+000
  0.211266E+001  0.430750E+001  0.324502E+000
  0.211266E+001  0.454933E+001  0.342720E+000
  0.211890E+001  0.114902E+001  0.863048E-001
  0.211890E+001  0.221681E+001  0.166509E+000
  0.211890E+001  0.278012E+001  0.208820E+000
  0.211890E+001  0.304709E+001  0.228873E+000
  0.211890E+001  0.397876E+001  0.298852E+000
  0.211890E+001  0.432237E+001  0.324662E+000
  0.211890E+001  0.456258E+001  0.342704E+000
  0.212515E+001  0.116204E+001  0.870263E-001
  0.212515E+001  0.222540E+001  0.166663E+000
  0.212515E+001  0.279688E+001  0.209462E+000
  0.212515E+001  0.306540E+001  0.229571E+000
  0.212515E+001  0.399441E+001  0.299146E+000
  0.212515E+001  0.433722E+001  0.324819E+000
  0.212515E+001  0.457582E+001  0.342689E+000
  0.213140E+001  0.117493E+001  0.877343E-001
  0.213140E+001  0.141288E+001  0.105502E+000
  0.213140E+001  0.223399E+001  0.166816E+000
  0.213140E+001  0.281374E+001  0.210107E+000
  0.213140E+001  0.308376E+001  0.230269E+000
  0.213140E+001  0.435204E+001  0.324974E+000
  0.213140E+001  0.458906E+001  0.342673E+000
  0.213765E+001  0.118773E+001  0.884307E-001
  0.213765E+001  0.224259E+001  0.166968E+000
  0.213765E+001  0.283069E+001  0.210754E+000
  0.213765E+001  0.310215E+001  0.230965E+000
  0.213765E+001  0.436687E+001  0.325128E+000
  0.213765E+001  0.460231E+001  0.342657E+000
  0.214389E+001  0.120044E+001  0.891167E-001
  0.214389E+001  0.225120E+001  0.167121E+000
  0.214389E+001  0.284772E+001  0.211405E+000
  0.214389E+001  0.312058E+001  0.231661E+000
  0.214389E+001  0.438167E+001  0.325279E+000
  0.214389E+001  0.461554E+001  0.342642E+000
  0.215014E+001  0.121307E+001  0.897924E-001
  0.215014E+001  0.225981E+001  0.167273E+000
  0.215014E+001  0.286485E+001  0.212059E+000
  0.215014E+001  0.313903E+001  0.232353E+000
  0.215014E+001  0.439647E+001  0.325430E+000
  0.215014E+001  0.462878E+001  0.342626E+000
  0.215639E+001  0.122563E+001  0.904589E-001
  0.215639E+001  0.147925E+001  0.109178E+000
  0.215639E+001  0.226844E+001  0.167425E+000
  0.215639E+001  0.288206E+001  0.212714E+000
  0.215639E+001  0.315752E+001  0.233045E+000
  0.215639E+001  0.441124E+001  0.325577E+000
  0.215639E+001  0.464201E+001  0.342610E+000
  0.216263E+001  0.123812E+001  0.911168E-001
  0.216263E+001  0.149577E+001  0.110078E+000
  0.216263E+001  0.227706E+001  0.167576E+000
  0.216263E+001  0.289935E+001  0.213372E+000
  0.216263E+001  0.317603E+001  0.233734E+000
  0.216263E+001  0.442600E+001  0.325723E+000
  0.216263E+001  0.465526E+001  0.342595E+000
  0.216888E+001  0.125055E+001  0.917669E-001
  0.216888E+001  0.151228E+001  0.110973E+000
  0.216888E+001  0.228571E+001  0.167728E+000
  0.216888E+001  0.291672E+001  0.214032E+000
  0.216888E+001  0.444076E+001  0.325868E+000
  0.216888E+001  0.466849E+001  0.342579E+000
  0.217513E+001  0.126292E+001  0.924083E-001
  0.217513E+001  0.152879E+001  0.111862E+000
  0.217513E+001  0.229436E+001  0.167879E+000
  0.217513E+001  0.293415E+001  0.214693E+000
  0.217513E+001  0.445550E+001  0.326010E+000
  0.217513E+001  0.468172E+001  0.342563E+000
  0.218138E+001  0.127524E+001  0.930425E-001
  0.218138E+001  0.154531E+001  0.112747E+000
  0.218138E+001  0.230301E+001  0.168030E+000
  0.218138E+001  0.295167E+001  0.215356E+000
  0.218138E+001  0.447023E+001  0.326151E+000
  0.218138E+001  0.469496E+001  0.342548E+000
  0.218763E+001  0.128750E+001  0.936687E-001
  0.218763E+001  0.156183E+001  0.113627E+000
  0.218763E+001  0.231169E+001  0.168181E+000
  0.218763E+001  0.296926E+001  0.216020E+000
  0.218763E+001  0.448493E+001  0.326290E+000
  0.218763E+001  0.470818E+001  0.342532E+000
  0.219387E+001  0.129972E+001  0.942882E-001
  0.219387E+001  0.157836E+001  0.114502E+000
  0.219387E+001  0.232038E+001  0.168332E+000
  0.219387E+001  0.298690E+001  0.216685E+000
  0.219387E+001  0.449963E+001  0.326427E+000
  0.219387E+001  0.472141E+001  0.342516E+000
  0.220012E+001  0.131189E+001  0.949010E-001
  0.220012E+001  0.232907E+001  0.168483E+000
  0.220012E+001  0.260523E+001  0.188460E+000
  0.220012E+001  0.300461E+001  0.217351E+000
  0.220012E+001  0.451433E+001  0.326563E+000
  0.220012E+001  0.473465E+001  0.342501E+000
  0.220637E+001  0.132402E+001  0.955071E-001
  0.220637E+001  0.161144E+001  0.116240E+000
  0.220637E+001  0.233778E+001  0.168635E+000
  0.220637E+001  0.261564E+001  0.188678E+000
  0.220637E+001  0.302238E+001  0.218017E+000
  0.220637E+001  0.452900E+001  0.326697E+000
  0.220637E+001  0.474787E+001  0.342485E+000
  0.221261E+001  0.133610E+001  0.961065E-001
  0.221261E+001  0.162799E+001  0.117103E+000
  0.221261E+001  0.234651E+001  0.168786E+000
  0.221261E+001  0.260886E+001  0.187657E+000
  0.221261E+001  0.304021E+001  0.218685E+000
  0.221261E+001  0.454367E+001  0.326829E+000
  0.221261E+001  0.476110E+001  0.342469E+000
  0.221886E+001  0.134814E+001  0.966997E-001
  0.221886E+001  0.164456E+001  0.117961E+000
  0.221886E+001  0.235524E+001  0.168937E+000
  0.221886E+001  0.305810E+001  0.219352E+000
  0.221886E+001  0.477432E+001  0.342454E+000
  0.222511E+001  0.136014E+001  0.972863E-001
  0.222511E+001  0.166114E+001  0.118816E+000
  0.222511E+001  0.236399E+001  0.169089E+000
  0.222511E+001  0.307603E+001  0.220018E+000
  0.222511E+001  0.478755E+001  0.342438E+000
  0.223136E+001  0.137210E+001  0.978673E-001
  0.223136E+001  0.167773E+001  0.119667E+000
  0.223136E+001  0.237276E+001  0.169241E+000
  0.223136E+001  0.309402E+001  0.220685E+000
  0.223136E+001  0.458760E+001  0.327217E+000
  0.223136E+001  0.480078E+001  0.342423E+000
  0.223760E+001  0.138403E+001  0.984423E-001
  0.223760E+001  0.169434E+001  0.120514E+000
  0.223760E+001  0.238154E+001  0.169393E+000
  0.223760E+001  0.311204E+001  0.221351E+000
  0.223760E+001  0.460222E+001  0.327344E+000
  0.223760E+001  0.481401E+001  0.342408E+000
  0.224385E+001  0.139592E+001  0.990117E-001
  0.224385E+001  0.239033E+001  0.169545E+000
  0.224385E+001  0.313012E+001  0.222017E+000
  0.224385E+001  0.461683E+001  0.327469E+000
  0.224385E+001  0.482723E+001  0.342392E+000
  0.225010E+001  0.140778E+001  0.995757E-001
  0.225010E+001  0.239914E+001  0.169697E+000
  0.225010E+001  0.314823E+001  0.222682E+000
  0.225010E+001  0.463143E+001  0.327592E+000
  0.225010E+001  0.484045E+001  0.342377E+000
  0.225635E+001  0.141961E+001  0.100134E+000
  0.225635E+001  0.240798E+001  0.169850E+000
  0.225635E+001  0.316639E+001  0.223346E+000
  0.225635E+001  0.464602E+001  0.327714E+000
  0.225635E+001  0.485368E+001  0.342362E+000
  0.226260E+001  0.143140E+001  0.100687E+000
  0.226260E+001  0.241682E+001  0.170004E+000
  0.226260E+001  0.318457E+001  0.224008E+000
  0.226260E+001  0.466060E+001  0.327835E+000
  0.226260E+001  0.486690E+001  0.342347E+000
  0.226884E+001  0.144316E+001  0.101235E+000
  0.226884E+001  0.242568E+001  0.170157E+000
  0.226884E+001  0.320278E+001  0.224669E+000
  0.226884E+001  0.349173E+001  0.244938E+000
  0.226884E+001  0.434757E+001  0.304974E+000
  0.226884E+001  0.467517E+001  0.327954E+000
  0.226884E+001  0.488013E+001  0.342331E+000
  0.227509E+001  0.145489E+001  0.101777E+000
  0.227509E+001  0.243457E+001  0.170311E+000
  0.227509E+001  0.322103E+001  0.225329E+000
  0.227509E+001  0.351025E+001  0.245561E+000
  0.227509E+001  0.436266E+001  0.305192E+000
  0.227509E+001  0.468973E+001  0.328072E+000
  0.227509E+001  0.489335E+001  0.342316E+000
  0.228134E+001  0.146659E+001  0.102315E+000
  0.228134E+001  0.244347E+001  0.170466E+000
  0.228134E+001  0.323931E+001  0.225987E+000
  0.228134E+001  0.352873E+001  0.246178E+000
  0.228134E+001  0.470428E+001  0.328189E+000
  0.228134E+001  0.490657E+001  0.342302E+000
  0.228758E+001  0.147826E+001  0.102848E+000
  0.228758E+001  0.245238E+001  0.170621E+000
  0.228758E+001  0.325761E+001  0.226643E+000
  0.228758E+001  0.354720E+001  0.246791E+000
  0.228758E+001  0.471882E+001  0.328304E+000
  0.228758E+001  0.491980E+001  0.342287E+000
  0.229383E+001  0.148991E+001  0.103376E+000
  0.229383E+001  0.246133E+001  0.170776E+000
  0.229383E+001  0.327593E+001  0.227297E+000
  0.229383E+001  0.356566E+001  0.247399E+000
  0.229383E+001  0.473336E+001  0.328418E+000
  0.229383E+001  0.493302E+001  0.342272E+000
  0.230008E+001  0.150153E+001  0.103899E+000
  0.230008E+001  0.247029E+001  0.170933E+000
  0.230008E+001  0.329427E+001  0.227949E+000
  0.230008E+001  0.358409E+001  0.248003E+000
  0.230008E+001  0.474787E+001  0.328531E+000
  0.230633E+001  0.151312E+001  0.104417E+000
  0.230633E+001  0.247927E+001  0.171089E+000
  0.230633E+001  0.331264E+001  0.228599E+000
  0.230633E+001  0.360251E+001  0.248602E+000
  0.230633E+001  0.476239E+001  0.328642E+000
  0.231258E+001  0.152468E+001  0.104931E+000
  0.231258E+001  0.248827E+001  0.171247E+000
  0.231258E+001  0.333101E+001  0.229246E+000
  0.231258E+001  0.362089E+001  0.249195E+000
  0.231258E+001  0.477689E+001  0.328753E+000
  0.231882E+001  0.153623E+001  0.105441E+000
  0.231882E+001  0.249730E+001  0.171405E+000
  0.231882E+001  0.334940E+001  0.229890E+000
  0.231882E+001  0.363926E+001  0.249784E+000
  0.231882E+001  0.479139E+001  0.328862E+000
  0.232507E+001  0.154774E+001  0.105945E+000
  0.232507E+001  0.250635E+001  0.171564E+000
  0.232507E+001  0.336780E+001  0.230532E+000
  0.232507E+001  0.365760E+001  0.250369E+000
  0.232507E+001  0.499913E+001  0.342199E+000
  0.233132E+001  0.155924E+001  0.106446E+000
  0.233132E+001  0.251541E+001  0.171723E+000
  0.233132E+001  0.338621E+001  0.231171E+000
  0.233132E+001  0.367592E+001  0.250948E+000
  0.233132E+001  0.501236E+001  0.342185E+000
  0.233757E+001  0.157070E+001  0.106943E+000
  0.233757E+001  0.252450E+001  0.171883E+000
  0.233757E+001  0.340462E+001  0.231807E+000
  0.233757E+001  0.369420E+001  0.251523E+000
  0.233757E+001  0.502558E+001  0.342170E+000
  0.234381E+001  0.158215E+001  0.107435E+000
  0.234381E+001  0.253362E+001  0.172044E+000
  0.234381E+001  0.342305E+001  0.232439E+000
  0.234381E+001  0.371247E+001  0.252093E+000
  0.234381E+001  0.484928E+001  0.329287E+000
  0.235006E+001  0.159357E+001  0.107923E+000
  0.235006E+001  0.254277E+001  0.172206E+000
  0.235006E+001  0.344147E+001  0.233069E+000
  0.235006E+001  0.373071E+001  0.252658E+000
  0.235006E+001  0.486373E+001  0.329390E+000
  0.235631E+001  0.160498E+001  0.108407E+000
  0.235631E+001  0.255194E+001  0.172369E+000
  0.235631E+001  0.345989E+001  0.233696E+000
  0.235631E+001  0.374893E+001  0.253218E+000
  0.235631E+001  0.487818E+001  0.329493E+000
  0.236255E+001  0.506070E+000  0.340917E-001
  0.236255E+001  0.161635E+001  0.108887E+000
  0.236255E+001  0.256113E+001  0.172532E+000
  0.236255E+001  0.347831E+001  0.234319E+000
  0.236255E+001  0.376711E+001  0.253774E+000
  0.236255E+001  0.489261E+001  0.329593E+000
  0.236880E+001  0.743880E+000  0.499798E-001
  0.236880E+001  0.162771E+001  0.109363E+000
  0.236880E+001  0.257035E+001  0.172696E+000
  0.236880E+001  0.349673E+001  0.234938E+000
  0.236880E+001  0.490703E+001  0.329694E+000
  0.237505E+001  0.884906E+000  0.592986E-001
  0.237505E+001  0.163906E+001  0.109835E+000
  0.237505E+001  0.257960E+001  0.172862E+000
  0.237505E+001  0.351515E+001  0.235555E+000
  0.237505E+001  0.492146E+001  0.329793E+000
  0.238130E+001  0.989697E+000  0.661468E-001
  0.238130E+001  0.165037E+001  0.110303E+000
  0.238130E+001  0.258888E+001  0.173028E+000
  0.238130E+001  0.353356E+001  0.236167E+000
  0.238130E+001  0.493588E+001  0.329891E+000
  0.238755E+001  0.107472E+001  0.716411E-001
  0.238755E+001  0.166168E+001  0.110768E+000
  0.238755E+001  0.259818E+001  0.173196E+000
  0.238755E+001  0.355197E+001  0.236776E+000
  0.238755E+001  0.495028E+001  0.329988E+000
  0.239379E+001  0.114708E+001  0.762652E-001
  0.239379E+001  0.167296E+001  0.111229E+000
  0.239379E+001  0.260751E+001  0.173364E+000
  0.239379E+001  0.357036E+001  0.237381E+000
  0.239379E+001  0.496468E+001  0.330084E+000
  0.240004E+001  0.121053E+001  0.802746E-001
  0.240004E+001  0.168422E+001  0.111686E+000
  0.240004E+001  0.213221E+001  0.141394E+000
  0.240004E+001  0.261687E+001  0.173534E+000
  0.240004E+001  0.358875E+001  0.237982E+000
  0.240004E+001  0.497907E+001  0.330179E+000
  0.240629E+001  0.126733E+001  0.838231E-001
  0.240629E+001  0.169546E+001  0.112140E+000
  0.240629E+001  0.214919E+001  0.142150E+000
  0.240629E+001  0.262627E+001  0.173705E+000
  0.240629E+001  0.360712E+001  0.238580E+000
  0.240629E+001  0.499345E+001  0.330273E+000
  0.241254E+001  0.131896E+001  0.870116E-001
  0.241254E+001  0.170669E+001  0.112590E+000
  0.241254E+001  0.263569E+001  0.173876E+000
  0.241254E+001  0.362548E+001  0.239173E+000
  0.241254E+001  0.500783E+001  0.330367E+000
  0.241878E+001  0.136641E+001  0.899090E-001
  0.241878E+001  0.171790E+001  0.113037E+000
  0.241878E+001  0.264514E+001  0.174049E+000
  0.241878E+001  0.364383E+001  0.239762E+000
  0.241878E+001  0.470482E+001  0.309575E+000
  0.241878E+001  0.502221E+001  0.330459E+000
  0.242503E+001  0.141043E+001  0.925664E-001
  0.242503E+001  0.172909E+001  0.113480E+000
  0.242503E+001  0.265463E+001  0.174224E+000
  0.242503E+001  0.366216E+001  0.240348E+000
  0.242503E+001  0.503657E+001  0.330550E+000
  0.243128E+001  0.174025E+001  0.113920E+000
  0.243128E+001  0.266414E+001  0.174399E+000
  0.243128E+001  0.368048E+001  0.240929E+000
  0.243128E+001  0.505093E+001  0.330641E+000
  0.243752E+001  0.175141E+001  0.114356E+000
  0.243752E+001  0.267370E+001  0.174576E+000
  0.243752E+001  0.369878E+001  0.241507E+000
  0.243752E+001  0.523719E+001  0.341955E+000
  0.244377E+001  0.152678E+001  0.994341E-001
  0.244377E+001  0.176255E+001  0.114789E+000
  0.244377E+001  0.268328E+001  0.174753E+000
  0.244377E+001  0.371706E+001  0.242080E+000
  0.244377E+001  0.525042E+001  0.341943E+000
  0.245002E+001  0.177367E+001  0.115219E+000
  0.245002E+001  0.269290E+001  0.174933E+000
  0.245002E+001  0.373532E+001  0.242649E+000
  0.245002E+001  0.526365E+001  0.341930E+000
  0.245627E+001  0.178478E+001  0.115646E+000
  0.245627E+001  0.270256E+001  0.175113E+000
  0.245627E+001  0.375356E+001  0.243213E+000
  0.245627E+001  0.510830E+001  0.330995E+000
  0.246252E+001  0.179587E+001  0.116069E+000
  0.246252E+001  0.271225E+001  0.175295E+000
  0.246252E+001  0.377178E+001  0.243774E+000
  0.246252E+001  0.512263E+001  0.331081E+000
  0.246876E+001  0.180695E+001  0.116490E+000
  0.246876E+001  0.272197E+001  0.175478E+000
  0.246876E+001  0.378998E+001  0.244330E+000
  0.246876E+001  0.513695E+001  0.331166E+000
  0.247501E+001  0.181802E+001  0.116907E+000
  0.247501E+001  0.273173E+001  0.175663E+000
  0.247501E+001  0.380815E+001  0.244882E+000
  0.247501E+001  0.515126E+001  0.331251E+000
  0.248126E+001  0.171336E+001  0.109900E+000
  0.248126E+001  0.274153E+001  0.175850E+000
  0.248126E+001  0.382631E+001  0.245430E+000
  0.248126E+001  0.516558E+001  0.331335E+000
  0.248751E+001  0.184010E+001  0.117733E+000
  0.248751E+001  0.275137E+001  0.176038E+000
  0.248751E+001  0.384443E+001  0.245973E+000
  0.248751E+001  0.517988E+001  0.331418E+000
  0.249375E+001  0.185112E+001  0.118141E+000
  0.249375E+001  0.276125E+001  0.176227E+000
  0.249375E+001  0.386254E+001  0.246513E+000
  0.249375E+001  0.519418E+001  0.331500E+000
