  0.689457E-002  0.781205E-001
  0.772750E-002  0.830506E-001
  0.859648E-002  0.879745E-001
  0.949971E-002  0.928923E-001
  0.104354E-001  0.978039E-001
  0.114019E-001  0.102710E+000
  0.123977E-001  0.107609E+000
  0.134211E-001  0.112504E+000
  0.144709E-001  0.117392E+000
  0.155456E-001  0.122275E+000
  0.166440E-001  0.127153E+000
  0.177649E-001  0.132026E+000
  0.189073E-001  0.136894E+000
  0.200701E-001  0.141757E+000
  0.212524E-001  0.146615E+000
  0.224532E-001  0.151468E+000
  0.236719E-001  0.156318E+000
  0.249077E-001  0.161163E+000
  0.261598E-001  0.166003E+000
  0.274276E-001  0.170840E+000
  0.287105E-001  0.175672E+000
  0.300081E-001  0.180501E+000
  0.313198E-001  0.185326E+000
  0.326450E-001  0.190147E+000
  0.339835E-001  0.194965E+000
  0.353348E-001  0.199779E+000
  0.366986E-001  0.204589E+000
  0.380745E-001  0.209396E+000
  0.394622E-001  0.214200E+000
  0.408614E-001  0.219000E+000
  0.422719E-001  0.223797E+000
  0.436935E-001  0.228590E+000
  0.451258E-001  0.233381E+000
  0.465686E-001  0.238168E+000
  0.480219E-001  0.242952E+000
  0.494853E-001  0.247733E+000
  0.509587E-001  0.252511E+000
  0.524420E-001  0.257286E+000
  0.539350E-001  0.262058E+000
  0.554375E-001  0.266827E+000
  0.569493E-001  0.271593E+000
  0.584705E-001  0.276356E+000
  0.600007E-001  0.281116E+000
  0.615400E-001  0.285873E+000
  0.630882E-001  0.290627E+000
  0.646451E-001  0.295379E+000
  0.662107E-001  0.300127E+000
  0.677848E-001  0.304873E+000
  0.693673E-001  0.309616E+000
  0.709582E-001  0.314356E+000
  0.725574E-001  0.319094E+000
  0.741646E-001  0.323828E+000
  0.757799E-001  0.328560E+000
  0.774032E-001  0.333289E+000
  0.790343E-001  0.338016E+000
  0.806731E-001  0.342740E+000
  0.823196E-001  0.347461E+000
  0.839737E-001  0.352179E+000
  0.856353E-001  0.356895E+000
  0.873042E-001  0.361608E+000
  0.889805E-001  0.366319E+000
  0.906640E-001  0.371027E+000
  0.923546E-001  0.375733E+000
  0.940522E-001  0.380436E+000
  0.957569E-001  0.385136E+000
  0.974684E-001  0.389834E+000
  0.991867E-001  0.394529E+000
  0.100912E+000  0.399222E+000
  0.102643E+000  0.403913E+000
  0.104381E+000  0.408601E+000
  0.106126E+000  0.413287E+000
  0.107877E+000  0.417970E+000
  0.109634E+000  0.422651E+000
  0.111398E+000  0.427330E+000
  0.113168E+000  0.432006E+000
  0.114943E+000  0.436680E+000
  0.116725E+000  0.441352E+000
  0.118513E+000  0.446022E+000
  0.120306E+000  0.450689E+000
  0.122105E+000  0.455354E+000
  0.123910E+000  0.460017E+000
  0.125721E+000  0.464678E+000
  0.127537E+000  0.469336E+000
  0.129358E+000  0.473993E+000
  0.131185E+000  0.478647E+000
  0.133017E+000  0.483299E+000
  0.134854E+000  0.487949E+000
  0.136697E+000  0.492597E+000
  0.138545E+000  0.497244E+000
  0.140397E+000  0.501888E+000
  0.142255E+000  0.506530E+000
  0.144117E+000  0.511170E+000
  0.145985E+000  0.515808E+000
  0.147857E+000  0.520444E+000
  0.149733E+000  0.525079E+000
  0.151615E+000  0.529711E+000
  0.153501E+000  0.534342E+000
  0.155391E+000  0.538971E+000
  0.157286E+000  0.543598E+000
  0.159185E+000  0.548223E+000
  0.161089E+000  0.552847E+000
  0.162997E+000  0.557468E+000
  0.164909E+000  0.562088E+000
  0.166825E+000  0.566707E+000
  0.168745E+000  0.571323E+000
  0.170669E+000  0.575938E+000
  0.172597E+000  0.580551E+000
  0.174529E+000  0.585163E+000
  0.176465E+000  0.589773E+000
  0.178405E+000  0.594381E+000
  0.180349E+000  0.598988E+000
  0.182296E+000  0.603594E+000
  0.184247E+000  0.608197E+000
  0.186201E+000  0.612800E+000
  0.188159E+000  0.617400E+000
  0.190120E+000  0.621999E+000
  0.192085E+000  0.626597E+000
  0.194053E+000  0.631194E+000
  0.196025E+000  0.635788E+000
  0.198000E+000  0.640382E+000
  0.199978E+000  0.644974E+000
  0.201959E+000  0.649565E+000
  0.203944E+000  0.654154E+000
  0.205931E+000  0.658742E+000
  0.207922E+000  0.663329E+000
  0.209916E+000  0.667914E+000
  0.211913E+000  0.672498E+000
  0.213912E+000  0.677081E+000
  0.215915E+000  0.681662E+000
  0.217920E+000  0.686242E+000
  0.219928E+000  0.690821E+000
  0.221939E+000  0.695399E+000
  0.223953E+000  0.699975E+000
  0.225970E+000  0.704551E+000
  0.227989E+000  0.709125E+000
  0.230011E+000  0.713698E+000
  0.232035E+000  0.718270E+000
  0.234062E+000  0.722841E+000
  0.236092E+000  0.727410E+000
  0.238124E+000  0.731979E+000
  0.240158E+000  0.736546E+000
  0.242195E+000  0.741112E+000
  0.244234E+000  0.745677E+000
  0.246276E+000  0.750242E+000
  0.248320E+000  0.754805E+000
  0.250366E+000  0.759367E+000
  0.252415E+000  0.763928E+000
  0.254466E+000  0.768488E+000
  0.256519E+000  0.773047E+000
  0.258574E+000  0.777605E+000
  0.260631E+000  0.782162E+000
  0.262691E+000  0.786718E+000
  0.264752E+000  0.791274E+000
  0.266816E+000  0.795828E+000
  0.268882E+000  0.800381E+000
  0.270950E+000  0.804934E+000
  0.273019E+000  0.809485E+000
  0.275091E+000  0.814036E+000
  0.277165E+000  0.818585E+000
  0.279240E+000  0.823134E+000
  0.281318E+000  0.827682E+000
  0.283397E+000  0.832229E+000
  0.285478E+000  0.836776E+000
  0.287561E+000  0.841321E+000
  0.289646E+000  0.845866E+000
  0.291732E+000  0.850410E+000
  0.293821E+000  0.854953E+000
  0.295911E+000  0.859495E+000
  0.298002E+000  0.864036E+000
  0.300096E+000  0.868577E+000
  0.302191E+000  0.873117E+000
  0.304287E+000  0.877656E+000
  0.306386E+000  0.882194E+000
  0.308486E+000  0.886732E+000
  0.310587E+000  0.891269E+000
  0.312690E+000  0.895805E+000
  0.314795E+000  0.900341E+000
  0.316901E+000  0.904875E+000
  0.319009E+000  0.909410E+000
  0.321118E+000  0.913943E+000
  0.323228E+000  0.918476E+000
  0.325340E+000  0.923008E+000
  0.327454E+000  0.927539E+000
  0.329569E+000  0.932070E+000
  0.331685E+000  0.936600E+000
  0.333803E+000  0.941129E+000
  0.335922E+000  0.945658E+000
  0.338042E+000  0.950186E+000
  0.340164E+000  0.954714E+000
  0.342286E+000  0.959241E+000
  0.344411E+000  0.963767E+000
  0.346536E+000  0.968293E+000
  0.348663E+000  0.972818E+000
  0.350791E+000  0.977342E+000
  0.352920E+000  0.981866E+000
  0.355051E+000  0.986390E+000
  0.357183E+000  0.990912E+000
  0.359315E+000  0.995435E+000
  0.361450E+000  0.999956E+000
  0.363585E+000  0.100448E+001
  0.365721E+000  0.100900E+001
  0.367859E+000  0.101352E+001
  0.369997E+000  0.101804E+001
  0.372137E+000  0.102256E+001
  0.374278E+000  0.102708E+001
  0.376419E+000  0.103159E+001
  0.378562E+000  0.103611E+001
  0.380706E+000  0.104063E+001
  0.382851E+000  0.104514E+001
  0.384997E+000  0.104966E+001
  0.387144E+000  0.105418E+001
  0.389292E+000  0.105869E+001
  0.391441E+000  0.106321E+001
  0.393591E+000  0.106772E+001
  0.395742E+000  0.107223E+001
  0.397894E+000  0.107675E+001
  0.400047E+000  0.108126E+001
  0.402201E+000  0.108577E+001
  0.404355E+000  0.109028E+001
  0.406511E+000  0.109480E+001
  0.408667E+000  0.109931E+001
  0.410824E+000  0.110382E+001
  0.412982E+000  0.110833E+001
  0.415141E+000  0.111284E+001
  0.417301E+000  0.111735E+001
  0.419462E+000  0.112186E+001
  0.421623E+000  0.112636E+001
  0.423786E+000  0.113087E+001
  0.425949E+000  0.113538E+001
  0.428113E+000  0.113989E+001
  0.430277E+000  0.114440E+001
  0.432443E+000  0.114890E+001
  0.434609E+000  0.115341E+001
  0.436776E+000  0.115791E+001
  0.438943E+000  0.116242E+001
  0.441112E+000  0.116693E+001
  0.443281E+000  0.117143E+001
  0.445451E+000  0.117594E+001
  0.447621E+000  0.118044E+001
  0.449792E+000  0.118494E+001
  0.451964E+000  0.118945E+001
  0.454136E+000  0.119395E+001
  0.456310E+000  0.119845E+001
  0.458483E+000  0.120296E+001
  0.460658E+000  0.120746E+001
  0.462833E+000  0.121196E+001
  0.465009E+000  0.121646E+001
  0.467185E+000  0.122096E+001
  0.469362E+000  0.122547E+001
  0.471539E+000  0.122997E+001
  0.473717E+000  0.123447E+001
  0.475896E+000  0.123897E+001
  0.478075E+000  0.124347E+001
  0.480255E+000  0.124797E+001
  0.482435E+000  0.125247E+001
  0.484616E+000  0.125697E+001
  0.486797E+000  0.126147E+001
  0.488979E+000  0.126596E+001
  0.491162E+000  0.127046E+001
  0.493345E+000  0.127496E+001
  0.495528E+000  0.127946E+001
  0.497712E+000  0.128396E+001
  0.499896E+000  0.128846E+001
  0.502081E+000  0.129295E+001
  0.504267E+000  0.129745E+001
  0.506452E+000  0.130195E+001
  0.508639E+000  0.130644E+001
  0.510825E+000  0.131094E+001
  0.513012E+000  0.131544E+001
  0.515200E+000  0.131993E+001
  0.517388E+000  0.132443E+001
  0.519576E+000  0.132892E+001
  0.521765E+000  0.133342E+001
  0.523954E+000  0.133791E+001
  0.526144E+000  0.134241E+001
  0.528334E+000  0.134690E+001
  0.530524E+000  0.135140E+001
  0.532715E+000  0.135589E+001
  0.534906E+000  0.136039E+001
  0.537097E+000  0.136488E+001
  0.539289E+000  0.136938E+001
  0.541481E+000  0.137387E+001
  0.543673E+000  0.137836E+001
  0.545866E+000  0.138286E+001
  0.548059E+000  0.138735E+001
  0.550252E+000  0.139184E+001
  0.552446E+000  0.139634E+001
  0.554640E+000  0.140083E+001
  0.556834E+000  0.140532E+001
  0.559028E+000  0.140982E+001
  0.561223E+000  0.141431E+001
  0.563418E+000  0.141880E+001
  0.565614E+000  0.142329E+001
  0.567809E+000  0.142779E+001
  0.570005E+000  0.143228E+001
  0.572201E+000  0.143677E+001
  0.574397E+000  0.144126E+001
  0.576594E+000  0.144575E+001
  0.578790E+000  0.145024E+001
  0.580987E+000  0.145474E+001
  0.583184E+000  0.145923E+001
  0.585382E+000  0.146372E+001
  0.587579E+000  0.146821E+001
  0.589777E+000  0.147270E+001
  0.591975E+000  0.147719E+001
  0.594173E+000  0.148168E+001
  0.596371E+000  0.148617E+001
  0.598570E+000  0.149066E+001
  0.600768E+000  0.149515E+001
  0.602967E+000  0.149965E+001
  0.605166E+000  0.150414E+001
  0.607365E+000  0.150863E+001
  0.609564E+000  0.151312E+001
  0.611763E+000  0.151761E+001
  0.613963E+000  0.152210E+001
  0.616162E+000  0.152659E+001
  0.618362E+000  0.153108E+001
  0.620562E+000  0.153557E+001
  0.622762E+000  0.154006E+001
  0.624961E+000  0.154455E+001
  0.627161E+000  0.154904E+001
  0.629362E+000  0.155353E+001
  0.631562E+000  0.155802E+001
  0.633762E+000  0.156251E+001
  0.635962E+000  0.156700E+001
  0.638163E+000  0.157149E+001
  0.640363E+000  0.157598E+001
  0.642564E+000  0.158047E+001
  0.644764E+000  0.158496E+001
  0.646965E+000  0.158945E+001
  0.649165E+000  0.159394E+001
  0.651366E+000  0.159843E+001
  0.653567E+000  0.160292E+001
  0.655767E+000  0.160741E+001
  0.657968E+000  0.161189E+001
  0.660169E+000  0.161638E+001
  0.662369E+000  0.162087E+001
  0.664570E+000  0.162536E+001
  0.666771E+000  0.162985E+001
  0.668971E+000  0.163434E+001
  0.671172E+000  0.163883E+001
  0.673372E+000  0.164332E+001
  0.675573E+000  0.164781E+001
  0.677773E+000  0.165230E+001
  0.679974E+000  0.165679E+001
  0.682174E+000  0.166128E+001
  0.684375E+000  0.166577E+001
  0.686575E+000  0.167026E+001
  0.688775E+000  0.167475E+001
  0.690975E+000  0.167924E+001
  0.693176E+000  0.168373E+001
  0.695376E+000  0.168822E+001
  0.697576E+000  0.169271E+001
  0.699775E+000  0.169720E+001
  0.701975E+000  0.170169E+001
  0.704175E+000  0.170618E+001
  0.706374E+000  0.171067E+001
  0.708574E+000  0.171516E+001
  0.710773E+000  0.171965E+001
  0.712972E+000  0.172414E+001
  0.715172E+000  0.172863E+001
  0.717371E+000  0.173312E+001
  0.719569E+000  0.173761E+001
  0.721768E+000  0.174210E+001
  0.723967E+000  0.174659E+001
  0.726165E+000  0.175109E+001
  0.728363E+000  0.175558E+001
  0.730562E+000  0.176007E+001
  0.732760E+000  0.176456E+001
  0.734957E+000  0.176905E+001
  0.737155E+000  0.177354E+001
  0.739352E+000  0.177803E+001
  0.741550E+000  0.178252E+001
  0.743747E+000  0.178701E+001
  0.745944E+000  0.179151E+001
  0.748140E+000  0.179600E+001
  0.750337E+000  0.180049E+001
  0.752533E+000  0.180498E+001
  0.754729E+000  0.180947E+001
  0.756925E+000  0.181397E+001
  0.759121E+000  0.181846E+001
  0.761316E+000  0.182295E+001
  0.763512E+000  0.182744E+001
  0.765707E+000  0.183193E+001
  0.767901E+000  0.183643E+001
  0.770096E+000  0.184092E+001
  0.772290E+000  0.184541E+001
  0.774484E+000  0.184991E+001
  0.776678E+000  0.185440E+001
  0.778872E+000  0.185889E+001
  0.781065E+000  0.186338E+001
  0.783258E+000  0.186788E+001
  0.785451E+000  0.187237E+001
  0.787643E+000  0.187687E+001
  0.789835E+000  0.188136E+001
  0.792027E+000  0.188585E+001
  0.794219E+000  0.189035E+001
  0.796410E+000  0.189484E+001
  0.798602E+000  0.189934E+001
  0.800792E+000  0.190383E+001
  0.802983E+000  0.190832E+001
  0.805173E+000  0.191282E+001
  0.807363E+000  0.191731E+001
  0.809552E+000  0.192181E+001
  0.811742E+000  0.192630E+001
  0.813931E+000  0.193080E+001
  0.816119E+000  0.193530E+001
  0.818307E+000  0.193979E+001
  0.820495E+000  0.194429E+001
  0.822683E+000  0.194878E+001
  0.824870E+000  0.195328E+001
  0.827057E+000  0.195778E+001
  0.829244E+000  0.196227E+001
  0.831430E+000  0.196677E+001
  0.833616E+000  0.197127E+001
  0.835801E+000  0.197576E+001
  0.837986E+000  0.198026E+001
  0.840171E+000  0.198476E+001
  0.842355E+000  0.198926E+001
  0.844540E+000  0.199375E+001
  0.846723E+000  0.199825E+001
  0.848906E+000  0.200275E+001
  0.851089E+000  0.200725E+001
  0.853272E+000  0.201175E+001
  0.855454E+000  0.201624E+001
  0.857636E+000  0.202074E+001
  0.859817E+000  0.202524E+001
  0.861998E+000  0.202974E+001
  0.864178E+000  0.203424E+001
  0.866358E+000  0.203874E+001
  0.868538E+000  0.204324E+001
  0.870717E+000  0.204774E+001
  0.872896E+000  0.205224E+001
  0.875075E+000  0.205674E+001
  0.877253E+000  0.206124E+001
  0.879430E+000  0.206574E+001
  0.881607E+000  0.207024E+001
  0.883784E+000  0.207475E+001
  0.885960E+000  0.207925E+001
  0.888136E+000  0.208375E+001
  0.890312E+000  0.208825E+001
  0.892487E+000  0.209275E+001
  0.894661E+000  0.209726E+001
  0.896835E+000  0.210176E+001
  0.899009E+000  0.210626E+001
  0.901182E+000  0.211076E+001
  0.903355E+000  0.211527E+001
  0.905527E+000  0.211977E+001
  0.907699E+000  0.212427E+001
  0.909870E+000  0.212878E+001
  0.912041E+000  0.213328E+001
  0.914211E+000  0.213779E+001
  0.916381E+000  0.214229E+001
  0.918550E+000  0.214680E+001
  0.920719E+000  0.215130E+001
  0.922888E+000  0.215581E+001
  0.925056E+000  0.216031E+001
  0.927223E+000  0.216482E+001
  0.929390E+000  0.216932E+001
  0.931556E+000  0.217383E+001
  0.933722E+000  0.217834E+001
  0.935888E+000  0.218284E+001
  0.938053E+000  0.218735E+001
  0.940217E+000  0.219186E+001
  0.942382E+000  0.219637E+001
  0.944545E+000  0.220087E+001
  0.946708E+000  0.220538E+001
  0.948870E+000  0.220989E+001
  0.951032E+000  0.221440E+001
  0.953194E+000  0.221891E+001
  0.955355E+000  0.222342E+001
  0.957515E+000  0.222792E+001
  0.959675E+000  0.223243E+001
  0.961835E+000  0.223694E+001
  0.963994E+000  0.224145E+001
  0.966152E+000  0.224596E+001
  0.968310E+000  0.225047E+001
  0.970467E+000  0.225498E+001
  0.972624E+000  0.225950E+001
  0.974780E+000  0.226401E+001
  0.976936E+000  0.226852E+001
  0.979091E+000  0.227303E+001
  0.981246E+000  0.227754E+001
  0.983400E+000  0.228205E+001
  0.985554E+000  0.228657E+001
  0.987707E+000  0.229108E+001
  0.989860E+000  0.229559E+001
  0.992012E+000  0.230010E+001
  0.994163E+000  0.230462E+001
  0.996314E+000  0.230913E+001
  0.998465E+000  0.231365E+001
  0.100061E+001  0.231816E+001
  0.100276E+001  0.232267E+001
  0.100491E+001  0.232719E+001
  0.100706E+001  0.233170E+001
  0.100921E+001  0.233622E+001
  0.101136E+001  0.234073E+001
  0.101350E+001  0.234525E+001
  0.101565E+001  0.234977E+001
  0.101780E+001  0.235428E+001
  0.101994E+001  0.235880E+001
  0.102208E+001  0.236332E+001
  0.102423E+001  0.236783E+001
  0.102637E+001  0.237235E+001
  0.102852E+001  0.237687E+001
  0.103066E+001  0.238139E+001
  0.103280E+001  0.238590E+001
  0.103494E+001  0.239042E+001
  0.103708E+001  0.239494E+001
  0.103922E+001  0.239946E+001
  0.104136E+001  0.240398E+001
  0.104350E+001  0.240850E+001
  0.104564E+001  0.241302E+001
  0.104778E+001  0.241754E+001
  0.104992E+001  0.242206E+001
  0.105205E+001  0.242658E+001
  0.105419E+001  0.243110E+001
  0.105633E+001  0.243562E+001
  0.105846E+001  0.244014E+001
  0.106060E+001  0.244466E+001
  0.106273E+001  0.244918E+001
  0.106486E+001  0.245370E+001
  0.106700E+001  0.245823E+001
  0.106913E+001  0.246275E+001
  0.107126E+001  0.246727E+001
  0.107340E+001  0.247179E+001
  0.107553E+001  0.247632E+001
  0.107766E+001  0.248084E+001
  0.107979E+001  0.248536E+001
  0.108192E+001  0.248989E+001
  0.108405E+001  0.249441E+001
  0.108618E+001  0.249893E+001
  0.108830E+001  0.250346E+001
  0.109043E+001  0.250798E+001
  0.109256E+001  0.251251E+001
  0.109469E+001  0.251703E+001
  0.109681E+001  0.252156E+001
  0.109894E+001  0.252608E+001
  0.110106E+001  0.253061E+001
  0.110319E+001  0.253514E+001
  0.110531E+001  0.253966E+001
  0.110743E+001  0.254419E+001
  0.110956E+001  0.254872E+001
  0.111168E+001  0.255324E+001
  0.111380E+001  0.255777E+001
  0.111592E+001  0.256230E+001
  0.111805E+001  0.256683E+001
  0.112017E+001  0.257135E+001
  0.112229E+001  0.257588E+001
  0.112441E+001  0.258041E+001
  0.112652E+001  0.258494E+001
  0.112864E+001  0.258947E+001
  0.113076E+001  0.259400E+001
  0.113288E+001  0.259853E+001
  0.113500E+001  0.260306E+001
  0.113711E+001  0.260759E+001
  0.113923E+001  0.261212E+001
  0.114135E+001  0.261665E+001
  0.114346E+001  0.262118E+001
  0.114558E+001  0.262571E+001
  0.114769E+001  0.263024E+001
  0.114980E+001  0.263477E+001
  0.115192E+001  0.263930E+001
  0.115403E+001  0.264383E+001
  0.115614E+001  0.264837E+001
  0.115825E+001  0.265290E+001
  0.116037E+001  0.265743E+001
  0.116248E+001  0.266196E+001
  0.116459E+001  0.266649E+001
  0.116670E+001  0.267103E+001
  0.116881E+001  0.267556E+001
  0.117092E+001  0.268009E+001
  0.117303E+001  0.268463E+001
  0.117513E+001  0.268916E+001
  0.117724E+001  0.269369E+001
  0.117935E+001  0.269823E+001
  0.118146E+001  0.270276E+001
  0.118356E+001  0.270730E+001
  0.118567E+001  0.271183E+001
  0.118778E+001  0.271637E+001
  0.118988E+001  0.272090E+001
  0.119199E+001  0.272544E+001
  0.119409E+001  0.272997E+001
  0.119619E+001  0.273451E+001
  0.119830E+001  0.273905E+001
  0.120040E+001  0.274358E+001
  0.120250E+001  0.274812E+001
  0.120461E+001  0.275265E+001
  0.120671E+001  0.275719E+001
  0.120881E+001  0.276173E+001
  0.121091E+001  0.276627E+001
  0.121301E+001  0.277080E+001
  0.121511E+001  0.277534E+001
  0.121721E+001  0.277988E+001
  0.121931E+001  0.278442E+001
  0.122141E+001  0.278895E+001
  0.122351E+001  0.279349E+001
  0.122561E+001  0.279803E+001
  0.122770E+001  0.280257E+001
  0.122980E+001  0.280711E+001
  0.123190E+001  0.281165E+001
  0.123400E+001  0.281619E+001
  0.123609E+001  0.282073E+001
  0.123819E+001  0.282527E+001
  0.124028E+001  0.282980E+001
  0.124238E+001  0.283434E+001
  0.124447E+001  0.283888E+001
  0.124657E+001  0.284342E+001
  0.124866E+001  0.284797E+001
  0.125075E+001  0.285251E+001
  0.125285E+001  0.285705E+001
  0.125494E+001  0.286159E+001
  0.125703E+001  0.286613E+001
  0.125913E+001  0.287067E+001
  0.126122E+001  0.287521E+001
  0.126331E+001  0.287975E+001
  0.126540E+001  0.288429E+001
  0.126749E+001  0.288884E+001
  0.126958E+001  0.289338E+001
  0.127167E+001  0.289792E+001
  0.127376E+001  0.290246E+001
  0.127585E+001  0.290701E+001
  0.127794E+001  0.291155E+001
  0.128003E+001  0.291609E+001
  0.128211E+001  0.292064E+001
  0.128420E+001  0.292518E+001
  0.128629E+001  0.292972E+001
  0.128838E+001  0.293427E+001
  0.129046E+001  0.293881E+001
  0.129255E+001  0.294335E+001
  0.129464E+001  0.294790E+001
  0.129672E+001  0.295244E+001
  0.129881E+001  0.295699E+001
  0.130089E+001  0.296153E+001
  0.130298E+001  0.296607E+001
  0.130506E+001  0.297062E+001
  0.130714E+001  0.297516E+001
  0.130923E+001  0.297971E+001
  0.131131E+001  0.298425E+001
  0.131340E+001  0.298880E+001
  0.131548E+001  0.299335E+001
  0.131756E+001  0.299789E+001
  0.131964E+001  0.300244E+001
  0.132172E+001  0.300698E+001
  0.132381E+001  0.301153E+001
  0.132589E+001  0.301608E+001
  0.132797E+001  0.302062E+001
  0.133005E+001  0.302517E+001
  0.133213E+001  0.302972E+001
  0.133421E+001  0.303426E+001
  0.133629E+001  0.303881E+001
  0.133837E+001  0.304336E+001
  0.134045E+001  0.304790E+001
  0.134253E+001  0.305245E+001
  0.134460E+001  0.305700E+001
  0.134668E+001  0.306155E+001
  0.134876E+001  0.306609E+001
  0.135084E+001  0.307064E+001
  0.135291E+001  0.307519E+001
  0.135499E+001  0.307974E+001
  0.135707E+001  0.308429E+001
  0.135914E+001  0.308884E+001
  0.136122E+001  0.309338E+001
  0.136330E+001  0.309793E+001
  0.136537E+001  0.310248E+001
  0.136745E+001  0.310703E+001
  0.136952E+001  0.311158E+001
  0.137160E+001  0.311613E+001
  0.137367E+001  0.312068E+001
  0.137574E+001  0.312523E+001
  0.137782E+001  0.312978E+001
  0.137989E+001  0.313433E+001
  0.138197E+001  0.313888E+001
  0.138404E+001  0.314343E+001
  0.138611E+001  0.314798E+001
  0.138818E+001  0.315253E+001
  0.139026E+001  0.315708E+001
  0.139233E+001  0.316163E+001
  0.139440E+001  0.316618E+001
  0.139647E+001  0.317073E+001
  0.139854E+001  0.317528E+001
  0.140061E+001  0.317983E+001
  0.140268E+001  0.318438E+001
  0.140475E+001  0.318893E+001
  0.140682E+001  0.319349E+001
  0.140889E+001  0.319804E+001
  0.141096E+001  0.320259E+001
  0.141303E+001  0.320714E+001
  0.141510E+001  0.321169E+001
  0.141717E+001  0.321624E+001
  0.141924E+001  0.322080E+001
  0.142131E+001  0.322535E+001
  0.142337E+001  0.322990E+001
  0.142544E+001  0.323445E+001
  0.142751E+001  0.323901E+001
  0.142958E+001  0.324356E+001
  0.143164E+001  0.324811E+001
  0.143371E+001  0.325266E+001
  0.143578E+001  0.325722E+001
  0.143784E+001  0.326177E+001
  0.143991E+001  0.326632E+001
  0.144198E+001  0.327088E+001
  0.144404E+001  0.327543E+001
  0.144611E+001  0.327998E+001
  0.144817E+001  0.328454E+001
  0.145024E+001  0.328909E+001
  0.145230E+001  0.329364E+001
  0.145437E+001  0.329820E+001
  0.145643E+001  0.330275E+001
  0.145849E+001  0.330731E+001
  0.146056E+001  0.331186E+001
  0.146262E+001  0.331641E+001
  0.146469E+001  0.332097E+001
  0.146675E+001  0.332552E+001
  0.146881E+001  0.333008E+001
  0.147087E+001  0.333463E+001
  0.147294E+001  0.333919E+001
  0.147500E+001  0.334374E+001
  0.147706E+001  0.334830E+001
  0.147912E+001  0.335285E+001
  0.148118E+001  0.335741E+001
  0.148325E+001  0.336196E+001
  0.148531E+001  0.336652E+001
  0.148737E+001  0.337107E+001
  0.148943E+001  0.337563E+001
  0.149149E+001  0.338019E+001
  0.149355E+001  0.338474E+001
  0.149561E+001  0.338930E+001
  0.149767E+001  0.339385E+001
  0.149973E+001  0.339841E+001
  0.150179E+001  0.340297E+001
