  0.212765E-001  0.258445E-001
  0.244533E-001  0.297055E-001
  0.276298E-001  0.335669E-001
  0.308058E-001  0.374286E-001
  0.339812E-001  0.412908E-001
  0.371561E-001  0.451535E-001
  0.403303E-001  0.490167E-001
  0.435038E-001  0.528805E-001
  0.466765E-001  0.567449E-001
  0.498484E-001  0.606100E-001
  0.530194E-001  0.644758E-001
  0.561895E-001  0.683424E-001
  0.593586E-001  0.722099E-001
  0.625266E-001  0.760782E-001
  0.656935E-001  0.799474E-001
  0.688592E-001  0.838176E-001
  0.720236E-001  0.876888E-001
  0.751867E-001  0.915611E-001
  0.783485E-001  0.954345E-001
  0.815087E-001  0.993091E-001
  0.846675E-001  0.103185E+000
  0.878246E-001  0.107062E+000
  0.909801E-001  0.110941E+000
  0.941338E-001  0.114821E+000
  0.972857E-001  0.118702E+000
  0.100436E+000  0.122585E+000
  0.103584E+000  0.126470E+000
  0.106730E+000  0.130356E+000
  0.109874E+000  0.134244E+000
  0.113015E+000  0.138134E+000
  0.116155E+000  0.142025E+000
  0.119291E+000  0.145919E+000
  0.122426E+000  0.149814E+000
  0.125558E+000  0.153712E+000
  0.128687E+000  0.157612E+000
  0.131813E+000  0.161514E+000
  0.134937E+000  0.165418E+000
  0.138057E+000  0.169325E+000
  0.141174E+000  0.173234E+000
  0.144288E+000  0.177146E+000
  0.147399E+000  0.181061E+000
  0.150506E+000  0.184978E+000
  0.153609E+000  0.188898E+000
  0.156709E+000  0.192822E+000
  0.159805E+000  0.196748E+000
  0.162897E+000  0.200678E+000
  0.165984E+000  0.204611E+000
  0.169067E+000  0.208547E+000
  0.172145E+000  0.212487E+000
  0.175219E+000  0.216431E+000
  0.178287E+000  0.220379E+000
  0.181350E+000  0.224331E+000
  0.184408E+000  0.228287E+000
  0.187460E+000  0.232247E+000
  0.190505E+000  0.236213E+000
  0.193545E+000  0.240183E+000
  0.196578E+000  0.244158E+000
  0.199603E+000  0.248138E+000
  0.202622E+000  0.252125E+000
  0.205632E+000  0.256117E+000
  0.208635E+000  0.260115E+000
  0.211628E+000  0.264119E+000
  0.214613E+000  0.268131E+000
  0.217588E+000  0.272150E+000
  0.220552E+000  0.276176E+000
  0.223506E+000  0.280211E+000
  0.226447E+000  0.284254E+000
  0.229376E+000  0.288306E+000
  0.232292E+000  0.292368E+000
  0.235193E+000  0.296440E+000
  0.238079E+000  0.300523E+000
  0.240948E+000  0.304618E+000
  0.243799E+000  0.308726E+000
  0.246631E+000  0.312847E+000
  0.249441E+000  0.316982E+000
  0.252229E+000  0.321133E+000
  0.254993E+000  0.325300E+000
  0.257729E+000  0.329484E+000
  0.260436E+000  0.333688E+000
  0.263112E+000  0.337912E+000
  0.265753E+000  0.342157E+000
  0.268357E+000  0.346426E+000
  0.270919E+000  0.350719E+000
  0.273438E+000  0.355039E+000
  0.275908E+000  0.359386E+000
  0.278326E+000  0.363762E+000
  0.280688E+000  0.368169E+000
  0.282990E+000  0.372608E+000
  0.285228E+000  0.377079E+000
  0.287398E+000  0.381584E+000
  0.289496E+000  0.386122E+000
  0.291519E+000  0.390695E+000
  0.293465E+000  0.395301E+000
  0.295332E+000  0.399939E+000
  0.297118E+000  0.404609E+000
  0.298825E+000  0.409308E+000
  0.300453E+000  0.414036E+000
  0.302003E+000  0.418790E+000
  0.303479E+000  0.423567E+000
  0.304884E+000  0.428366E+000
  0.306221E+000  0.433184E+000
  0.307494E+000  0.438018E+000
  0.308710E+000  0.442869E+000
  0.309872E+000  0.447732E+000
  0.310985E+000  0.452606E+000
  0.312054E+000  0.457491E+000
  0.313083E+000  0.462384E+000
  0.314077E+000  0.467284E+000
  0.315040E+000  0.472190E+000
  0.315976E+000  0.477102E+000
  0.316889E+000  0.482018E+000
  0.317781E+000  0.486937E+000
  0.318656E+000  0.491860E+000
  0.319516E+000  0.496786E+000
  0.320365E+000  0.501713E+000
  0.321205E+000  0.506642E+000
  0.322037E+000  0.511572E+000
  0.322863E+000  0.516504E+000
  0.323686E+000  0.521435E+000
  0.324507E+000  0.526368E+000
  0.325327E+000  0.531300E+000
  0.326148E+000  0.536232E+000
  0.326971E+000  0.541164E+000
  0.327797E+000  0.546095E+000
  0.328627E+000  0.551026E+000
  0.329461E+000  0.555956E+000
  0.330302E+000  0.560885E+000
  0.331148E+000  0.565812E+000
  0.332002E+000  0.570739E+000
  0.332863E+000  0.575664E+000
  0.333732E+000  0.580588E+000
  0.334610E+000  0.585510E+000
  0.335497E+000  0.590431E+000
  0.336393E+000  0.595350E+000
  0.337299E+000  0.600267E+000
  0.338215E+000  0.605183E+000
  0.339142E+000  0.610096E+000
  0.340079E+000  0.615008E+000
  0.341026E+000  0.619917E+000
  0.341985E+000  0.624824E+000
  0.342955E+000  0.629729E+000
  0.343937E+000  0.634632E+000
  0.344930E+000  0.639532E+000
  0.345934E+000  0.644430E+000
  0.346950E+000  0.649326E+000
  0.347978E+000  0.654219E+000
  0.349017E+000  0.659110E+000
  0.350069E+000  0.663998E+000
  0.351132E+000  0.668884E+000
  0.352207E+000  0.673767E+000
  0.353294E+000  0.678647E+000
  0.354393E+000  0.683525E+000
  0.355504E+000  0.688400E+000
  0.356626E+000  0.693273E+000
  0.357761E+000  0.698142E+000
  0.358907E+000  0.703009E+000
  0.360065E+000  0.707873E+000
  0.361235E+000  0.712734E+000
  0.362416E+000  0.717593E+000
  0.363609E+000  0.722448E+000
  0.364814E+000  0.727301E+000
  0.366030E+000  0.732151E+000
  0.367257E+000  0.736998E+000
  0.368496E+000  0.741842E+000
  0.369746E+000  0.746683E+000
  0.371007E+000  0.751522E+000
  0.372279E+000  0.756357E+000
  0.373562E+000  0.761190E+000
  0.374856E+000  0.766019E+000
  0.376161E+000  0.770846E+000
  0.377476E+000  0.775670E+000
  0.378802E+000  0.780491E+000
  0.380139E+000  0.785309E+000
  0.381486E+000  0.790124E+000
  0.382843E+000  0.794936E+000
  0.384210E+000  0.799746E+000
  0.385588E+000  0.804552E+000
  0.386975E+000  0.809356E+000
  0.388373E+000  0.814157E+000
  0.389780E+000  0.818955E+000
  0.391196E+000  0.823750E+000
  0.392623E+000  0.828542E+000
  0.394058E+000  0.833331E+000
  0.395504E+000  0.838118E+000
  0.396958E+000  0.842902E+000
  0.398421E+000  0.847683E+000
  0.399894E+000  0.852461E+000
  0.401375E+000  0.857237E+000
  0.402865E+000  0.862010E+000
  0.404364E+000  0.866780E+000
  0.405871E+000  0.871547E+000
  0.407387E+000  0.876312E+000
  0.408911E+000  0.881074E+000
  0.410443E+000  0.885833E+000
  0.411984E+000  0.890590E+000
  0.413532E+000  0.895344E+000
  0.415089E+000  0.900096E+000
  0.416653E+000  0.904845E+000
  0.418225E+000  0.909591E+000
  0.419805E+000  0.914335E+000
  0.421392E+000  0.919076E+000
  0.422987E+000  0.923815E+000
  0.424589E+000  0.928552E+000
  0.426198E+000  0.933286E+000
  0.427815E+000  0.938017E+000
  0.429438E+000  0.942746E+000
  0.431069E+000  0.947473E+000
  0.432706E+000  0.952197E+000
  0.434350E+000  0.956919E+000
  0.436000E+000  0.961639E+000
  0.437658E+000  0.966356E+000
  0.439321E+000  0.971071E+000
  0.440991E+000  0.975784E+000
  0.442668E+000  0.980495E+000
  0.444350E+000  0.985203E+000
  0.446039E+000  0.989909E+000
  0.447734E+000  0.994613E+000
  0.449435E+000  0.999315E+000
  0.451141E+000  0.100402E+001
  0.452854E+000  0.100871E+001
  0.454572E+000  0.101341E+001
  0.456295E+000  0.101810E+001
  0.458025E+000  0.102279E+001
  0.459759E+000  0.102748E+001
  0.461499E+000  0.103217E+001
  0.463245E+000  0.103686E+001
  0.464995E+000  0.104154E+001
  0.466751E+000  0.104622E+001
  0.468512E+000  0.105090E+001
  0.470278E+000  0.105558E+001
  0.472049E+000  0.106025E+001
  0.473825E+000  0.106493E+001
  0.475605E+000  0.106960E+001
  0.477391E+000  0.107427E+001
  0.479180E+000  0.107894E+001
  0.480975E+000  0.108361E+001
  0.482774E+000  0.108827E+001
  0.484578E+000  0.109293E+001
  0.486386E+000  0.109760E+001
  0.488198E+000  0.110226E+001
  0.490014E+000  0.110691E+001
  0.491835E+000  0.111157E+001
  0.493660E+000  0.111623E+001
  0.495489E+000  0.112088E+001
  0.497322E+000  0.112553E+001
  0.499159E+000  0.113018E+001
  0.501000E+000  0.113483E+001
  0.502845E+000  0.113948E+001
  0.504693E+000  0.114412E+001
  0.506546E+000  0.114877E+001
  0.508402E+000  0.115341E+001
  0.510262E+000  0.115805E+001
  0.512125E+000  0.116269E+001
  0.513992E+000  0.116733E+001
  0.515862E+000  0.117197E+001
  0.517736E+000  0.117660E+001
  0.519613E+000  0.118124E+001
  0.521493E+000  0.118587E+001
  0.523377E+000  0.119050E+001
  0.525264E+000  0.119513E+001
  0.527154E+000  0.119976E+001
  0.529048E+000  0.120439E+001
  0.530944E+000  0.120901E+001
  0.532844E+000  0.121364E+001
  0.534746E+000  0.121826E+001
  0.536652E+000  0.122289E+001
  0.538561E+000  0.122751E+001
  0.540472E+000  0.123213E+001
  0.542386E+000  0.123675E+001
  0.544303E+000  0.124137E+001
  0.546223E+000  0.124598E+001
  0.548145E+000  0.125060E+001
  0.550071E+000  0.125521E+001
  0.551999E+000  0.125983E+001
  0.553929E+000  0.126444E+001
  0.555862E+000  0.126905E+001
  0.557798E+000  0.127366E+001
  0.559736E+000  0.127827E+001
  0.561677E+000  0.128288E+001
  0.563620E+000  0.128748E+001
  0.565565E+000  0.129209E+001
  0.567513E+000  0.129669E+001
  0.569463E+000  0.130130E+001
  0.571416E+000  0.130590E+001
  0.573370E+000  0.131050E+001
  0.575327E+000  0.131510E+001
  0.577286E+000  0.131970E+001
  0.579248E+000  0.132430E+001
  0.581211E+000  0.132890E+001
  0.583177E+000  0.133350E+001
  0.585145E+000  0.133810E+001
  0.587114E+000  0.134269E+001
  0.589086E+000  0.134729E+001
  0.591060E+000  0.135188E+001
  0.593036E+000  0.135647E+001
  0.595013E+000  0.136107E+001
  0.596993E+000  0.136566E+001
  0.598975E+000  0.137025E+001
  0.600958E+000  0.137484E+001
  0.602943E+000  0.137943E+001
  0.604930E+000  0.138401E+001
  0.606919E+000  0.138860E+001
  0.608910E+000  0.139319E+001
  0.610902E+000  0.139777E+001
  0.612897E+000  0.140236E+001
  0.614892E+000  0.140694E+001
  0.616890E+000  0.141153E+001
  0.618889E+000  0.141611E+001
  0.620890E+000  0.142069E+001
  0.622892E+000  0.142527E+001
  0.624896E+000  0.142986E+001
  0.626902E+000  0.143444E+001
  0.628909E+000  0.143901E+001
  0.630918E+000  0.144359E+001
  0.632928E+000  0.144817E+001
  0.634939E+000  0.145275E+001
  0.636952E+000  0.145733E+001
  0.638967E+000  0.146190E+001
  0.640983E+000  0.146648E+001
  0.643000E+000  0.147105E+001
  0.645019E+000  0.147563E+001
  0.647039E+000  0.148020E+001
  0.649061E+000  0.148477E+001
  0.651084E+000  0.148935E+001
  0.653108E+000  0.149392E+001
  0.655134E+000  0.149849E+001
  0.657160E+000  0.150306E+001
  0.659188E+000  0.150763E+001
  0.661218E+000  0.151220E+001
  0.663248E+000  0.151677E+001
  0.665280E+000  0.152134E+001
  0.667313E+000  0.152591E+001
  0.669347E+000  0.153047E+001
  0.671383E+000  0.153504E+001
  0.673419E+000  0.153961E+001
  0.675457E+000  0.154417E+001
  0.677496E+000  0.154874E+001
  0.679536E+000  0.155330E+001
  0.681577E+000  0.155787E+001
  0.683619E+000  0.156243E+001
  0.685663E+000  0.156699E+001
  0.687707E+000  0.157156E+001
  0.689753E+000  0.157612E+001
  0.691799E+000  0.158068E+001
  0.693847E+000  0.158524E+001
  0.695895E+000  0.158980E+001
  0.697945E+000  0.159437E+001
  0.699995E+000  0.159893E+001
  0.702047E+000  0.160349E+001
  0.704099E+000  0.160804E+001
  0.706153E+000  0.161260E+001
  0.708207E+000  0.161716E+001
  0.710263E+000  0.162172E+001
  0.712319E+000  0.162628E+001
  0.714377E+000  0.163083E+001
  0.716435E+000  0.163539E+001
  0.718494E+000  0.163995E+001
  0.720554E+000  0.164450E+001
  0.722615E+000  0.164906E+001
  0.724676E+000  0.165361E+001
  0.726739E+000  0.165817E+001
  0.728803E+000  0.166272E+001
  0.730867E+000  0.166728E+001
  0.732932E+000  0.167183E+001
  0.734998E+000  0.167638E+001
  0.737065E+000  0.168094E+001
  0.739132E+000  0.168549E+001
  0.741201E+000  0.169004E+001
  0.743270E+000  0.169459E+001
  0.745340E+000  0.169914E+001
  0.747411E+000  0.170370E+001
  0.749482E+000  0.170825E+001
  0.751555E+000  0.171280E+001
  0.753628E+000  0.171735E+001
  0.755702E+000  0.172190E+001
  0.757776E+000  0.172645E+001
  0.759852E+000  0.173099E+001
  0.761928E+000  0.173554E+001
  0.764004E+000  0.174009E+001
  0.766082E+000  0.174464E+001
  0.768160E+000  0.174919E+001
  0.770239E+000  0.175373E+001
  0.772319E+000  0.175828E+001
  0.774399E+000  0.176283E+001
  0.776480E+000  0.176737E+001
  0.778562E+000  0.177192E+001
  0.780644E+000  0.177647E+001
  0.782727E+000  0.178101E+001
  0.784811E+000  0.178556E+001
  0.786895E+000  0.179010E+001
  0.788980E+000  0.179465E+001
  0.791065E+000  0.179919E+001
  0.793152E+000  0.180373E+001
  0.795238E+000  0.180828E+001
  0.797326E+000  0.181282E+001
  0.799414E+000  0.181736E+001
  0.801503E+000  0.182191E+001
  0.803592E+000  0.182645E+001
  0.805682E+000  0.183099E+001
  0.807773E+000  0.183553E+001
  0.809864E+000  0.184008E+001
  0.811956E+000  0.184462E+001
  0.814048E+000  0.184916E+001
  0.816141E+000  0.185370E+001
  0.818234E+000  0.185824E+001
  0.820328E+000  0.186278E+001
  0.822423E+000  0.186732E+001
  0.824518E+000  0.187186E+001
  0.826614E+000  0.187640E+001
  0.828710E+000  0.188094E+001
  0.830807E+000  0.188548E+001
  0.832905E+000  0.189002E+001
  0.835003E+000  0.189456E+001
  0.837101E+000  0.189909E+001
  0.839200E+000  0.190363E+001
  0.841300E+000  0.190817E+001
  0.843400E+000  0.191271E+001
  0.845501E+000  0.191724E+001
  0.847602E+000  0.192178E+001
  0.849704E+000  0.192632E+001
  0.851806E+000  0.193086E+001
  0.853909E+000  0.193539E+001
  0.856012E+000  0.193993E+001
  0.858116E+000  0.194446E+001
  0.860220E+000  0.194900E+001
  0.862325E+000  0.195353E+001
  0.864430E+000  0.195807E+001
  0.866536E+000  0.196260E+001
  0.868643E+000  0.196714E+001
  0.870749E+000  0.197167E+001
  0.872857E+000  0.197621E+001
  0.874964E+000  0.198074E+001
  0.877073E+000  0.198528E+001
  0.879181E+000  0.198981E+001
  0.881291E+000  0.199434E+001
  0.883400E+000  0.199888E+001
  0.885511E+000  0.200341E+001
  0.887621E+000  0.200794E+001
  0.889732E+000  0.201247E+001
  0.891844E+000  0.201701E+001
  0.893956E+000  0.202154E+001
  0.896068E+000  0.202607E+001
  0.898181E+000  0.203060E+001
  0.900295E+000  0.203513E+001
  0.902409E+000  0.203966E+001
  0.904523E+000  0.204419E+001
  0.906638E+000  0.204873E+001
  0.908753E+000  0.205326E+001
  0.910869E+000  0.205779E+001
  0.912985E+000  0.206232E+001
  0.915101E+000  0.206685E+001
  0.917218E+000  0.207138E+001
  0.919336E+000  0.207591E+001
  0.921454E+000  0.208044E+001
  0.923572E+000  0.208496E+001
  0.925691E+000  0.208949E+001
  0.927810E+000  0.209402E+001
  0.929929E+000  0.209855E+001
  0.932049E+000  0.210308E+001
  0.934170E+000  0.210761E+001
  0.936291E+000  0.211213E+001
  0.938412E+000  0.211666E+001
  0.940534E+000  0.212119E+001
  0.942656E+000  0.212572E+001
  0.944778E+000  0.213024E+001
  0.946901E+000  0.213477E+001
  0.949024E+000  0.213930E+001
  0.951148E+000  0.214382E+001
  0.953272E+000  0.214835E+001
  0.955396E+000  0.215288E+001
  0.957521E+000  0.215740E+001
  0.959646E+000  0.216193E+001
  0.961772E+000  0.216645E+001
  0.963898E+000  0.217098E+001
  0.966025E+000  0.217551E+001
  0.968151E+000  0.218003E+001
  0.970278E+000  0.218456E+001
  0.972406E+000  0.218908E+001
  0.974534E+000  0.219361E+001
  0.976662E+000  0.219813E+001
  0.978791E+000  0.220265E+001
  0.980920E+000  0.220718E+001
  0.983049E+000  0.221170E+001
  0.985179E+000  0.221623E+001
  0.987309E+000  0.222075E+001
  0.989440E+000  0.222527E+001
  0.991570E+000  0.222980E+001
  0.993701E+000  0.223432E+001
  0.995833E+000  0.223884E+001
  0.997965E+000  0.224336E+001
  0.100010E+001  0.224789E+001
  0.100223E+001  0.225241E+001
  0.100436E+001  0.225693E+001
  0.100650E+001  0.226145E+001
  0.100863E+001  0.226598E+001
  0.101076E+001  0.227050E+001
  0.101290E+001  0.227502E+001
  0.101503E+001  0.227954E+001
  0.101717E+001  0.228406E+001
  0.101930E+001  0.228858E+001
  0.102144E+001  0.229310E+001
  0.102357E+001  0.229763E+001
  0.102571E+001  0.230215E+001
  0.102785E+001  0.230667E+001
  0.102998E+001  0.231119E+001
  0.103212E+001  0.231571E+001
  0.103426E+001  0.232023E+001
  0.103639E+001  0.232475E+001
  0.103853E+001  0.232927E+001
  0.104067E+001  0.233379E+001
  0.104281E+001  0.233831E+001
  0.104495E+001  0.234283E+001
  0.104709E+001  0.234735E+001
  0.104922E+001  0.235187E+001
  0.105136E+001  0.235638E+001
  0.105350E+001  0.236090E+001
  0.105564E+001  0.236542E+001
  0.105778E+001  0.236994E+001
  0.105992E+001  0.237446E+001
  0.106207E+001  0.237898E+001
  0.106421E+001  0.238350E+001
  0.106635E+001  0.238802E+001
  0.106849E+001  0.239253E+001
  0.107063E+001  0.239705E+001
  0.107277E+001  0.240157E+001
  0.107491E+001  0.240609E+001
  0.107706E+001  0.241061E+001
  0.107920E+001  0.241512E+001
  0.108134E+001  0.241964E+001
  0.108349E+001  0.242416E+001
  0.108563E+001  0.242868E+001
  0.108777E+001  0.243319E+001
  0.108992E+001  0.243771E+001
  0.109206E+001  0.244223E+001
  0.109420E+001  0.244674E+001
  0.109635E+001  0.245126E+001
  0.109849E+001  0.245578E+001
  0.110064E+001  0.246029E+001
  0.110278E+001  0.246481E+001
  0.110493E+001  0.246933E+001
  0.110707E+001  0.247384E+001
  0.110922E+001  0.247836E+001
  0.111136E+001  0.248288E+001
  0.111351E+001  0.248739E+001
  0.111565E+001  0.249191E+001
  0.111780E+001  0.249643E+001
  0.111994E+001  0.250094E+001
  0.112209E+001  0.250546E+001
  0.112424E+001  0.250997E+001
  0.112638E+001  0.251449E+001
  0.112853E+001  0.251901E+001
  0.113068E+001  0.252352E+001
  0.113282E+001  0.252804E+001
  0.113497E+001  0.253255E+001
  0.113712E+001  0.253707E+001
  0.113926E+001  0.254158E+001
  0.114141E+001  0.254610E+001
  0.114356E+001  0.255062E+001
  0.114570E+001  0.255513E+001
  0.114785E+001  0.255965E+001
  0.115000E+001  0.256416E+001
  0.115215E+001  0.256868E+001
  0.115429E+001  0.257319E+001
  0.115644E+001  0.257771E+001
  0.115859E+001  0.258222E+001
  0.116074E+001  0.258674E+001
  0.116288E+001  0.259125E+001
  0.116503E+001  0.259577E+001
  0.116718E+001  0.260028E+001
  0.116933E+001  0.260480E+001
  0.117147E+001  0.260932E+001
  0.117362E+001  0.261383E+001
  0.117577E+001  0.261835E+001
  0.117792E+001  0.262286E+001
  0.118006E+001  0.262738E+001
  0.118221E+001  0.263189E+001
  0.118436E+001  0.263641E+001
  0.118651E+001  0.264092E+001
  0.118865E+001  0.264544E+001
  0.119080E+001  0.264995E+001
  0.119295E+001  0.265447E+001
  0.119510E+001  0.265898E+001
  0.119724E+001  0.266350E+001
  0.119939E+001  0.266801E+001
  0.120154E+001  0.267253E+001
  0.120369E+001  0.267705E+001
  0.120583E+001  0.268156E+001
  0.120798E+001  0.268608E+001
  0.121013E+001  0.269059E+001
  0.121227E+001  0.269511E+001
  0.121442E+001  0.269962E+001
  0.121657E+001  0.270414E+001
  0.121871E+001  0.270865E+001
  0.122086E+001  0.271317E+001
  0.122301E+001  0.271769E+001
  0.122515E+001  0.272220E+001
  0.122730E+001  0.272672E+001
  0.122944E+001  0.273123E+001
  0.123159E+001  0.273575E+001
  0.123374E+001  0.274027E+001
  0.123588E+001  0.274478E+001
  0.123803E+001  0.274930E+001
  0.124017E+001  0.275382E+001
  0.124232E+001  0.275833E+001
  0.124446E+001  0.276285E+001
  0.124661E+001  0.276737E+001
  0.124875E+001  0.277188E+001
  0.125090E+001  0.277640E+001
  0.125304E+001  0.278092E+001
  0.125518E+001  0.278543E+001
  0.125733E+001  0.278995E+001
  0.125947E+001  0.279447E+001
  0.126161E+001  0.279899E+001
  0.126376E+001  0.280350E+001
  0.126590E+001  0.280802E+001
  0.126804E+001  0.281254E+001
  0.127018E+001  0.281706E+001
  0.127233E+001  0.282157E+001
  0.127447E+001  0.282609E+001
  0.127661E+001  0.283061E+001
  0.127875E+001  0.283513E+001
  0.128089E+001  0.283965E+001
  0.128303E+001  0.284417E+001
  0.128517E+001  0.284868E+001
  0.128731E+001  0.285320E+001
  0.128945E+001  0.285772E+001
  0.129159E+001  0.286224E+001
  0.129373E+001  0.286676E+001
  0.129587E+001  0.287128E+001
  0.129801E+001  0.287580E+001
  0.130015E+001  0.288032E+001
  0.130228E+001  0.288484E+001
  0.130442E+001  0.288936E+001
  0.130656E+001  0.289388E+001
  0.130870E+001  0.289840E+001
  0.131083E+001  0.290292E+001
  0.131297E+001  0.290744E+001
  0.131510E+001  0.291196E+001
  0.131724E+001  0.291648E+001
  0.131937E+001  0.292100E+001
  0.132151E+001  0.292553E+001
  0.132364E+001  0.293005E+001
  0.132578E+001  0.293457E+001
  0.132791E+001  0.293909E+001
  0.133004E+001  0.294361E+001
  0.133218E+001  0.294814E+001
  0.133431E+001  0.295266E+001
  0.133644E+001  0.295718E+001
  0.133857E+001  0.296170E+001
  0.134070E+001  0.296623E+001
  0.134283E+001  0.297075E+001
  0.134496E+001  0.297527E+001
  0.134709E+001  0.297980E+001
  0.134922E+001  0.298432E+001
  0.135135E+001  0.298885E+001
  0.135348E+001  0.299337E+001
  0.135561E+001  0.299790E+001
  0.135773E+001  0.300242E+001
  0.135986E+001  0.300695E+001
  0.136199E+001  0.301147E+001
  0.136411E+001  0.301600E+001
  0.136624E+001  0.302052E+001
  0.136836E+001  0.302505E+001
  0.137049E+001  0.302958E+001
  0.137261E+001  0.303410E+001
  0.137473E+001  0.303863E+001
  0.137685E+001  0.304316E+001
  0.137898E+001  0.304768E+001
  0.138110E+001  0.305221E+001
  0.138322E+001  0.305674E+001
  0.138534E+001  0.306127E+001
  0.138746E+001  0.306580E+001
  0.138958E+001  0.307032E+001
  0.139170E+001  0.307485E+001
  0.139382E+001  0.307938E+001
  0.139593E+001  0.308391E+001
  0.139805E+001  0.308844E+001
  0.140017E+001  0.309297E+001
  0.140228E+001  0.309750E+001
  0.140440E+001  0.310203E+001
  0.140651E+001  0.310656E+001
  0.140863E+001  0.311109E+001
  0.141074E+001  0.311563E+001
  0.141285E+001  0.312016E+001
  0.141496E+001  0.312469E+001
  0.141708E+001  0.312922E+001
  0.141919E+001  0.313375E+001
  0.142130E+001  0.313829E+001
  0.142341E+001  0.314282E+001
  0.142552E+001  0.314735E+001
  0.142762E+001  0.315189E+001
  0.142973E+001  0.315642E+001
  0.143184E+001  0.316095E+001
  0.143395E+001  0.316549E+001
  0.143605E+001  0.317002E+001
  0.143816E+001  0.317456E+001
  0.144026E+001  0.317910E+001
  0.144237E+001  0.318363E+001
  0.144447E+001  0.318817E+001
  0.144657E+001  0.319270E+001
  0.144867E+001  0.319724E+001
  0.145077E+001  0.320178E+001
  0.145288E+001  0.320631E+001
  0.145498E+001  0.321085E+001
  0.145707E+001  0.321539E+001
  0.145917E+001  0.321993E+001
  0.146127E+001  0.322447E+001
  0.146337E+001  0.322901E+001
  0.146546E+001  0.323355E+001
  0.146756E+001  0.323808E+001
  0.146966E+001  0.324262E+001
  0.147175E+001  0.324716E+001
  0.147384E+001  0.325171E+001
  0.147594E+001  0.325625E+001
  0.147803E+001  0.326079E+001
  0.148012E+001  0.326533E+001
  0.148221E+001  0.326987E+001
  0.148430E+001  0.327441E+001
  0.148639E+001  0.327896E+001
  0.148848E+001  0.328350E+001
  0.149057E+001  0.328804E+001
  0.149266E+001  0.329258E+001
  0.149474E+001  0.329713E+001
  0.149683E+001  0.330167E+001
  0.149891E+001  0.330622E+001
  0.150100E+001  0.331076E+001
