  0.156751E+000  0.323407E-001
  0.157549E+000  0.372766E-001
  0.158451E+000  0.421946E-001
  0.159453E+000  0.470931E-001
  0.160552E+000  0.519709E-001
  0.161743E+000  0.568269E-001
  0.163023E+000  0.616603E-001
  0.164388E+000  0.664704E-001
  0.165833E+000  0.712570E-001
  0.167356E+000  0.760196E-001
  0.168951E+000  0.807583E-001
  0.170615E+000  0.854731E-001
  0.172346E+000  0.901641E-001
  0.174139E+000  0.948316E-001
  0.175991E+000  0.994760E-001
  0.177899E+000  0.104098E+000
  0.179860E+000  0.108697E+000
  0.181871E+000  0.113275E+000
  0.183930E+000  0.117831E+000
  0.186034E+000  0.122367E+000
  0.188181E+000  0.126882E+000
  0.190369E+000  0.131378E+000
  0.192595E+000  0.135855E+000
  0.194857E+000  0.140314E+000
  0.197155E+000  0.144755E+000
  0.199485E+000  0.149179E+000
  0.201846E+000  0.153587E+000
  0.204237E+000  0.157978E+000
  0.206656E+000  0.162354E+000
  0.209102E+000  0.166714E+000
  0.211573E+000  0.171061E+000
  0.214069E+000  0.175393E+000
  0.216588E+000  0.179713E+000
  0.219129E+000  0.184019E+000
  0.221691E+000  0.188313E+000
  0.224272E+000  0.192595E+000
  0.226873E+000  0.196865E+000
  0.229491E+000  0.201125E+000
  0.232127E+000  0.205374E+000
  0.234779E+000  0.209613E+000
  0.237446E+000  0.213842E+000
  0.240128E+000  0.218062E+000
  0.242824E+000  0.222273E+000
  0.245533E+000  0.226475E+000
  0.248254E+000  0.230670E+000
  0.250986E+000  0.234857E+000
  0.253730E+000  0.239037E+000
  0.256484E+000  0.243211E+000
  0.259247E+000  0.247378E+000
  0.262018E+000  0.251539E+000
  0.264798E+000  0.255696E+000
  0.267584E+000  0.259847E+000
  0.270376E+000  0.263995E+000
  0.273174E+000  0.268139E+000
  0.275976E+000  0.272280E+000
  0.278782E+000  0.276418E+000
  0.281590E+000  0.280556E+000
  0.284399E+000  0.284692E+000
  0.287208E+000  0.288828E+000
  0.290015E+000  0.292966E+000
  0.292819E+000  0.297106E+000
  0.295618E+000  0.301249E+000
  0.298411E+000  0.305396E+000
  0.301194E+000  0.309550E+000
  0.303965E+000  0.313712E+000
  0.306721E+000  0.317884E+000
  0.309459E+000  0.322067E+000
  0.312176E+000  0.326265E+000
  0.314867E+000  0.330479E+000
  0.317527E+000  0.334713E+000
  0.320152E+000  0.338968E+000
  0.322737E+000  0.343248E+000
  0.325279E+000  0.347554E+000
  0.327772E+000  0.351888E+000
  0.330216E+000  0.356250E+000
  0.332610E+000  0.360639E+000
  0.334957E+000  0.365055E+000
  0.337260E+000  0.369492E+000
  0.339528E+000  0.373948E+000
  0.341770E+000  0.378418E+000
  0.343996E+000  0.382895E+000
  0.346217E+000  0.387374E+000
  0.348444E+000  0.391851E+000
  0.350684E+000  0.396321E+000
  0.352947E+000  0.400780E+000
  0.355236E+000  0.405225E+000
  0.357557E+000  0.409654E+000
  0.359912E+000  0.414064E+000
  0.362303E+000  0.418456E+000
  0.364730E+000  0.422827E+000
  0.367192E+000  0.427179E+000
  0.369688E+000  0.431511E+000
  0.372217E+000  0.435824E+000
  0.374778E+000  0.440119E+000
  0.377367E+000  0.444396E+000
  0.379984E+000  0.448657E+000
  0.382626E+000  0.452902E+000
  0.385292E+000  0.457132E+000
  0.387979E+000  0.461349E+000
  0.390686E+000  0.465553E+000
  0.393410E+000  0.469745E+000
  0.396152E+000  0.473926E+000
  0.398909E+000  0.478098E+000
  0.401679E+000  0.482260E+000
  0.404462E+000  0.486414E+000
  0.407257E+000  0.490560E+000
  0.410062E+000  0.494699E+000
  0.412877E+000  0.498831E+000
  0.415701E+000  0.502958E+000
  0.418532E+000  0.507079E+000
  0.421370E+000  0.511195E+000
  0.424215E+000  0.515307E+000
  0.427066E+000  0.519414E+000
  0.429923E+000  0.523518E+000
  0.432784E+000  0.527619E+000
  0.435649E+000  0.531716E+000
  0.438518E+000  0.535811E+000
  0.441390E+000  0.539904E+000
  0.444266E+000  0.543994E+000
  0.447144E+000  0.548082E+000
  0.450025E+000  0.552169E+000
  0.452907E+000  0.556255E+000
  0.455792E+000  0.560339E+000
  0.458677E+000  0.564422E+000
  0.461564E+000  0.568505E+000
  0.464452E+000  0.572586E+000
  0.467341E+000  0.576668E+000
  0.470230E+000  0.580748E+000
  0.473119E+000  0.584829E+000
  0.476008E+000  0.588910E+000
  0.478897E+000  0.592991E+000
  0.481786E+000  0.597072E+000
  0.484674E+000  0.601153E+000
  0.487562E+000  0.605235E+000
  0.490448E+000  0.609318E+000
  0.493334E+000  0.613401E+000
  0.496218E+000  0.617485E+000
  0.499101E+000  0.621570E+000
  0.501983E+000  0.625656E+000
  0.504863E+000  0.629744E+000
  0.507741E+000  0.633832E+000
  0.510617E+000  0.637922E+000
  0.513491E+000  0.642013E+000
  0.516363E+000  0.646106E+000
  0.519233E+000  0.650201E+000
  0.522100E+000  0.654297E+000
  0.524964E+000  0.658395E+000
  0.527826E+000  0.662496E+000
  0.530685E+000  0.666598E+000
  0.533540E+000  0.670702E+000
  0.536393E+000  0.674809E+000
  0.539242E+000  0.678917E+000
  0.542088E+000  0.683029E+000
  0.544930E+000  0.687142E+000
  0.547768E+000  0.691259E+000
  0.550602E+000  0.695378E+000
  0.553433E+000  0.699500E+000
  0.556259E+000  0.703624E+000
  0.559080E+000  0.707752E+000
  0.561898E+000  0.711883E+000
  0.564710E+000  0.716017E+000
  0.567518E+000  0.720154E+000
  0.570321E+000  0.724295E+000
  0.573118E+000  0.728439E+000
  0.575911E+000  0.732586E+000
  0.578697E+000  0.736738E+000
  0.581479E+000  0.740893E+000
  0.584254E+000  0.745052E+000
  0.587023E+000  0.749215E+000
  0.589787E+000  0.753382E+000
  0.592543E+000  0.757553E+000
  0.595294E+000  0.761729E+000
  0.598037E+000  0.765909E+000
  0.600774E+000  0.770093E+000
  0.603503E+000  0.774283E+000
  0.606226E+000  0.778477E+000
  0.608940E+000  0.782676E+000
  0.611647E+000  0.786879E+000
  0.614346E+000  0.791089E+000
  0.617037E+000  0.795303E+000
  0.619719E+000  0.799522E+000
  0.622393E+000  0.803748E+000
  0.625057E+000  0.807978E+000
  0.627713E+000  0.812215E+000
  0.630359E+000  0.816457E+000
  0.632996E+000  0.820705E+000
  0.635623E+000  0.824960E+000
  0.638240E+000  0.829220E+000
  0.640846E+000  0.833487E+000
  0.643442E+000  0.837760E+000
  0.646027E+000  0.842040E+000
  0.648601E+000  0.846327E+000
  0.651164E+000  0.850620E+000
  0.653715E+000  0.854920E+000
  0.656254E+000  0.859228E+000
  0.658781E+000  0.863542E+000
  0.661295E+000  0.867864E+000
  0.663797E+000  0.872193E+000
  0.666286E+000  0.876530E+000
  0.668761E+000  0.880874E+000
  0.671223E+000  0.885226E+000
  0.673671E+000  0.889586E+000
  0.676105E+000  0.893953E+000
  0.678524E+000  0.898329E+000
  0.680929E+000  0.902713E+000
  0.683319E+000  0.907104E+000
  0.685694E+000  0.911504E+000
  0.688053E+000  0.915913E+000
  0.690397E+000  0.920329E+000
  0.692725E+000  0.924754E+000
  0.695037E+000  0.929188E+000
  0.697332E+000  0.933630E+000
  0.699610E+000  0.938081E+000
  0.701872E+000  0.942540E+000
  0.704117E+000  0.947008E+000
  0.706344E+000  0.951484E+000
  0.708554E+000  0.955969E+000
  0.710746E+000  0.960463E+000
  0.712921E+000  0.964966E+000
  0.715077E+000  0.969477E+000
  0.717216E+000  0.973996E+000
  0.719336E+000  0.978524E+000
  0.721438E+000  0.983061E+000
  0.723522E+000  0.987606E+000
  0.725587E+000  0.992160E+000
  0.727634E+000  0.996722E+000
  0.729662E+000  0.100129E+001
  0.731672E+000  0.100587E+001
  0.733663E+000  0.101046E+001
  0.735635E+000  0.101505E+001
  0.737589E+000  0.101965E+001
  0.739524E+000  0.102426E+001
  0.741441E+000  0.102888E+001
  0.743340E+000  0.103351E+001
  0.745220E+000  0.103814E+001
  0.747083E+000  0.104278E+001
  0.748927E+000  0.104743E+001
  0.750754E+000  0.105208E+001
  0.752563E+000  0.105674E+001
  0.754354E+000  0.106141E+001
  0.756128E+000  0.106609E+001
  0.757885E+000  0.107077E+001
  0.759626E+000  0.107545E+001
  0.761349E+000  0.108015E+001
  0.763057E+000  0.108485E+001
  0.764748E+000  0.108955E+001
  0.766424E+000  0.109426E+001
  0.768084E+000  0.109898E+001
  0.769729E+000  0.110370E+001
  0.771359E+000  0.110843E+001
  0.772975E+000  0.111316E+001
  0.774576E+000  0.111790E+001
  0.776163E+000  0.112264E+001
  0.777737E+000  0.112738E+001
  0.779297E+000  0.113213E+001
  0.780845E+000  0.113689E+001
  0.782380E+000  0.114165E+001
  0.783903E+000  0.114641E+001
  0.785414E+000  0.115118E+001
  0.786913E+000  0.115595E+001
  0.788401E+000  0.116072E+001
  0.789878E+000  0.116550E+001
  0.791345E+000  0.117028E+001
  0.792802E+000  0.117506E+001
  0.794248E+000  0.117985E+001
  0.795686E+000  0.118463E+001
  0.797114E+000  0.118943E+001
  0.798533E+000  0.119422E+001
  0.799944E+000  0.119902E+001
  0.801346E+000  0.120382E+001
  0.802741E+000  0.120862E+001
  0.804128E+000  0.121342E+001
  0.805508E+000  0.121823E+001
  0.806881E+000  0.122304E+001
  0.808248E+000  0.122785E+001
  0.809608E+000  0.123266E+001
  0.810961E+000  0.123747E+001
  0.812310E+000  0.124228E+001
  0.813652E+000  0.124710E+001
  0.814990E+000  0.125192E+001
  0.816322E+000  0.125674E+001
  0.817650E+000  0.126156E+001
  0.818973E+000  0.126638E+001
  0.820292E+000  0.127120E+001
  0.821607E+000  0.127603E+001
  0.822918E+000  0.128085E+001
  0.824226E+000  0.128568E+001
  0.825530E+000  0.129050E+001
  0.826832E+000  0.129533E+001
  0.828130E+000  0.130016E+001
  0.829426E+000  0.130499E+001
  0.830719E+000  0.130982E+001
  0.832010E+000  0.131465E+001
  0.833299E+000  0.131948E+001
  0.834586E+000  0.132431E+001
  0.835872E+000  0.132915E+001
  0.837155E+000  0.133398E+001
  0.838438E+000  0.133881E+001
  0.839719E+000  0.134364E+001
  0.840999E+000  0.134848E+001
  0.842278E+000  0.135331E+001
  0.843556E+000  0.135814E+001
  0.844834E+000  0.136298E+001
  0.846111E+000  0.136781E+001
  0.847388E+000  0.137265E+001
  0.848665E+000  0.137748E+001
  0.849941E+000  0.138232E+001
  0.851218E+000  0.138715E+001
  0.852495E+000  0.139198E+001
  0.853771E+000  0.139682E+001
  0.855049E+000  0.140165E+001
  0.856326E+000  0.140649E+001
  0.857605E+000  0.141132E+001
  0.858883E+000  0.141615E+001
  0.860163E+000  0.142099E+001
  0.861444E+000  0.142582E+001
  0.862725E+000  0.143065E+001
  0.864008E+000  0.143549E+001
  0.865291E+000  0.144032E+001
  0.866576E+000  0.144515E+001
  0.867862E+000  0.144998E+001
  0.869149E+000  0.145481E+001
  0.870438E+000  0.145964E+001
  0.871728E+000  0.146448E+001
  0.873020E+000  0.146931E+001
  0.874314E+000  0.147414E+001
  0.875609E+000  0.147896E+001
  0.876905E+000  0.148379E+001
  0.878204E+000  0.148862E+001
  0.879504E+000  0.149345E+001
  0.880807E+000  0.149828E+001
  0.882111E+000  0.150310E+001
  0.883417E+000  0.150793E+001
  0.884725E+000  0.151276E+001
  0.886036E+000  0.151758E+001
  0.887348E+000  0.152241E+001
  0.888663E+000  0.152723E+001
  0.889980E+000  0.153205E+001
  0.891299E+000  0.153688E+001
  0.892620E+000  0.154170E+001
  0.893944E+000  0.154652E+001
  0.895270E+000  0.155134E+001
  0.896599E+000  0.155616E+001
  0.897929E+000  0.156098E+001
  0.899263E+000  0.156580E+001
  0.900599E+000  0.157062E+001
  0.901937E+000  0.157544E+001
  0.903278E+000  0.158025E+001
  0.904621E+000  0.158507E+001
  0.905967E+000  0.158988E+001
  0.907315E+000  0.159470E+001
  0.908666E+000  0.159951E+001
  0.910020E+000  0.160433E+001
  0.911377E+000  0.160914E+001
  0.912736E+000  0.161395E+001
  0.914097E+000  0.161876E+001
  0.915462E+000  0.162357E+001
  0.916829E+000  0.162838E+001
  0.918199E+000  0.163319E+001
  0.919571E+000  0.163800E+001
  0.920947E+000  0.164281E+001
  0.922325E+000  0.164761E+001
  0.923706E+000  0.165242E+001
  0.925089E+000  0.165722E+001
  0.926476E+000  0.166203E+001
  0.927865E+000  0.166683E+001
  0.929257E+000  0.167163E+001
  0.930652E+000  0.167643E+001
  0.932050E+000  0.168123E+001
  0.933450E+000  0.168603E+001
  0.934854E+000  0.169083E+001
  0.936260E+000  0.169563E+001
  0.937669E+000  0.170043E+001
  0.939081E+000  0.170522E+001
  0.940495E+000  0.171002E+001
  0.941913E+000  0.171482E+001
  0.943333E+000  0.171961E+001
  0.944757E+000  0.172440E+001
  0.946183E+000  0.172919E+001
  0.947612E+000  0.173399E+001
  0.949044E+000  0.173878E+001
  0.950478E+000  0.174357E+001
  0.951916E+000  0.174836E+001
  0.953356E+000  0.175314E+001
  0.954799E+000  0.175793E+001
  0.956245E+000  0.176272E+001
  0.957694E+000  0.176750E+001
  0.959146E+000  0.177229E+001
  0.960601E+000  0.177707E+001
  0.962058E+000  0.178185E+001
  0.963519E+000  0.178664E+001
  0.964982E+000  0.179142E+001
  0.966448E+000  0.179620E+001
  0.967916E+000  0.180098E+001
  0.969388E+000  0.180575E+001
  0.970862E+000  0.181053E+001
  0.972340E+000  0.181531E+001
  0.973820E+000  0.182009E+001
  0.975302E+000  0.182486E+001
  0.976788E+000  0.182963E+001
  0.978276E+000  0.183441E+001
  0.979767E+000  0.183918E+001
  0.981261E+000  0.184395E+001
  0.982758E+000  0.184872E+001
  0.984258E+000  0.185349E+001
  0.985760E+000  0.185826E+001
  0.987265E+000  0.186303E+001
  0.988773E+000  0.186780E+001
  0.990283E+000  0.187256E+001
  0.991796E+000  0.187733E+001
  0.993312E+000  0.188209E+001
  0.994831E+000  0.188686E+001
  0.996352E+000  0.189162E+001
  0.997876E+000  0.189638E+001
  0.999403E+000  0.190114E+001
  0.100093E+001  0.190590E+001
  0.100246E+001  0.191066E+001
  0.100400E+001  0.191542E+001
  0.100554E+001  0.192018E+001
  0.100708E+001  0.192494E+001
  0.100862E+001  0.192969E+001
  0.101016E+001  0.193445E+001
  0.101171E+001  0.193920E+001
  0.101326E+001  0.194396E+001
  0.101482E+001  0.194871E+001
  0.101637E+001  0.195346E+001
  0.101793E+001  0.195821E+001
  0.101949E+001  0.196296E+001
  0.102105E+001  0.196771E+001
  0.102262E+001  0.197246E+001
  0.102419E+001  0.197721E+001
  0.102576E+001  0.198195E+001
  0.102733E+001  0.198670E+001
  0.102891E+001  0.199144E+001
  0.103049E+001  0.199619E+001
  0.103207E+001  0.200093E+001
  0.103365E+001  0.200567E+001
  0.103524E+001  0.201042E+001
  0.103683E+001  0.201516E+001
  0.103842E+001  0.201990E+001
  0.104001E+001  0.202464E+001
  0.104161E+001  0.202938E+001
  0.104321E+001  0.203411E+001
  0.104481E+001  0.203885E+001
  0.104641E+001  0.204359E+001
  0.104801E+001  0.204832E+001
  0.104962E+001  0.205306E+001
  0.105123E+001  0.205779E+001
  0.105285E+001  0.206252E+001
  0.105446E+001  0.206725E+001
  0.105608E+001  0.207199E+001
  0.105770E+001  0.207672E+001
  0.105932E+001  0.208144E+001
  0.106095E+001  0.208617E+001
  0.106257E+001  0.209090E+001
  0.106420E+001  0.209563E+001
  0.106583E+001  0.210036E+001
  0.106747E+001  0.210508E+001
  0.106910E+001  0.210981E+001
  0.107074E+001  0.211453E+001
  0.107238E+001  0.211925E+001
  0.107402E+001  0.212398E+001
  0.107567E+001  0.212870E+001
  0.107732E+001  0.213342E+001
  0.107897E+001  0.213814E+001
  0.108062E+001  0.214286E+001
  0.108227E+001  0.214758E+001
  0.108393E+001  0.215229E+001
  0.108559E+001  0.215701E+001
  0.108725E+001  0.216173E+001
  0.108891E+001  0.216644E+001
  0.109057E+001  0.217116E+001
  0.109224E+001  0.217587E+001
  0.109391E+001  0.218058E+001
  0.109558E+001  0.218530E+001
  0.109725E+001  0.219001E+001
  0.109893E+001  0.219472E+001
  0.110061E+001  0.219943E+001
  0.110229E+001  0.220414E+001
  0.110397E+001  0.220885E+001
  0.110565E+001  0.221356E+001
  0.110734E+001  0.221826E+001
  0.110903E+001  0.222297E+001
  0.111072E+001  0.222767E+001
  0.111241E+001  0.223238E+001
  0.111410E+001  0.223708E+001
  0.111580E+001  0.224179E+001
  0.111750E+001  0.224649E+001
  0.111920E+001  0.225119E+001
  0.112090E+001  0.225589E+001
  0.112260E+001  0.226059E+001
  0.112431E+001  0.226529E+001
  0.112602E+001  0.226999E+001
  0.112773E+001  0.227469E+001
  0.112944E+001  0.227939E+001
  0.113115E+001  0.228409E+001
  0.113287E+001  0.228878E+001
  0.113459E+001  0.229348E+001
  0.113631E+001  0.229817E+001
  0.113803E+001  0.230287E+001
  0.113975E+001  0.230756E+001
  0.114148E+001  0.231225E+001
  0.114320E+001  0.231695E+001
  0.114493E+001  0.232164E+001
  0.114667E+001  0.232633E+001
  0.114840E+001  0.233102E+001
  0.115013E+001  0.233571E+001
  0.115187E+001  0.234040E+001
  0.115361E+001  0.234508E+001
  0.115535E+001  0.234977E+001
  0.115709E+001  0.235446E+001
  0.115884E+001  0.235914E+001
  0.116058E+001  0.236383E+001
  0.116233E+001  0.236851E+001
  0.116408E+001  0.237320E+001
  0.116583E+001  0.237788E+001
  0.116758E+001  0.238256E+001
  0.116934E+001  0.238725E+001
  0.117110E+001  0.239193E+001
  0.117285E+001  0.239661E+001
  0.117461E+001  0.240129E+001
  0.117638E+001  0.240597E+001
  0.117814E+001  0.241064E+001
  0.117991E+001  0.241532E+001
  0.118167E+001  0.242000E+001
  0.118344E+001  0.242468E+001
  0.118521E+001  0.242935E+001
  0.118699E+001  0.243403E+001
  0.118876E+001  0.243870E+001
  0.119054E+001  0.244338E+001
  0.119231E+001  0.244805E+001
  0.119409E+001  0.245272E+001
  0.119587E+001  0.245739E+001
  0.119766E+001  0.246207E+001
  0.119944E+001  0.246674E+001
  0.120123E+001  0.247141E+001
  0.120301E+001  0.247608E+001
  0.120480E+001  0.248075E+001
  0.120659E+001  0.248541E+001
  0.120839E+001  0.249008E+001
  0.121018E+001  0.249475E+001
  0.121198E+001  0.249941E+001
  0.121378E+001  0.250408E+001
  0.121557E+001  0.250875E+001
  0.121738E+001  0.251341E+001
  0.121918E+001  0.251807E+001
  0.122098E+001  0.252274E+001
  0.122279E+001  0.252740E+001
  0.122459E+001  0.253206E+001
  0.122640E+001  0.253672E+001
  0.122821E+001  0.254138E+001
  0.123003E+001  0.254604E+001
  0.123184E+001  0.255070E+001
  0.123365E+001  0.255536E+001
  0.123547E+001  0.256002E+001
  0.123729E+001  0.256468E+001
  0.123911E+001  0.256933E+001
  0.124093E+001  0.257399E+001
  0.124275E+001  0.257865E+001
  0.124458E+001  0.258330E+001
  0.124640E+001  0.258796E+001
  0.124823E+001  0.259261E+001
  0.125006E+001  0.259726E+001
  0.125189E+001  0.260192E+001
  0.125372E+001  0.260657E+001
  0.125556E+001  0.261122E+001
  0.125739E+001  0.261587E+001
  0.125923E+001  0.262052E+001
  0.126107E+001  0.262517E+001
  0.126291E+001  0.262982E+001
  0.126475E+001  0.263447E+001
  0.126659E+001  0.263912E+001
  0.126844E+001  0.264377E+001
  0.127028E+001  0.264841E+001
  0.127213E+001  0.265306E+001
  0.127398E+001  0.265770E+001
  0.127583E+001  0.266235E+001
  0.127768E+001  0.266699E+001
  0.127953E+001  0.267164E+001
  0.128139E+001  0.267628E+001
  0.128324E+001  0.268092E+001
  0.128510E+001  0.268557E+001
  0.128696E+001  0.269021E+001
  0.128882E+001  0.269485E+001
  0.129068E+001  0.269949E+001
  0.129255E+001  0.270413E+001
  0.129441E+001  0.270877E+001
  0.129628E+001  0.271341E+001
  0.129814E+001  0.271804E+001
  0.130001E+001  0.272268E+001
  0.130188E+001  0.272732E+001
  0.130376E+001  0.273196E+001
  0.130563E+001  0.273659E+001
  0.130750E+001  0.274123E+001
  0.130938E+001  0.274586E+001
  0.131126E+001  0.275049E+001
  0.131314E+001  0.275513E+001
  0.131502E+001  0.275976E+001
  0.131690E+001  0.276439E+001
  0.131878E+001  0.276903E+001
  0.132067E+001  0.277366E+001
  0.132255E+001  0.277829E+001
  0.132444E+001  0.278292E+001
  0.132633E+001  0.278755E+001
  0.132822E+001  0.279218E+001
  0.133011E+001  0.279680E+001
  0.133201E+001  0.280143E+001
  0.133390E+001  0.280606E+001
  0.133580E+001  0.281068E+001
  0.133769E+001  0.281531E+001
  0.133959E+001  0.281994E+001
  0.134149E+001  0.282456E+001
  0.134340E+001  0.282919E+001
  0.134530E+001  0.283381E+001
  0.134720E+001  0.283843E+001
  0.134911E+001  0.284305E+001
  0.135102E+001  0.284768E+001
  0.135292E+001  0.285230E+001
  0.135483E+001  0.285692E+001
  0.135675E+001  0.286154E+001
  0.135866E+001  0.286616E+001
  0.136057E+001  0.287078E+001
  0.136249E+001  0.287540E+001
  0.136440E+001  0.288001E+001
  0.136632E+001  0.288463E+001
  0.136824E+001  0.288925E+001
  0.137016E+001  0.289387E+001
  0.137208E+001  0.289848E+001
  0.137401E+001  0.290310E+001
  0.137593E+001  0.290771E+001
  0.137786E+001  0.291232E+001
  0.137979E+001  0.291694E+001
  0.138172E+001  0.292155E+001
  0.138365E+001  0.292616E+001
  0.138558E+001  0.293078E+001
  0.138751E+001  0.293539E+001
  0.138945E+001  0.294000E+001
  0.139138E+001  0.294461E+001
  0.139332E+001  0.294922E+001
  0.139526E+001  0.295383E+001
  0.139720E+001  0.295843E+001
  0.139914E+001  0.296304E+001
  0.140108E+001  0.296765E+001
  0.140303E+001  0.297226E+001
  0.140497E+001  0.297686E+001
  0.140692E+001  0.298147E+001
  0.140887E+001  0.298607E+001
  0.141082E+001  0.299068E+001
  0.141277E+001  0.299528E+001
  0.141472E+001  0.299988E+001
  0.141667E+001  0.300449E+001
  0.141863E+001  0.300909E+001
  0.142058E+001  0.301369E+001
  0.142254E+001  0.301829E+001
  0.142450E+001  0.302289E+001
  0.142646E+001  0.302749E+001
  0.142842E+001  0.303209E+001
  0.143039E+001  0.303669E+001
  0.143235E+001  0.304129E+001
  0.143432E+001  0.304588E+001
  0.143628E+001  0.305048E+001
  0.143825E+001  0.305508E+001
  0.144022E+001  0.305967E+001
  0.144219E+001  0.306427E+001
  0.144416E+001  0.306886E+001
  0.144614E+001  0.307345E+001
  0.144811E+001  0.307805E+001
  0.145009E+001  0.308264E+001
  0.145207E+001  0.308723E+001
  0.145405E+001  0.309182E+001
  0.145603E+001  0.309642E+001
  0.145801E+001  0.310101E+001
  0.145999E+001  0.310560E+001
  0.146198E+001  0.311019E+001
  0.146396E+001  0.311477E+001
  0.146595E+001  0.311936E+001
  0.146794E+001  0.312395E+001
  0.146993E+001  0.312854E+001
  0.147192E+001  0.313312E+001
  0.147391E+001  0.313771E+001
  0.147590E+001  0.314230E+001
  0.147790E+001  0.314688E+001
  0.147989E+001  0.315146E+001
  0.148189E+001  0.315605E+001
  0.148389E+001  0.316063E+001
  0.148589E+001  0.316521E+001
  0.148789E+001  0.316980E+001
  0.148990E+001  0.317438E+001
  0.149190E+001  0.317896E+001
  0.149391E+001  0.318354E+001
  0.149591E+001  0.318812E+001
  0.149792E+001  0.319270E+001
  0.149993E+001  0.319727E+001
  0.150194E+001  0.320185E+001
