  0.345949E+000  0.507745E-001
  0.345842E+000  0.557734E-001
  0.345726E+000  0.607721E-001
  0.345603E+000  0.657705E-001
  0.345471E+000  0.707688E-001
  0.345332E+000  0.757669E-001
  0.345187E+000  0.807648E-001
  0.345035E+000  0.857625E-001
  0.344877E+000  0.907600E-001
  0.344714E+000  0.957573E-001
  0.344546E+000  0.100754E+000
  0.344373E+000  0.105752E+000
  0.344198E+000  0.110748E+000
  0.344019E+000  0.115745E+000
  0.343838E+000  0.120742E+000
  0.343655E+000  0.125739E+000
  0.343472E+000  0.130735E+000
  0.343288E+000  0.135732E+000
  0.343104E+000  0.140728E+000
  0.342922E+000  0.145725E+000
  0.342742E+000  0.150722E+000
  0.342564E+000  0.155719E+000
  0.342390E+000  0.160716E+000
  0.342221E+000  0.165713E+000
  0.342057E+000  0.170710E+000
  0.341899E+000  0.175708E+000
  0.341748E+000  0.180705E+000
  0.341605E+000  0.185703E+000
  0.341472E+000  0.190702E+000
  0.341349E+000  0.195700E+000
  0.341237E+000  0.200699E+000
  0.341137E+000  0.205698E+000
  0.341051E+000  0.210697E+000
  0.340980E+000  0.215697E+000
  0.340925E+000  0.220696E+000
  0.340889E+000  0.225696E+000
  0.340871E+000  0.230696E+000
  0.340875E+000  0.235696E+000
  0.340901E+000  0.240696E+000
  0.340953E+000  0.245696E+000
  0.341031E+000  0.250695E+000
  0.341139E+000  0.255694E+000
  0.341279E+000  0.260692E+000
  0.341453E+000  0.265689E+000
  0.341666E+000  0.270684E+000
  0.341919E+000  0.275678E+000
  0.342218E+000  0.280669E+000
  0.342567E+000  0.285657E+000
  0.342970E+000  0.290641E+000
  0.343433E+000  0.295619E+000
  0.343962E+000  0.300591E+000
  0.344564E+000  0.305555E+000
  0.345246E+000  0.310508E+000
  0.346016E+000  0.315448E+000
  0.346883E+000  0.320373E+000
  0.347857E+000  0.325277E+000
  0.348948E+000  0.330156E+000
  0.350164E+000  0.335006E+000
  0.351514E+000  0.339821E+000
  0.353005E+000  0.344593E+000
  0.354640E+000  0.349318E+000
  0.356242E+000  0.354055E+000
  0.358339E+000  0.358593E+000
  0.360398E+000  0.363150E+000
  0.362584E+000  0.367647E+000
  0.364884E+000  0.372086E+000
  0.367287E+000  0.376471E+000
  0.369781E+000  0.380805E+000
  0.372353E+000  0.385093E+000
  0.374992E+000  0.389339E+000
  0.377690E+000  0.393549E+000
  0.380438E+000  0.397726E+000
  0.383229E+000  0.401875E+000
  0.386056E+000  0.405998E+000
  0.388916E+000  0.410100E+000
  0.391804E+000  0.414182E+000
  0.394715E+000  0.418247E+000
  0.397648E+000  0.422296E+000
  0.400599E+000  0.426332E+000
  0.403567E+000  0.430356E+000
  0.406549E+000  0.434370E+000
  0.409544E+000  0.438373E+000
  0.412551E+000  0.442368E+000
  0.415568E+000  0.446355E+000
  0.418595E+000  0.450335E+000
  0.421630E+000  0.454308E+000
  0.424673E+000  0.458275E+000
  0.427724E+000  0.462237E+000
  0.430780E+000  0.466194E+000
  0.433843E+000  0.470147E+000
  0.436910E+000  0.474095E+000
  0.439983E+000  0.478039E+000
  0.443061E+000  0.481980E+000
  0.446143E+000  0.485917E+000
  0.449228E+000  0.489852E+000
  0.452317E+000  0.493783E+000
  0.455410E+000  0.497712E+000
  0.458506E+000  0.501638E+000
  0.461604E+000  0.505562E+000
  0.464706E+000  0.509484E+000
  0.467809E+000  0.513404E+000
  0.470915E+000  0.517323E+000
  0.474023E+000  0.521239E+000
  0.477133E+000  0.525154E+000
  0.480245E+000  0.529068E+000
  0.483359E+000  0.532980E+000
  0.486474E+000  0.536891E+000
  0.489591E+000  0.540801E+000
  0.492708E+000  0.544710E+000
  0.495827E+000  0.548618E+000
  0.498948E+000  0.552525E+000
  0.502069E+000  0.556431E+000
  0.505191E+000  0.560337E+000
  0.508313E+000  0.564242E+000
  0.511437E+000  0.568146E+000
  0.514561E+000  0.572050E+000
  0.517686E+000  0.575953E+000
  0.520811E+000  0.579856E+000
  0.523936E+000  0.583759E+000
  0.527062E+000  0.587661E+000
  0.530188E+000  0.591564E+000
  0.533314E+000  0.595466E+000
  0.536441E+000  0.599368E+000
  0.539567E+000  0.603270E+000
  0.542694E+000  0.607172E+000
  0.545820E+000  0.611074E+000
  0.548946E+000  0.614976E+000
  0.552072E+000  0.618878E+000
  0.555198E+000  0.622781E+000
  0.558324E+000  0.626683E+000
  0.561449E+000  0.630586E+000
  0.564574E+000  0.634490E+000
  0.567698E+000  0.638393E+000
  0.570822E+000  0.642297E+000
  0.573945E+000  0.646202E+000
  0.577068E+000  0.650107E+000
  0.580190E+000  0.654012E+000
  0.583311E+000  0.657918E+000
  0.586432E+000  0.661825E+000
  0.589552E+000  0.665732E+000
  0.592671E+000  0.669640E+000
  0.595789E+000  0.673548E+000
  0.598907E+000  0.677457E+000
  0.602023E+000  0.681367E+000
  0.605139E+000  0.685278E+000
  0.608253E+000  0.689190E+000
  0.611366E+000  0.693102E+000
  0.614479E+000  0.697015E+000
  0.617590E+000  0.700930E+000
  0.620700E+000  0.704845E+000
  0.623809E+000  0.708761E+000
  0.626916E+000  0.712678E+000
  0.630022E+000  0.716596E+000
  0.633127E+000  0.720515E+000
  0.636231E+000  0.724435E+000
  0.639333E+000  0.728357E+000
  0.642434E+000  0.732279E+000
  0.645533E+000  0.736203E+000
  0.648631E+000  0.740127E+000
  0.651727E+000  0.744053E+000
  0.654821E+000  0.747981E+000
  0.657914E+000  0.751909E+000
  0.661006E+000  0.755839E+000
  0.664095E+000  0.759770E+000
  0.667183E+000  0.763703E+000
  0.670269E+000  0.767637E+000
  0.673354E+000  0.771572E+000
  0.676437E+000  0.775509E+000
  0.679517E+000  0.779447E+000
  0.682596E+000  0.783386E+000
  0.685673E+000  0.787327E+000
  0.688748E+000  0.791270E+000
  0.691821E+000  0.795214E+000
  0.694892E+000  0.799160E+000
  0.697961E+000  0.803107E+000
  0.701028E+000  0.807056E+000
  0.704093E+000  0.811007E+000
  0.707155E+000  0.814959E+000
  0.710216E+000  0.818913E+000
  0.713274E+000  0.822869E+000
  0.716330E+000  0.826826E+000
  0.719384E+000  0.830785E+000
  0.722435E+000  0.834746E+000
  0.725484E+000  0.838709E+000
  0.728531E+000  0.842674E+000
  0.731575E+000  0.846640E+000
  0.734617E+000  0.850608E+000
  0.737656E+000  0.854579E+000
  0.740693E+000  0.858551E+000
  0.743727E+000  0.862525E+000
  0.746759E+000  0.866501E+000
  0.749788E+000  0.870479E+000
  0.752814E+000  0.874459E+000
  0.755838E+000  0.878441E+000
  0.758859E+000  0.882425E+000
  0.761877E+000  0.886412E+000
  0.764892E+000  0.890400E+000
  0.767905E+000  0.894391E+000
  0.770915E+000  0.898383E+000
  0.773922E+000  0.902378E+000
  0.776925E+000  0.906375E+000
  0.779926E+000  0.910375E+000
  0.782924E+000  0.914376E+000
  0.785919E+000  0.918380E+000
  0.788911E+000  0.922386E+000
  0.791899E+000  0.926395E+000
  0.794885E+000  0.930405E+000
  0.797867E+000  0.934419E+000
  0.800846E+000  0.938434E+000
  0.803822E+000  0.942453E+000
  0.806794E+000  0.946473E+000
  0.809763E+000  0.950496E+000
  0.812728E+000  0.954522E+000
  0.815690E+000  0.958550E+000
  0.818649E+000  0.962581E+000
  0.821604E+000  0.966615E+000
  0.824555E+000  0.970651E+000
  0.827502E+000  0.974690E+000
  0.830446E+000  0.978731E+000
  0.833385E+000  0.982776E+000
  0.836321E+000  0.986823E+000
  0.839253E+000  0.990873E+000
  0.842181E+000  0.994926E+000
  0.845105E+000  0.998982E+000
  0.848025E+000  0.100304E+001
  0.850940E+000  0.100710E+001
  0.853851E+000  0.101117E+001
  0.856758E+000  0.101524E+001
  0.859660E+000  0.101931E+001
  0.862558E+000  0.102338E+001
  0.865451E+000  0.102746E+001
  0.868339E+000  0.103154E+001
  0.871223E+000  0.103563E+001
  0.874101E+000  0.103972E+001
  0.876975E+000  0.104381E+001
  0.879843E+000  0.104790E+001
  0.882707E+000  0.105200E+001
  0.885564E+000  0.105610E+001
  0.888417E+000  0.106021E+001
  0.891264E+000  0.106432E+001
  0.894105E+000  0.106844E+001
  0.896940E+000  0.107255E+001
  0.899770E+000  0.107668E+001
  0.902594E+000  0.108080E+001
  0.905411E+000  0.108493E+001
  0.908222E+000  0.108907E+001
  0.911026E+000  0.109321E+001
  0.913825E+000  0.109735E+001
  0.916616E+000  0.110150E+001
  0.919400E+000  0.110565E+001
  0.922178E+000  0.110981E+001
  0.924948E+000  0.111397E+001
  0.927711E+000  0.111814E+001
  0.930467E+000  0.112231E+001
  0.933215E+000  0.112649E+001
  0.935955E+000  0.113067E+001
  0.938688E+000  0.113486E+001
  0.941412E+000  0.113905E+001
  0.944129E+000  0.114325E+001
  0.946836E+000  0.114745E+001
  0.949536E+000  0.115166E+001
  0.952227E+000  0.115588E+001
  0.954909E+000  0.116009E+001
  0.957582E+000  0.116432E+001
  0.960246E+000  0.116855E+001
  0.962901E+000  0.117279E+001
  0.965546E+000  0.117703E+001
  0.968182E+000  0.118128E+001
  0.970809E+000  0.118553E+001
  0.973426E+000  0.118980E+001
  0.976032E+000  0.119406E+001
  0.978629E+000  0.119833E+001
  0.981216E+000  0.120261E+001
  0.983793E+000  0.120690E+001
  0.986359E+000  0.121119E+001
  0.988915E+000  0.121549E+001
  0.991460E+000  0.121979E+001
  0.993995E+000  0.122410E+001
  0.996520E+000  0.122842E+001
  0.999033E+000  0.123274E+001
  0.100154E+001  0.123707E+001
  0.100403E+001  0.124140E+001
  0.100651E+001  0.124574E+001
  0.100898E+001  0.125009E+001
  0.101144E+001  0.125444E+001
  0.101388E+001  0.125880E+001
  0.101632E+001  0.126317E+001
  0.101875E+001  0.126754E+001
  0.102116E+001  0.127192E+001
  0.102356E+001  0.127631E+001
  0.102596E+001  0.128070E+001
  0.102834E+001  0.128509E+001
  0.103071E+001  0.128950E+001
  0.103306E+001  0.129391E+001
  0.103541E+001  0.129832E+001
  0.103775E+001  0.130274E+001
  0.104007E+001  0.130717E+001
  0.104238E+001  0.131160E+001
  0.104469E+001  0.131604E+001
  0.104698E+001  0.132048E+001
  0.104926E+001  0.132493E+001
  0.105152E+001  0.132939E+001
  0.105378E+001  0.133385E+001
  0.105603E+001  0.133832E+001
  0.105826E+001  0.134279E+001
  0.106049E+001  0.134727E+001
  0.106270E+001  0.135175E+001
  0.106490E+001  0.135624E+001
  0.106709E+001  0.136074E+001
  0.106927E+001  0.136524E+001
  0.107144E+001  0.136974E+001
  0.107360E+001  0.137425E+001
  0.107575E+001  0.137877E+001
  0.107788E+001  0.138329E+001
  0.108001E+001  0.138781E+001
  0.108212E+001  0.139234E+001
  0.108423E+001  0.139688E+001
  0.108632E+001  0.140142E+001
  0.108841E+001  0.140596E+001
  0.109048E+001  0.141051E+001
  0.109254E+001  0.141507E+001
  0.109460E+001  0.141963E+001
  0.109664E+001  0.142419E+001
  0.109867E+001  0.142876E+001
  0.110069E+001  0.143333E+001
  0.110270E+001  0.143791E+001
  0.110471E+001  0.144249E+001
  0.110670E+001  0.144708E+001
  0.110868E+001  0.145167E+001
  0.111065E+001  0.145626E+001
  0.111261E+001  0.146086E+001
  0.111457E+001  0.146547E+001
  0.111651E+001  0.147007E+001
  0.111844E+001  0.147468E+001
  0.112036E+001  0.147930E+001
  0.112228E+001  0.148392E+001
  0.112418E+001  0.148854E+001
  0.112608E+001  0.149317E+001
  0.112797E+001  0.149780E+001
  0.112984E+001  0.150243E+001
  0.113171E+001  0.150707E+001
  0.113357E+001  0.151171E+001
  0.113542E+001  0.151636E+001
  0.113726E+001  0.152101E+001
  0.113910E+001  0.152566E+001
  0.114092E+001  0.153031E+001
  0.114273E+001  0.153497E+001
  0.114454E+001  0.153963E+001
  0.114634E+001  0.154430E+001
  0.114813E+001  0.154897E+001
  0.114991E+001  0.155364E+001
  0.115169E+001  0.155831E+001
  0.115345E+001  0.156299E+001
  0.115521E+001  0.156767E+001
  0.115696E+001  0.157236E+001
  0.115870E+001  0.157704E+001
  0.116044E+001  0.158173E+001
  0.116216E+001  0.158642E+001
  0.116388E+001  0.159112E+001
  0.116560E+001  0.159582E+001
  0.116730E+001  0.160052E+001
  0.116900E+001  0.160522E+001
  0.117069E+001  0.160993E+001
  0.117237E+001  0.161463E+001
  0.117405E+001  0.161935E+001
  0.117572E+001  0.162406E+001
  0.117738E+001  0.162877E+001
  0.117904E+001  0.163349E+001
  0.118069E+001  0.163821E+001
  0.118233E+001  0.164293E+001
  0.118397E+001  0.164766E+001
  0.118560E+001  0.165238E+001
  0.118722E+001  0.165711E+001
  0.118884E+001  0.166184E+001
  0.119045E+001  0.166658E+001
  0.119206E+001  0.167131E+001
  0.119366E+001  0.167605E+001
  0.119526E+001  0.168079E+001
  0.119685E+001  0.168553E+001
  0.119843E+001  0.169027E+001
  0.120001E+001  0.169501E+001
  0.120158E+001  0.169976E+001
  0.120315E+001  0.170451E+001
  0.120472E+001  0.170926E+001
  0.120627E+001  0.171401E+001
  0.120783E+001  0.171876E+001
  0.120938E+001  0.172351E+001
  0.121092E+001  0.172827E+001
  0.121246E+001  0.173303E+001
  0.121399E+001  0.173779E+001
  0.121552E+001  0.174255E+001
  0.121705E+001  0.174731E+001
  0.121857E+001  0.175207E+001
  0.122009E+001  0.175683E+001
  0.122160E+001  0.176160E+001
  0.122311E+001  0.176637E+001
  0.122462E+001  0.177113E+001
  0.122612E+001  0.177590E+001
  0.122762E+001  0.178067E+001
  0.122911E+001  0.178545E+001
  0.123061E+001  0.179022E+001
  0.123209E+001  0.179499E+001
  0.123358E+001  0.179977E+001
  0.123506E+001  0.180454E+001
  0.123654E+001  0.180932E+001
  0.123801E+001  0.181410E+001
  0.123948E+001  0.181887E+001
  0.124095E+001  0.182365E+001
  0.124242E+001  0.182843E+001
  0.124388E+001  0.183321E+001
  0.124534E+001  0.183800E+001
  0.124680E+001  0.184278E+001
  0.124826E+001  0.184756E+001
  0.124971E+001  0.185235E+001
  0.125116E+001  0.185713E+001
  0.125261E+001  0.186192E+001
  0.125406E+001  0.186670E+001
  0.125550E+001  0.187149E+001
  0.125694E+001  0.187628E+001
  0.125838E+001  0.188107E+001
  0.125982E+001  0.188585E+001
  0.126126E+001  0.189064E+001
  0.126269E+001  0.189543E+001
  0.126412E+001  0.190022E+001
  0.126555E+001  0.190501E+001
  0.126698E+001  0.190981E+001
  0.126841E+001  0.191460E+001
  0.126984E+001  0.191939E+001
  0.127126E+001  0.192418E+001
  0.127269E+001  0.192898E+001
  0.127411E+001  0.193377E+001
  0.127553E+001  0.193856E+001
  0.127695E+001  0.194336E+001
  0.127837E+001  0.194815E+001
  0.127979E+001  0.195295E+001
  0.128120E+001  0.195774E+001
  0.128262E+001  0.196254E+001
  0.128404E+001  0.196733E+001
  0.128545E+001  0.197213E+001
  0.128686E+001  0.197692E+001
  0.128828E+001  0.198172E+001
  0.128969E+001  0.198652E+001
  0.129110E+001  0.199131E+001
  0.129251E+001  0.199611E+001
  0.129392E+001  0.200091E+001
  0.129533E+001  0.200570E+001
  0.129674E+001  0.201050E+001
  0.129815E+001  0.201530E+001
  0.129956E+001  0.202010E+001
  0.130097E+001  0.202489E+001
  0.130238E+001  0.202969E+001
  0.130379E+001  0.203449E+001
  0.130519E+001  0.203929E+001
  0.130660E+001  0.204408E+001
  0.130801E+001  0.204888E+001
  0.130942E+001  0.205368E+001
  0.131083E+001  0.205848E+001
  0.131224E+001  0.206327E+001
  0.131364E+001  0.206807E+001
  0.131505E+001  0.207287E+001
  0.131646E+001  0.207767E+001
  0.131787E+001  0.208246E+001
  0.131928E+001  0.208726E+001
  0.132069E+001  0.209206E+001
  0.132210E+001  0.209685E+001
  0.132351E+001  0.210165E+001
  0.132492E+001  0.210645E+001
  0.132633E+001  0.211125E+001
  0.132774E+001  0.211604E+001
  0.132916E+001  0.212084E+001
  0.133057E+001  0.212563E+001
  0.133198E+001  0.213043E+001
  0.133340E+001  0.213523E+001
  0.133481E+001  0.214002E+001
  0.133623E+001  0.214482E+001
  0.133764E+001  0.214961E+001
  0.133906E+001  0.215441E+001
  0.134047E+001  0.215920E+001
  0.134189E+001  0.216400E+001
  0.134331E+001  0.216879E+001
  0.134473E+001  0.217359E+001
  0.134615E+001  0.217838E+001
  0.134757E+001  0.218317E+001
  0.134900E+001  0.218797E+001
  0.135042E+001  0.219276E+001
  0.135184E+001  0.219755E+001
  0.135327E+001  0.220235E+001
  0.135470E+001  0.220714E+001
  0.135612E+001  0.221193E+001
  0.135755E+001  0.221672E+001
  0.135898E+001  0.222151E+001
  0.136041E+001  0.222630E+001
  0.136184E+001  0.223110E+001
  0.136327E+001  0.223589E+001
  0.136471E+001  0.224068E+001
  0.136614E+001  0.224547E+001
  0.136758E+001  0.225025E+001
  0.136902E+001  0.225504E+001
  0.137046E+001  0.225983E+001
  0.137189E+001  0.226462E+001
  0.137334E+001  0.226941E+001
  0.137478E+001  0.227420E+001
  0.137622E+001  0.227898E+001
  0.137767E+001  0.228377E+001
  0.137911E+001  0.228856E+001
  0.138056E+001  0.229334E+001
  0.138201E+001  0.229813E+001
  0.138346E+001  0.230291E+001
  0.138491E+001  0.230770E+001
  0.138636E+001  0.231248E+001
  0.138782E+001  0.231727E+001
  0.138927E+001  0.232205E+001
  0.139073E+001  0.232683E+001
  0.139219E+001  0.233161E+001
  0.139365E+001  0.233640E+001
  0.139511E+001  0.234118E+001
  0.139657E+001  0.234596E+001
  0.139804E+001  0.235074E+001
  0.139950E+001  0.235552E+001
  0.140097E+001  0.236030E+001
  0.140244E+001  0.236508E+001
  0.140391E+001  0.236986E+001
  0.140538E+001  0.237464E+001
  0.140685E+001  0.237942E+001
  0.140833E+001  0.238419E+001
  0.140980E+001  0.238897E+001
  0.141128E+001  0.239375E+001
  0.141276E+001  0.239852E+001
  0.141424E+001  0.240330E+001
  0.141572E+001  0.240807E+001
  0.141721E+001  0.241285E+001
  0.141869E+001  0.241762E+001
  0.142018E+001  0.242240E+001
  0.142167E+001  0.242717E+001
  0.142316E+001  0.243194E+001
  0.142465E+001  0.243671E+001
  0.142615E+001  0.244149E+001
  0.142764E+001  0.244626E+001
  0.142914E+001  0.245103E+001
  0.143064E+001  0.245580E+001
  0.143214E+001  0.246057E+001
  0.143364E+001  0.246534E+001
  0.143514E+001  0.247011E+001
  0.143665E+001  0.247487E+001
  0.143815E+001  0.247964E+001
  0.143966E+001  0.248441E+001
  0.144117E+001  0.248917E+001
  0.144268E+001  0.249394E+001
  0.144420E+001  0.249871E+001
  0.144571E+001  0.250347E+001
  0.144723E+001  0.250824E+001
  0.144875E+001  0.251300E+001
  0.145027E+001  0.251776E+001
  0.145179E+001  0.252253E+001
  0.145331E+001  0.252729E+001
  0.145484E+001  0.253205E+001
  0.145636E+001  0.253681E+001
  0.145789E+001  0.254157E+001
  0.145942E+001  0.254633E+001
  0.146096E+001  0.255109E+001
  0.146249E+001  0.255585E+001
  0.146402E+001  0.256061E+001
  0.146556E+001  0.256537E+001
  0.146710E+001  0.257012E+001
  0.146864E+001  0.257488E+001
  0.147018E+001  0.257964E+001
  0.147173E+001  0.258439E+001
  0.147327E+001  0.258915E+001
  0.147482E+001  0.259390E+001
  0.147637E+001  0.259866E+001
  0.147792E+001  0.260341E+001
  0.147947E+001  0.260816E+001
  0.148103E+001  0.261291E+001
  0.148258E+001  0.261767E+001
  0.148414E+001  0.262242E+001
  0.148570E+001  0.262717E+001
  0.148726E+001  0.263192E+001
  0.148882E+001  0.263667E+001
  0.149039E+001  0.264142E+001
  0.149195E+001  0.264617E+001
  0.149352E+001  0.265091E+001
  0.149509E+001  0.265566E+001
  0.149666E+001  0.266041E+001
  0.149823E+001  0.266515E+001
  0.149981E+001  0.266990E+001
  0.150138E+001  0.267464E+001
