  0.526322E+000  0.296953E-001
  0.526591E+000  0.346880E-001
  0.526901E+000  0.396784E-001
  0.527252E+000  0.446661E-001
  0.527643E+000  0.496507E-001
  0.528074E+000  0.546321E-001
  0.528545E+000  0.596098E-001
  0.529056E+000  0.645837E-001
  0.529605E+000  0.695535E-001
  0.530192E+000  0.745189E-001
  0.530817E+000  0.794796E-001
  0.531480E+000  0.844355E-001
  0.532179E+000  0.893864E-001
  0.532915E+000  0.943320E-001
  0.533686E+000  0.992722E-001
  0.534492E+000  0.104207E+000
  0.535332E+000  0.109136E+000
  0.536206E+000  0.114059E+000
  0.537114E+000  0.118976E+000
  0.538054E+000  0.123886E+000
  0.539026E+000  0.128791E+000
  0.540030E+000  0.133689E+000
  0.541064E+000  0.138581E+000
  0.542129E+000  0.143466E+000
  0.543223E+000  0.148345E+000
  0.544346E+000  0.153218E+000
  0.545497E+000  0.158083E+000
  0.546676E+000  0.162942E+000
  0.547882E+000  0.167794E+000
  0.549115E+000  0.172640E+000
  0.550374E+000  0.177479E+000
  0.551658E+000  0.182311E+000
  0.552967E+000  0.187137E+000
  0.554300E+000  0.191956E+000
  0.555657E+000  0.196768E+000
  0.557038E+000  0.201574E+000
  0.558441E+000  0.206373E+000
  0.559866E+000  0.211166E+000
  0.561313E+000  0.215952E+000
  0.562781E+000  0.220731E+000
  0.564270E+000  0.225505E+000
  0.565779E+000  0.230271E+000
  0.567308E+000  0.235032E+000
  0.568856E+000  0.239786E+000
  0.570424E+000  0.244534E+000
  0.572009E+000  0.249276E+000
  0.573613E+000  0.254012E+000
  0.575235E+000  0.258741E+000
  0.576874E+000  0.263465E+000
  0.578530E+000  0.268183E+000
  0.580202E+000  0.272895E+000
  0.581891E+000  0.277601E+000
  0.583596E+000  0.282302E+000
  0.585316E+000  0.286996E+000
  0.587051E+000  0.291686E+000
  0.588801E+000  0.296369E+000
  0.590566E+000  0.301048E+000
  0.592344E+000  0.305721E+000
  0.594137E+000  0.310388E+000
  0.595943E+000  0.315051E+000
  0.597763E+000  0.319708E+000
  0.599595E+000  0.324360E+000
  0.601441E+000  0.329007E+000
  0.603298E+000  0.333649E+000
  0.605169E+000  0.338286E+000
  0.607051E+000  0.342918E+000
  0.608944E+000  0.347546E+000
  0.610850E+000  0.352168E+000
  0.612766E+000  0.356787E+000
  0.614694E+000  0.361400E+000
  0.616632E+000  0.366009E+000
  0.618581E+000  0.370614E+000
  0.620540E+000  0.375214E+000
  0.622510E+000  0.379810E+000
  0.624489E+000  0.384401E+000
  0.626478E+000  0.388988E+000
  0.628477E+000  0.393571E+000
  0.630485E+000  0.398150E+000
  0.632503E+000  0.402725E+000
  0.634529E+000  0.407296E+000
  0.636564E+000  0.411863E+000
  0.638608E+000  0.416427E+000
  0.640660E+000  0.420986E+000
  0.642721E+000  0.425542E+000
  0.644790E+000  0.430093E+000
  0.646867E+000  0.434642E+000
  0.648952E+000  0.439186E+000
  0.651044E+000  0.443727E+000
  0.653144E+000  0.448265E+000
  0.655252E+000  0.452799E+000
  0.657366E+000  0.457330E+000
  0.659488E+000  0.461857E+000
  0.661617E+000  0.466381E+000
  0.663753E+000  0.470902E+000
  0.665896E+000  0.475420E+000
  0.668045E+000  0.479935E+000
  0.670201E+000  0.484446E+000
  0.672363E+000  0.488954E+000
  0.674531E+000  0.493460E+000
  0.676705E+000  0.497962E+000
  0.678886E+000  0.502462E+000
  0.681072E+000  0.506958E+000
  0.683265E+000  0.511452E+000
  0.685462E+000  0.515943E+000
  0.687666E+000  0.520431E+000
  0.689875E+000  0.524917E+000
  0.692089E+000  0.529400E+000
  0.694309E+000  0.533880E+000
  0.696534E+000  0.538358E+000
  0.698763E+000  0.542833E+000
  0.700998E+000  0.547306E+000
  0.703238E+000  0.551776E+000
  0.705482E+000  0.556244E+000
  0.707731E+000  0.560710E+000
  0.709985E+000  0.565173E+000
  0.712243E+000  0.569634E+000
  0.714506E+000  0.574093E+000
  0.716773E+000  0.578549E+000
  0.719044E+000  0.583004E+000
  0.721320E+000  0.587456E+000
  0.723599E+000  0.591906E+000
  0.725883E+000  0.596354E+000
  0.728170E+000  0.600800E+000
  0.730461E+000  0.605245E+000
  0.732756E+000  0.609687E+000
  0.735054E+000  0.614127E+000
  0.737356E+000  0.618566E+000
  0.739662E+000  0.623003E+000
  0.741971E+000  0.627437E+000
  0.744283E+000  0.631871E+000
  0.746599E+000  0.636302E+000
  0.748917E+000  0.640732E+000
  0.751239E+000  0.645160E+000
  0.753564E+000  0.649587E+000
  0.755891E+000  0.654012E+000
  0.758222E+000  0.658436E+000
  0.760555E+000  0.662858E+000
  0.762891E+000  0.667279E+000
  0.765229E+000  0.671698E+000
  0.767570E+000  0.676116E+000
  0.769914E+000  0.680533E+000
  0.772260E+000  0.684949E+000
  0.774608E+000  0.689363E+000
  0.776958E+000  0.693776E+000
  0.779310E+000  0.698189E+000
  0.781664E+000  0.702600E+000
  0.784021E+000  0.707010E+000
  0.786379E+000  0.711419E+000
  0.788738E+000  0.715827E+000
  0.791100E+000  0.720234E+000
  0.793463E+000  0.724641E+000
  0.795827E+000  0.729046E+000
  0.798192E+000  0.733451E+000
  0.800559E+000  0.737856E+000
  0.802927E+000  0.742259E+000
  0.805296E+000  0.746663E+000
  0.807666E+000  0.751065E+000
  0.810036E+000  0.755468E+000
  0.812407E+000  0.759870E+000
  0.814779E+000  0.764272E+000
  0.817151E+000  0.768673E+000
  0.819523E+000  0.773075E+000
  0.821895E+000  0.777476E+000
  0.824267E+000  0.781878E+000
  0.826639E+000  0.786279E+000
  0.829010E+000  0.790681E+000
  0.831381E+000  0.795083E+000
  0.833751E+000  0.799486E+000
  0.836120E+000  0.803889E+000
  0.838487E+000  0.808293E+000
  0.840853E+000  0.812698E+000
  0.843217E+000  0.817104E+000
  0.845579E+000  0.821511E+000
  0.847939E+000  0.825919E+000
  0.850297E+000  0.830328E+000
  0.852651E+000  0.834739E+000
  0.855002E+000  0.839152E+000
  0.857350E+000  0.843567E+000
  0.859693E+000  0.847983E+000
  0.862033E+000  0.852402E+000
  0.864367E+000  0.856824E+000
  0.866697E+000  0.861248E+000
  0.869021E+000  0.865675E+000
  0.871338E+000  0.870105E+000
  0.873650E+000  0.874539E+000
  0.875954E+000  0.878976E+000
  0.878251E+000  0.883418E+000
  0.880541E+000  0.887863E+000
  0.882821E+000  0.892312E+000
  0.885094E+000  0.896766E+000
  0.887357E+000  0.901225E+000
  0.889610E+000  0.905688E+000
  0.891854E+000  0.910156E+000
  0.894088E+000  0.914630E+000
  0.896311E+000  0.919108E+000
  0.898525E+000  0.923591E+000
  0.900728E+000  0.928080E+000
  0.902922E+000  0.932573E+000
  0.905106E+000  0.937070E+000
  0.907282E+000  0.941572E+000
  0.909449E+000  0.946078E+000
  0.911609E+000  0.950588E+000
  0.913762E+000  0.955100E+000
  0.915909E+000  0.959616E+000
  0.918052E+000  0.964133E+000
  0.920191E+000  0.968653E+000
  0.922328E+000  0.973173E+000
  0.924464E+000  0.977694E+000
  0.926601E+000  0.982214E+000
  0.928739E+000  0.986734E+000
  0.930879E+000  0.991253E+000
  0.933024E+000  0.995769E+000
  0.935173E+000  0.100028E+001
  0.937328E+000  0.100480E+001
  0.939490E+000  0.100930E+001
  0.941660E+000  0.101381E+001
  0.943838E+000  0.101831E+001
  0.946025E+000  0.102281E+001
  0.948223E+000  0.102730E+001
  0.950430E+000  0.103178E+001
  0.952649E+000  0.103626E+001
  0.954879E+000  0.104074E+001
  0.957121E+000  0.104521E+001
  0.959375E+000  0.104967E+001
  0.961642E+000  0.105413E+001
  0.963920E+000  0.105858E+001
  0.966212E+000  0.106302E+001
  0.968517E+000  0.106746E+001
  0.970834E+000  0.107189E+001
  0.973165E+000  0.107631E+001
  0.975509E+000  0.108073E+001
  0.977866E+000  0.108514E+001
  0.980236E+000  0.108954E+001
  0.982619E+000  0.109394E+001
  0.985015E+000  0.109833E+001
  0.987424E+000  0.110271E+001
  0.989845E+000  0.110708E+001
  0.992280E+000  0.111145E+001
  0.994727E+000  0.111581E+001
  0.997187E+000  0.112016E+001
  0.999659E+000  0.112451E+001
  0.100214E+001  0.112885E+001
  0.100464E+001  0.113318E+001
  0.100715E+001  0.113751E+001
  0.100967E+001  0.114182E+001
  0.101220E+001  0.114613E+001
  0.101475E+001  0.115044E+001
  0.101730E+001  0.115474E+001
  0.101987E+001  0.115903E+001
  0.102245E+001  0.116331E+001
  0.102503E+001  0.116759E+001
  0.102763E+001  0.117186E+001
  0.103024E+001  0.117613E+001
  0.103286E+001  0.118038E+001
  0.103549E+001  0.118464E+001
  0.103813E+001  0.118888E+001
  0.104078E+001  0.119312E+001
  0.104345E+001  0.119736E+001
  0.104611E+001  0.120158E+001
  0.104879E+001  0.120581E+001
  0.105148E+001  0.121002E+001
  0.105418E+001  0.121423E+001
  0.105689E+001  0.121844E+001
  0.105960E+001  0.122263E+001
  0.106232E+001  0.122683E+001
  0.106505E+001  0.123102E+001
  0.106779E+001  0.123520E+001
  0.107054E+001  0.123938E+001
  0.107330E+001  0.124355E+001
  0.107606E+001  0.124772E+001
  0.107883E+001  0.125188E+001
  0.108161E+001  0.125604E+001
  0.108439E+001  0.126019E+001
  0.108718E+001  0.126434E+001
  0.108998E+001  0.126848E+001
  0.109278E+001  0.127262E+001
  0.109559E+001  0.127676E+001
  0.109841E+001  0.128089E+001
  0.110123E+001  0.128502E+001
  0.110406E+001  0.128914E+001
  0.110689E+001  0.129326E+001
  0.110973E+001  0.129737E+001
  0.111258E+001  0.130149E+001
  0.111543E+001  0.130559E+001
  0.111828E+001  0.130970E+001
  0.112114E+001  0.131380E+001
  0.112401E+001  0.131790E+001
  0.112687E+001  0.132200E+001
  0.112974E+001  0.132609E+001
  0.113262E+001  0.133018E+001
  0.113550E+001  0.133427E+001
  0.113837E+001  0.133836E+001
  0.114125E+001  0.134245E+001
  0.114413E+001  0.134654E+001
  0.114700E+001  0.135063E+001
  0.114985E+001  0.135474E+001
  0.115266E+001  0.135887E+001
  0.115538E+001  0.136307E+001
  0.115794E+001  0.136736E+001
  0.116038E+001  0.137173E+001
  0.116276E+001  0.137613E+001
  0.116510E+001  0.138055E+001
  0.116742E+001  0.138497E+001
  0.116973E+001  0.138941E+001
  0.117204E+001  0.139384E+001
  0.117433E+001  0.139829E+001
  0.117662E+001  0.140273E+001
  0.117890E+001  0.140718E+001
  0.118118E+001  0.141163E+001
  0.118345E+001  0.141609E+001
  0.118571E+001  0.142055E+001
  0.118797E+001  0.142501E+001
  0.119022E+001  0.142947E+001
  0.119246E+001  0.143394E+001
  0.119471E+001  0.143841E+001
  0.119694E+001  0.144288E+001
  0.119917E+001  0.144736E+001
  0.120139E+001  0.145184E+001
  0.120361E+001  0.145632E+001
  0.120583E+001  0.146080E+001
  0.120803E+001  0.146529E+001
  0.121023E+001  0.146978E+001
  0.121243E+001  0.147427E+001
  0.121462E+001  0.147876E+001
  0.121680E+001  0.148326E+001
  0.121898E+001  0.148776E+001
  0.122115E+001  0.149227E+001
  0.122332E+001  0.149677E+001
  0.122548E+001  0.150128E+001
  0.122763E+001  0.150579E+001
  0.122978E+001  0.151031E+001
  0.123192E+001  0.151483E+001
  0.123406E+001  0.151935E+001
  0.123619E+001  0.152387E+001
  0.123831E+001  0.152840E+001
  0.124043E+001  0.153293E+001
  0.124254E+001  0.153746E+001
  0.124465E+001  0.154199E+001
  0.124675E+001  0.154653E+001
  0.124884E+001  0.155107E+001
  0.125093E+001  0.155562E+001
  0.125301E+001  0.156016E+001
  0.125509E+001  0.156471E+001
  0.125716E+001  0.156926E+001
  0.125922E+001  0.157382E+001
  0.126128E+001  0.157837E+001
  0.126333E+001  0.158293E+001
  0.126537E+001  0.158750E+001
  0.126741E+001  0.159206E+001
  0.126944E+001  0.159663E+001
  0.127147E+001  0.160120E+001
  0.127349E+001  0.160578E+001
  0.127550E+001  0.161035E+001
  0.127751E+001  0.161493E+001
  0.127951E+001  0.161951E+001
  0.128150E+001  0.162410E+001
  0.128349E+001  0.162869E+001
  0.128548E+001  0.163328E+001
  0.128745E+001  0.163787E+001
  0.128942E+001  0.164246E+001
  0.129139E+001  0.164706E+001
  0.129335E+001  0.165166E+001
  0.129530E+001  0.165627E+001
  0.129725E+001  0.166087E+001
  0.129919E+001  0.166548E+001
  0.130112E+001  0.167009E+001
  0.130305E+001  0.167470E+001
  0.130497E+001  0.167932E+001
  0.130689E+001  0.168394E+001
  0.130880E+001  0.168856E+001
  0.131070E+001  0.169318E+001
  0.131260E+001  0.169781E+001
  0.131450E+001  0.170243E+001
  0.131638E+001  0.170706E+001
  0.131826E+001  0.171170E+001
  0.132014E+001  0.171633E+001
  0.132201E+001  0.172097E+001
  0.132387E+001  0.172561E+001
  0.132573E+001  0.173025E+001
  0.132759E+001  0.173489E+001
  0.132943E+001  0.173954E+001
  0.133128E+001  0.174419E+001
  0.133311E+001  0.174884E+001
  0.133494E+001  0.175349E+001
  0.133677E+001  0.175815E+001
  0.133859E+001  0.176280E+001
  0.134041E+001  0.176746E+001
  0.134222E+001  0.177212E+001
  0.134402E+001  0.177678E+001
  0.134582E+001  0.178145E+001
  0.134761E+001  0.178612E+001
  0.134940E+001  0.179079E+001
  0.135119E+001  0.179546E+001
  0.135297E+001  0.180013E+001
  0.135474E+001  0.180480E+001
  0.135651E+001  0.180948E+001
  0.135827E+001  0.181416E+001
  0.136003E+001  0.181884E+001
  0.136179E+001  0.182352E+001
  0.136354E+001  0.182821E+001
  0.136528E+001  0.183289E+001
  0.136702E+001  0.183758E+001
  0.136876E+001  0.184227E+001
  0.137049E+001  0.184696E+001
  0.137221E+001  0.185165E+001
  0.137394E+001  0.185635E+001
  0.137565E+001  0.186104E+001
  0.137737E+001  0.186574E+001
  0.137908E+001  0.187044E+001
  0.138078E+001  0.187514E+001
  0.138248E+001  0.187984E+001
  0.138418E+001  0.188454E+001
  0.138587E+001  0.188925E+001
  0.138756E+001  0.189395E+001
  0.138924E+001  0.189866E+001
  0.139092E+001  0.190337E+001
  0.139260E+001  0.190808E+001
  0.139427E+001  0.191279E+001
  0.139594E+001  0.191751E+001
  0.139761E+001  0.192222E+001
  0.139927E+001  0.192694E+001
  0.140093E+001  0.193165E+001
  0.140258E+001  0.193637E+001
  0.140423E+001  0.194109E+001
  0.140588E+001  0.194581E+001
  0.140752E+001  0.195053E+001
  0.140916E+001  0.195526E+001
  0.141080E+001  0.195998E+001
  0.141244E+001  0.196471E+001
  0.141407E+001  0.196943E+001
  0.141570E+001  0.197416E+001
  0.141732E+001  0.197889E+001
  0.141894E+001  0.198362E+001
  0.142056E+001  0.198835E+001
  0.142218E+001  0.199308E+001
  0.142379E+001  0.199781E+001
  0.142540E+001  0.200255E+001
  0.142701E+001  0.200728E+001
  0.142861E+001  0.201202E+001
  0.143021E+001  0.201675E+001
  0.143181E+001  0.202149E+001
  0.143341E+001  0.202623E+001
  0.143500E+001  0.203097E+001
  0.143660E+001  0.203571E+001
  0.143819E+001  0.204045E+001
  0.143977E+001  0.204519E+001
  0.144136E+001  0.204993E+001
  0.144294E+001  0.205468E+001
  0.144452E+001  0.205942E+001
  0.144610E+001  0.206416E+001
  0.144767E+001  0.206891E+001
  0.144925E+001  0.207366E+001
  0.145082E+001  0.207840E+001
  0.145239E+001  0.208315E+001
  0.145396E+001  0.208790E+001
  0.145552E+001  0.209265E+001
  0.145709E+001  0.209739E+001
  0.145865E+001  0.210214E+001
  0.146021E+001  0.210689E+001
  0.146177E+001  0.211164E+001
  0.146333E+001  0.211640E+001
  0.146488E+001  0.212115E+001
  0.146644E+001  0.212590E+001
  0.146799E+001  0.213065E+001
  0.146954E+001  0.213541E+001
  0.147109E+001  0.214016E+001
  0.147264E+001  0.214491E+001
  0.147419E+001  0.214967E+001
  0.147573E+001  0.215442E+001
  0.147728E+001  0.215918E+001
  0.147882E+001  0.216393E+001
  0.148036E+001  0.216869E+001
  0.148190E+001  0.217345E+001
  0.148344E+001  0.217820E+001
  0.148498E+001  0.218296E+001
  0.148652E+001  0.218772E+001
  0.148806E+001  0.219248E+001
  0.148959E+001  0.219724E+001
  0.149113E+001  0.220200E+001
  0.149266E+001  0.220675E+001
  0.149419E+001  0.221151E+001
  0.149573E+001  0.221627E+001
  0.149726E+001  0.222103E+001
  0.149879E+001  0.222579E+001
  0.150032E+001  0.223055E+001
