  0.816372E+000  0.639445E-001
  0.816710E+000  0.689330E-001
  0.817074E+000  0.739198E-001
  0.817462E+000  0.789047E-001
  0.817874E+000  0.838877E-001
  0.818310E+000  0.888686E-001
  0.818769E+000  0.938475E-001
  0.819253E+000  0.988240E-001
  0.819760E+000  0.103798E+000
  0.820289E+000  0.108770E+000
  0.820842E+000  0.113740E+000
  0.821417E+000  0.118706E+000
  0.822014E+000  0.123671E+000
  0.822632E+000  0.128632E+000
  0.823273E+000  0.133591E+000
  0.823934E+000  0.138547E+000
  0.824616E+000  0.143500E+000
  0.825319E+000  0.148451E+000
  0.826041E+000  0.153398E+000
  0.826783E+000  0.158343E+000
  0.827545E+000  0.163285E+000
  0.828324E+000  0.168223E+000
  0.829122E+000  0.173159E+000
  0.829938E+000  0.178092E+000
  0.830770E+000  0.183023E+000
  0.831620E+000  0.187950E+000
  0.832485E+000  0.192875E+000
  0.833365E+000  0.197796E+000
  0.834261E+000  0.202716E+000
  0.835170E+000  0.207632E+000
  0.836092E+000  0.212546E+000
  0.837028E+000  0.217458E+000
  0.837975E+000  0.222368E+000
  0.838933E+000  0.227275E+000
  0.839901E+000  0.232180E+000
  0.840879E+000  0.237084E+000
  0.841864E+000  0.241986E+000
  0.842857E+000  0.246886E+000
  0.843856E+000  0.251785E+000
  0.844861E+000  0.256683E+000
  0.845868E+000  0.261581E+000
  0.846878E+000  0.266478E+000
  0.847890E+000  0.271374E+000
  0.848901E+000  0.276271E+000
  0.849909E+000  0.281168E+000
  0.850915E+000  0.286066E+000
  0.851915E+000  0.290965E+000
  0.852908E+000  0.295866E+000
  0.853891E+000  0.300768E+000
  0.854864E+000  0.305672E+000
  0.855823E+000  0.310579E+000
  0.856768E+000  0.315489E+000
  0.857694E+000  0.320403E+000
  0.858601E+000  0.325320E+000
  0.859486E+000  0.330241E+000
  0.860346E+000  0.335166E+000
  0.861180E+000  0.340096E+000
  0.861985E+000  0.345031E+000
  0.862759E+000  0.349971E+000
  0.863501E+000  0.354916E+000
  0.864207E+000  0.359865E+000
  0.864878E+000  0.364820E+000
  0.865512E+000  0.369780E+000
  0.866107E+000  0.374744E+000
  0.866663E+000  0.379713E+000
  0.867180E+000  0.384686E+000
  0.867658E+000  0.389664E+000
  0.868098E+000  0.394644E+000
  0.868499E+000  0.399628E+000
  0.868863E+000  0.404615E+000
  0.869192E+000  0.409604E+000
  0.869487E+000  0.414595E+000
  0.869749E+000  0.419588E+000
  0.869980E+000  0.424583E+000
  0.870183E+000  0.429579E+000
  0.870359E+000  0.434576E+000
  0.870510E+000  0.439574E+000
  0.870638E+000  0.444572E+000
  0.870746E+000  0.449571E+000
  0.870835E+000  0.454570E+000
  0.870908E+000  0.459569E+000
  0.870966E+000  0.464569E+000
  0.871010E+000  0.469569E+000
  0.871043E+000  0.474569E+000
  0.871067E+000  0.479569E+000
  0.871082E+000  0.484569E+000
  0.871091E+000  0.489569E+000
  0.871094E+000  0.494569E+000
  0.871093E+000  0.499569E+000
  0.871089E+000  0.504569E+000
  0.871084E+000  0.509569E+000
  0.871078E+000  0.514569E+000
  0.871072E+000  0.519569E+000
  0.871068E+000  0.524569E+000
  0.871066E+000  0.529569E+000
  0.871067E+000  0.534569E+000
  0.871072E+000  0.539569E+000
  0.871082E+000  0.544569E+000
  0.871097E+000  0.549569E+000
  0.871119E+000  0.554569E+000
  0.871147E+000  0.559569E+000
  0.871182E+000  0.564568E+000
  0.871225E+000  0.569568E+000
  0.871277E+000  0.574568E+000
  0.871338E+000  0.579568E+000
  0.871408E+000  0.584567E+000
  0.871489E+000  0.589566E+000
  0.871580E+000  0.594566E+000
  0.871682E+000  0.599565E+000
  0.871796E+000  0.604563E+000
  0.871921E+000  0.609562E+000
  0.872059E+000  0.614560E+000
  0.872210E+000  0.619558E+000
  0.872373E+000  0.624555E+000
  0.872551E+000  0.629552E+000
  0.872742E+000  0.634548E+000
  0.872948E+000  0.639544E+000
  0.873168E+000  0.644539E+000
  0.873404E+000  0.649533E+000
  0.873655E+000  0.654527E+000
  0.873922E+000  0.659520E+000
  0.874206E+000  0.664512E+000
  0.874506E+000  0.669503E+000
  0.874823E+000  0.674493E+000
  0.875157E+000  0.679482E+000
  0.875509E+000  0.684469E+000
  0.875880E+000  0.689455E+000
  0.876268E+000  0.694440E+000
  0.876676E+000  0.699424E+000
  0.877103E+000  0.704405E+000
  0.877550E+000  0.709385E+000
  0.878017E+000  0.714364E+000
  0.878504E+000  0.719340E+000
  0.879012E+000  0.724314E+000
  0.879542E+000  0.729286E+000
  0.880093E+000  0.734255E+000
  0.880666E+000  0.739222E+000
  0.881262E+000  0.744187E+000
  0.881881E+000  0.749148E+000
  0.882523E+000  0.754107E+000
  0.883189E+000  0.759062E+000
  0.883879E+000  0.764014E+000
  0.884594E+000  0.768963E+000
  0.885334E+000  0.773908E+000
  0.886100E+000  0.778849E+000
  0.886892E+000  0.783786E+000
  0.887711E+000  0.788718E+000
  0.888557E+000  0.793646E+000
  0.889431E+000  0.798569E+000
  0.890333E+000  0.803487E+000
  0.891264E+000  0.808400E+000
  0.892224E+000  0.813307E+000
  0.893214E+000  0.818208E+000
  0.894234E+000  0.823103E+000
  0.895286E+000  0.827991E+000
  0.896369E+000  0.832872E+000
  0.897485E+000  0.837746E+000
  0.898633E+000  0.842612E+000
  0.899815E+000  0.847470E+000
  0.901031E+000  0.852320E+000
  0.902282E+000  0.857161E+000
  0.903568E+000  0.861993E+000
  0.904891E+000  0.866815E+000
  0.906249E+000  0.871627E+000
  0.907645E+000  0.876428E+000
  0.909079E+000  0.881218E+000
  0.910550E+000  0.885997E+000
  0.912060E+000  0.890763E+000
  0.913610E+000  0.895517E+000
  0.915198E+000  0.900258E+000
  0.916825E+000  0.904986E+000
  0.918492E+000  0.909700E+000
  0.920197E+000  0.914400E+000
  0.921942E+000  0.919086E+000
  0.923725E+000  0.923757E+000
  0.925546E+000  0.928414E+000
  0.927404E+000  0.933056E+000
  0.929299E+000  0.937683E+000
  0.931228E+000  0.942296E+000
  0.933192E+000  0.946894E+000
  0.935188E+000  0.951478E+000
  0.937215E+000  0.956049E+000
  0.939272E+000  0.960606E+000
  0.941358E+000  0.965150E+000
  0.943470E+000  0.969682E+000
  0.945607E+000  0.974203E+000
  0.947767E+000  0.978712E+000
  0.949950E+000  0.983210E+000
  0.952153E+000  0.987699E+000
  0.954376E+000  0.992178E+000
  0.956616E+000  0.996648E+000
  0.958872E+000  0.100111E+001
  0.961144E+000  0.100556E+001
  0.963430E+000  0.101001E+001
  0.965729E+000  0.101445E+001
  0.968040E+000  0.101888E+001
  0.970363E+000  0.102331E+001
  0.972695E+000  0.102773E+001
  0.975037E+000  0.103215E+001
  0.977388E+000  0.103657E+001
  0.979747E+000  0.104097E+001
  0.982113E+000  0.104538E+001
  0.984486E+000  0.104978E+001
  0.986865E+000  0.105418E+001
  0.989251E+000  0.105857E+001
  0.991641E+000  0.106296E+001
  0.994037E+000  0.106735E+001
  0.996437E+000  0.107174E+001
  0.998841E+000  0.107612E+001
  0.100125E+001  0.108050E+001
  0.100366E+001  0.108488E+001
  0.100607E+001  0.108926E+001
  0.100849E+001  0.109364E+001
  0.101091E+001  0.109801E+001
  0.101333E+001  0.110239E+001
  0.101576E+001  0.110676E+001
  0.101819E+001  0.111113E+001
  0.102061E+001  0.111550E+001
  0.102304E+001  0.111987E+001
  0.102547E+001  0.112424E+001
  0.102791E+001  0.112861E+001
  0.103034E+001  0.113298E+001
  0.103277E+001  0.113735E+001
  0.103521E+001  0.114171E+001
  0.103764E+001  0.114608E+001
  0.104008E+001  0.115045E+001
  0.104251E+001  0.115482E+001
  0.104495E+001  0.115918E+001
  0.104739E+001  0.116355E+001
  0.104982E+001  0.116792E+001
  0.105226E+001  0.117228E+001
  0.105469E+001  0.117665E+001
  0.105712E+001  0.118102E+001
  0.105956E+001  0.118539E+001
  0.106199E+001  0.118975E+001
  0.106442E+001  0.119412E+001
  0.106685E+001  0.119849E+001
  0.106928E+001  0.120286E+001
  0.107171E+001  0.120723E+001
  0.107414E+001  0.121161E+001
  0.107656E+001  0.121598E+001
  0.107898E+001  0.122035E+001
  0.108141E+001  0.122473E+001
  0.108383E+001  0.122910E+001
  0.108624E+001  0.123348E+001
  0.108866E+001  0.123785E+001
  0.109108E+001  0.124223E+001
  0.109349E+001  0.124661E+001
  0.109590E+001  0.125099E+001
  0.109831E+001  0.125538E+001
  0.110071E+001  0.125976E+001
  0.110311E+001  0.126414E+001
  0.110551E+001  0.126853E+001
  0.110791E+001  0.127292E+001
  0.111031E+001  0.127731E+001
  0.111270E+001  0.128170E+001
  0.111509E+001  0.128609E+001
  0.111747E+001  0.129048E+001
  0.111986E+001  0.129488E+001
  0.112224E+001  0.129928E+001
  0.112462E+001  0.130367E+001
  0.112699E+001  0.130807E+001
  0.112936E+001  0.131248E+001
  0.113173E+001  0.131688E+001
  0.113410E+001  0.132128E+001
  0.113646E+001  0.132569E+001
  0.113882E+001  0.133010E+001
  0.114118E+001  0.133451E+001
  0.114354E+001  0.133891E+001
  0.114590E+001  0.134332E+001
  0.114827E+001  0.134773E+001
  0.115064E+001  0.135212E+001
  0.115306E+001  0.135650E+001
  0.115555E+001  0.136084E+001
  0.115817E+001  0.136509E+001
  0.116094E+001  0.136926E+001
  0.116378E+001  0.137337E+001
  0.116667E+001  0.137746E+001
  0.116957E+001  0.138153E+001
  0.117248E+001  0.138559E+001
  0.117540E+001  0.138965E+001
  0.117833E+001  0.139371E+001
  0.118126E+001  0.139776E+001
  0.118420E+001  0.140180E+001
  0.118714E+001  0.140585E+001
  0.119008E+001  0.140989E+001
  0.119302E+001  0.141393E+001
  0.119597E+001  0.141797E+001
  0.119892E+001  0.142200E+001
  0.120188E+001  0.142604E+001
  0.120483E+001  0.143007E+001
  0.120779E+001  0.143410E+001
  0.121075E+001  0.143813E+001
  0.121372E+001  0.144216E+001
  0.121668E+001  0.144619E+001
  0.121965E+001  0.145021E+001
  0.122262E+001  0.145423E+001
  0.122559E+001  0.145826E+001
  0.122856E+001  0.146228E+001
  0.123153E+001  0.146630E+001
  0.123451E+001  0.147032E+001
  0.123748E+001  0.147433E+001
  0.124046E+001  0.147835E+001
  0.124344E+001  0.148236E+001
  0.124642E+001  0.148638E+001
  0.124940E+001  0.149039E+001
  0.125238E+001  0.149441E+001
  0.125537E+001  0.149842E+001
  0.125835E+001  0.150243E+001
  0.126134E+001  0.150644E+001
  0.126433E+001  0.151045E+001
  0.126732E+001  0.151446E+001
  0.127031E+001  0.151846E+001
  0.127330E+001  0.152247E+001
  0.127629E+001  0.152648E+001
  0.127928E+001  0.153048E+001
  0.128227E+001  0.153449E+001
  0.128527E+001  0.153849E+001
  0.128826E+001  0.154250E+001
  0.129126E+001  0.154650E+001
  0.129425E+001  0.155050E+001
  0.129725E+001  0.155451E+001
  0.130025E+001  0.155851E+001
  0.130324E+001  0.156251E+001
  0.130624E+001  0.156651E+001
  0.130924E+001  0.157051E+001
  0.131224E+001  0.157451E+001
  0.131524E+001  0.157851E+001
  0.131824E+001  0.158251E+001
  0.132124E+001  0.158651E+001
  0.132424E+001  0.159051E+001
  0.132724E+001  0.159451E+001
  0.133024E+001  0.159851E+001
  0.133324E+001  0.160251E+001
  0.133624E+001  0.160651E+001
  0.133925E+001  0.161051E+001
  0.134225E+001  0.161451E+001
  0.134525E+001  0.161851E+001
  0.134825E+001  0.162251E+001
  0.135125E+001  0.162650E+001
  0.135425E+001  0.163050E+001
  0.135726E+001  0.163450E+001
  0.136026E+001  0.163850E+001
  0.136326E+001  0.164250E+001
  0.136626E+001  0.164650E+001
  0.136926E+001  0.165050E+001
  0.137226E+001  0.165450E+001
  0.137527E+001  0.165849E+001
  0.137827E+001  0.166249E+001
  0.138127E+001  0.166649E+001
  0.138427E+001  0.167049E+001
  0.138727E+001  0.167449E+001
  0.139027E+001  0.167849E+001
  0.139327E+001  0.168249E+001
  0.139627E+001  0.168649E+001
  0.139927E+001  0.169049E+001
  0.140226E+001  0.169450E+001
  0.140526E+001  0.169850E+001
  0.140826E+001  0.170250E+001
  0.141126E+001  0.170650E+001
  0.141425E+001  0.171050E+001
  0.141725E+001  0.171451E+001
  0.142024E+001  0.171851E+001
  0.142324E+001  0.172251E+001
  0.142623E+001  0.172652E+001
  0.142923E+001  0.173052E+001
  0.143222E+001  0.173453E+001
  0.143521E+001  0.173854E+001
  0.143820E+001  0.174254E+001
  0.144119E+001  0.174655E+001
  0.144418E+001  0.175056E+001
  0.144717E+001  0.175457E+001
  0.145016E+001  0.175858E+001
  0.145314E+001  0.176258E+001
  0.145613E+001  0.176660E+001
  0.145912E+001  0.177061E+001
  0.146210E+001  0.177462E+001
  0.146508E+001  0.177863E+001
  0.146806E+001  0.178264E+001
  0.147105E+001  0.178666E+001
  0.147403E+001  0.179067E+001
  0.147700E+001  0.179469E+001
  0.147998E+001  0.179871E+001
  0.148296E+001  0.180272E+001
  0.148593E+001  0.180674E+001
  0.148891E+001  0.181076E+001
  0.149188E+001  0.181478E+001
  0.149485E+001  0.181880E+001
  0.149782E+001  0.182283E+001
  0.150079E+001  0.182685E+001
