  0.943746E+000  0.362323E-001
  0.943463E+000  0.412243E-001
  0.943149E+000  0.462144E-001
  0.942803E+000  0.512025E-001
  0.942429E+000  0.561884E-001
  0.942026E+000  0.611722E-001
  0.941598E+000  0.661538E-001
  0.941145E+000  0.711333E-001
  0.940669E+000  0.761106E-001
  0.940172E+000  0.810858E-001
  0.939655E+000  0.860590E-001
  0.939119E+000  0.910302E-001
  0.938568E+000  0.959997E-001
  0.938001E+000  0.100967E+000
  0.937420E+000  0.105934E+000
  0.936827E+000  0.110898E+000
  0.936224E+000  0.115862E+000
  0.935611E+000  0.120824E+000
  0.934990E+000  0.125785E+000
  0.934361E+000  0.130746E+000
  0.933728E+000  0.135705E+000
  0.933089E+000  0.140665E+000
  0.932448E+000  0.145623E+000
  0.931804E+000  0.150582E+000
  0.931159E+000  0.155540E+000
  0.930514E+000  0.160498E+000
  0.929870E+000  0.165456E+000
  0.929228E+000  0.170415E+000
  0.928588E+000  0.175374E+000
  0.927953E+000  0.180333E+000
  0.927323E+000  0.185293E+000
  0.926698E+000  0.190254E+000
  0.926081E+000  0.195216E+000
  0.925471E+000  0.200179E+000
  0.924870E+000  0.205143E+000
  0.924279E+000  0.210107E+000
  0.923699E+000  0.215074E+000
  0.923131E+000  0.220041E+000
  0.922576E+000  0.225010E+000
  0.922035E+000  0.229981E+000
  0.921509E+000  0.234953E+000
  0.921000E+000  0.239927E+000
  0.920509E+000  0.244903E+000
  0.920036E+000  0.249881E+000
  0.919584E+000  0.254860E+000
  0.919154E+000  0.259842E+000
  0.918747E+000  0.264825E+000
  0.918365E+000  0.269811E+000
  0.918009E+000  0.274798E+000
  0.917682E+000  0.279787E+000
  0.917386E+000  0.284778E+000
  0.917121E+000  0.289771E+000
  0.916891E+000  0.294766E+000
  0.916697E+000  0.299762E+000
  0.916542E+000  0.304760E+000
  0.916428E+000  0.309759E+000
  0.916357E+000  0.314758E+000
  0.916332E+000  0.319758E+000
  0.916355E+000  0.324758E+000
  0.916429E+000  0.329757E+000
  0.916555E+000  0.334756E+000
  0.916737E+000  0.339753E+000
  0.916975E+000  0.344747E+000
  0.917273E+000  0.349738E+000
  0.917631E+000  0.354725E+000
  0.918052E+000  0.359707E+000
  0.918536E+000  0.364684E+000
  0.919084E+000  0.369654E+000
  0.919697E+000  0.374616E+000
  0.920374E+000  0.379570E+000
  0.921116E+000  0.384515E+000
  0.921921E+000  0.389449E+000
  0.922788E+000  0.394374E+000
  0.923717E+000  0.399287E+000
  0.924705E+000  0.404188E+000
  0.925750E+000  0.409078E+000
  0.926851E+000  0.413955E+000
  0.928006E+000  0.418820E+000
  0.929212E+000  0.423672E+000
  0.930467E+000  0.428512E+000
  0.931769E+000  0.433339E+000
  0.933115E+000  0.438155E+000
  0.934504E+000  0.442958E+000
  0.935933E+000  0.447750E+000
  0.937400E+000  0.452529E+000
  0.938904E+000  0.457298E+000
  0.940442E+000  0.462056E+000
  0.942012E+000  0.466803E+000
  0.943614E+000  0.471539E+000
  0.945244E+000  0.476266E+000
  0.946903E+000  0.480983E+000
  0.948588E+000  0.485690E+000
  0.950299E+000  0.490388E+000
  0.952034E+000  0.495078E+000
  0.953791E+000  0.499759E+000
  0.955571E+000  0.504431E+000
  0.957371E+000  0.509096E+000
  0.959191E+000  0.513753E+000
  0.961031E+000  0.518402E+000
  0.962888E+000  0.523044E+000
  0.964764E+000  0.527679E+000
  0.966656E+000  0.532307E+000
  0.968564E+000  0.536929E+000
  0.970489E+000  0.541544E+000
  0.972428E+000  0.546152E+000
  0.974381E+000  0.550755E+000
  0.976349E+000  0.555352E+000
  0.978330E+000  0.559942E+000
  0.980324E+000  0.564528E+000
  0.982331E+000  0.569107E+000
  0.984350E+000  0.573681E+000
  0.986381E+000  0.578250E+000
  0.988423E+000  0.582814E+000
  0.990476E+000  0.587373E+000
  0.992541E+000  0.591927E+000
  0.994615E+000  0.596476E+000
  0.996700E+000  0.601021E+000
  0.998795E+000  0.605561E+000
  0.100090E+001  0.610096E+000
  0.100301E+001  0.614627E+000
  0.100514E+001  0.619154E+000
  0.100727E+001  0.623677E+000
  0.100941E+001  0.628195E+000
  0.101156E+001  0.632710E+000
  0.101372E+001  0.637220E+000
  0.101588E+001  0.641727E+000
  0.101806E+001  0.646230E+000
  0.102024E+001  0.650729E+000
  0.102243E+001  0.655224E+000
  0.102462E+001  0.659716E+000
  0.102683E+001  0.664204E+000
  0.102904E+001  0.668689E+000
  0.103126E+001  0.673170E+000
  0.103348E+001  0.677648E+000
  0.103571E+001  0.682122E+000
  0.103795E+001  0.686594E+000
  0.104019E+001  0.691062E+000
  0.104244E+001  0.695527E+000
  0.104470E+001  0.699989E+000
  0.104696E+001  0.704448E+000
  0.104923E+001  0.708904E+000
  0.105150E+001  0.713356E+000
  0.105378E+001  0.717806E+000
  0.105607E+001  0.722254E+000
  0.105836E+001  0.726698E+000
  0.106066E+001  0.731139E+000
  0.106296E+001  0.735578E+000
  0.106526E+001  0.740014E+000
  0.106758E+001  0.744448E+000
  0.106989E+001  0.748879E+000
  0.107221E+001  0.753307E+000
  0.107454E+001  0.757733E+000
  0.107687E+001  0.762156E+000
  0.107921E+001  0.766577E+000
  0.108155E+001  0.770996E+000
  0.108389E+001  0.775412E+000
  0.108624E+001  0.779825E+000
  0.108860E+001  0.784237E+000
  0.109095E+001  0.788646E+000
  0.109332E+001  0.793053E+000
  0.109568E+001  0.797458E+000
  0.109805E+001  0.801860E+000
  0.110043E+001  0.806261E+000
  0.110280E+001  0.810659E+000
  0.110519E+001  0.815055E+000
  0.110757E+001  0.819449E+000
  0.110996E+001  0.823841E+000
  0.111235E+001  0.828231E+000
  0.111475E+001  0.832620E+000
  0.111715E+001  0.837006E+000
  0.111956E+001  0.841390E+000
  0.112196E+001  0.845773E+000
  0.112437E+001  0.850153E+000
  0.112679E+001  0.854532E+000
  0.112920E+001  0.858909E+000
  0.113162E+001  0.863284E+000
  0.113405E+001  0.867658E+000
  0.113647E+001  0.872030E+000
  0.113890E+001  0.876400E+000
  0.114133E+001  0.880768E+000
  0.114377E+001  0.885135E+000
  0.114621E+001  0.889500E+000
  0.114865E+001  0.893864E+000
  0.115109E+001  0.898226E+000
  0.115354E+001  0.902586E+000
  0.115599E+001  0.906945E+000
  0.115844E+001  0.911303E+000
  0.116090E+001  0.915659E+000
  0.116335E+001  0.920013E+000
  0.116581E+001  0.924367E+000
  0.116828E+001  0.928718E+000
  0.117074E+001  0.933069E+000
  0.117321E+001  0.937418E+000
  0.117568E+001  0.941765E+000
  0.117815E+001  0.946112E+000
  0.118062E+001  0.950457E+000
  0.118310E+001  0.954800E+000
  0.118558E+001  0.959143E+000
  0.118806E+001  0.963484E+000
  0.119054E+001  0.967824E+000
  0.119302E+001  0.972163E+000
  0.119551E+001  0.976501E+000
  0.119800E+001  0.980838E+000
  0.120049E+001  0.985173E+000
  0.120298E+001  0.989507E+000
  0.120548E+001  0.993840E+000
  0.120798E+001  0.998173E+000
  0.121047E+001  0.100250E+001
  0.121297E+001  0.100683E+001
  0.121548E+001  0.101116E+001
  0.121798E+001  0.101549E+001
  0.122048E+001  0.101982E+001
  0.122299E+001  0.102414E+001
  0.122550E+001  0.102847E+001
  0.122801E+001  0.103279E+001
  0.123052E+001  0.103712E+001
  0.123303E+001  0.104144E+001
  0.123555E+001  0.104576E+001
  0.123807E+001  0.105008E+001
  0.124058E+001  0.105440E+001
  0.124310E+001  0.105872E+001
  0.124562E+001  0.106304E+001
  0.124814E+001  0.106736E+001
  0.125067E+001  0.107167E+001
  0.125319E+001  0.107599E+001
  0.125572E+001  0.108030E+001
  0.125824E+001  0.108462E+001
  0.126077E+001  0.108893E+001
  0.126330E+001  0.109325E+001
  0.126583E+001  0.109756E+001
  0.126836E+001  0.110187E+001
  0.127090E+001  0.110618E+001
  0.127343E+001  0.111049E+001
  0.127596E+001  0.111480E+001
  0.127850E+001  0.111911E+001
  0.128104E+001  0.112342E+001
  0.128357E+001  0.112773E+001
  0.128611E+001  0.113204E+001
  0.128865E+001  0.113634E+001
  0.129119E+001  0.114065E+001
  0.129373E+001  0.114496E+001
  0.129628E+001  0.114926E+001
  0.129882E+001  0.115357E+001
  0.130136E+001  0.115787E+001
  0.130391E+001  0.116218E+001
  0.130645E+001  0.116648E+001
  0.130900E+001  0.117078E+001
  0.131154E+001  0.117509E+001
  0.131409E+001  0.117939E+001
  0.131664E+001  0.118369E+001
  0.131918E+001  0.118799E+001
  0.132173E+001  0.119229E+001
  0.132428E+001  0.119660E+001
  0.132683E+001  0.120090E+001
  0.132938E+001  0.120520E+001
  0.133193E+001  0.120950E+001
  0.133448E+001  0.121380E+001
  0.133704E+001  0.121810E+001
  0.133959E+001  0.122240E+001
  0.134214E+001  0.122670E+001
  0.134469E+001  0.123100E+001
  0.134724E+001  0.123530E+001
  0.134980E+001  0.123960E+001
  0.135235E+001  0.124389E+001
  0.135490E+001  0.124819E+001
  0.135746E+001  0.125249E+001
  0.136001E+001  0.125679E+001
  0.136257E+001  0.126109E+001
  0.136512E+001  0.126539E+001
  0.136768E+001  0.126969E+001
  0.137023E+001  0.127398E+001
  0.137278E+001  0.127828E+001
  0.137534E+001  0.128258E+001
  0.137789E+001  0.128688E+001
  0.138045E+001  0.129118E+001
  0.138300E+001  0.129547E+001
  0.138556E+001  0.129977E+001
  0.138811E+001  0.130407E+001
  0.139067E+001  0.130837E+001
  0.139322E+001  0.131267E+001
  0.139578E+001  0.131696E+001
  0.139833E+001  0.132126E+001
  0.140088E+001  0.132556E+001
  0.140344E+001  0.132986E+001
  0.140599E+001  0.133416E+001
  0.140855E+001  0.133846E+001
  0.141110E+001  0.134276E+001
  0.141365E+001  0.134706E+001
  0.141620E+001  0.135136E+001
  0.141876E+001  0.135565E+001
  0.142131E+001  0.135995E+001
  0.142386E+001  0.136425E+001
  0.142641E+001  0.136855E+001
  0.142896E+001  0.137285E+001
  0.143151E+001  0.137715E+001
  0.143406E+001  0.138146E+001
  0.143661E+001  0.138576E+001
  0.143916E+001  0.139006E+001
  0.144171E+001  0.139436E+001
  0.144426E+001  0.139866E+001
  0.144681E+001  0.140296E+001
  0.144935E+001  0.140727E+001
  0.145190E+001  0.141157E+001
  0.145445E+001  0.141587E+001
  0.145699E+001  0.142018E+001
  0.145954E+001  0.142448E+001
  0.146208E+001  0.142879E+001
  0.146462E+001  0.143309E+001
  0.146717E+001  0.143740E+001
  0.146971E+001  0.144170E+001
  0.147225E+001  0.144601E+001
  0.147479E+001  0.145031E+001
  0.147733E+001  0.145462E+001
  0.147987E+001  0.145893E+001
  0.148241E+001  0.146324E+001
  0.148494E+001  0.146754E+001
  0.148748E+001  0.147185E+001
  0.149002E+001  0.147616E+001
  0.149255E+001  0.148047E+001
  0.149509E+001  0.148478E+001
  0.149762E+001  0.148909E+001
  0.150015E+001  0.149340E+001
