  0.770420E-002  0.830545E-001  0.233147E-001  0.132595E+000  0.132595E+000  0.754084E+000
  0.770420E-002  0.830545E-001  0.233147E-001  0.132595E+000  0.132595E+000  0.754084E+000
  0.947192E-002  0.928970E-001  0.207914E-001  0.108265E+000  0.108265E+000  0.563756E+000
  0.113696E-001  0.102715E+000  0.187519E-001  0.905396E-001  0.905396E-001  0.437150E+000
  0.133842E-001  0.112510E+000  0.170680E-001  0.771942E-001  0.771942E-001  0.349129E+000
  0.155041E-001  0.122283E+000  0.156537E-001  0.668718E-001  0.668718E-001  0.285672E+000
  0.177189E-001  0.132035E+000  0.144491E-001  0.587041E-001  0.587041E-001  0.238504E+000
  0.200196E-001  0.141766E+000  0.134105E-001  0.521137E-001  0.521137E-001  0.202516E+000
  0.223983E-001  0.151479E+000  0.125053E-001  0.467041E-001  0.467041E-001  0.174428E+000
  0.248482E-001  0.161175E+000  0.117097E-001  0.421992E-001  0.421992E-001  0.152077E+000
  0.273637E-001  0.170853E+000  0.110047E-001  0.383981E-001  0.383981E-001  0.133980E+000
  0.299398E-001  0.180516E+000  0.103766E-001  0.351569E-001  0.351569E-001  0.119114E+000
  0.325723E-001  0.190163E+000  0.981302E-002  0.323628E-001  0.323628E-001  0.106731E+000
  0.352576E-001  0.199796E+000  0.930528E-002  0.299347E-001  0.299347E-001  0.962986E-001
  0.379927E-001  0.209414E+000  0.884553E-002  0.278071E-001  0.278071E-001  0.874151E-001
  0.407750E-001  0.219019E+000  0.842765E-002  0.259299E-001  0.259299E-001  0.797801E-001
  0.436022E-001  0.228611E+000  0.804614E-002  0.242623E-001  0.242623E-001  0.731601E-001
  0.464725E-001  0.238191E+000  0.769727E-002  0.227740E-001  0.227740E-001  0.673817E-001
  0.493842E-001  0.247757E+000  0.737670E-002  0.214374E-001  0.214374E-001  0.622988E-001
  0.523358E-001  0.257312E+000  0.708190E-002  0.202329E-001  0.202329E-001  0.578049E-001
  0.553260E-001  0.266854E+000  0.680989E-002  0.191422E-001  0.191422E-001  0.538077E-001
  0.583536E-001  0.276385E+000  0.655840E-002  0.181511E-001  0.181511E-001  0.502353E-001
  0.614175E-001  0.285904E+000  0.632547E-002  0.172475E-001  0.172475E-001  0.470285E-001
  0.645168E-001  0.295412E+000  0.610941E-002  0.164213E-001  0.164213E-001  0.441385E-001
  0.676505E-001  0.304908E+000  0.590831E-002  0.156629E-001  0.156629E-001  0.415221E-001
  0.708178E-001  0.314393E+000  0.572114E-002  0.149655E-001  0.149655E-001  0.391473E-001
  0.740178E-001  0.323867E+000  0.554663E-002  0.143227E-001  0.143227E-001  0.369848E-001
  0.772498E-001  0.333331E+000  0.538365E-002  0.137288E-001  0.137288E-001  0.350096E-001
  0.805129E-001  0.342783E+000  0.523121E-002  0.131787E-001  0.131787E-001  0.332004E-001
  0.838064E-001  0.352225E+000  0.508847E-002  0.126684E-001  0.126684E-001  0.315394E-001
  0.871297E-001  0.361657E+000  0.495469E-002  0.121941E-001  0.121941E-001  0.300110E-001
  0.904820E-001  0.371078E+000  0.482917E-002  0.117526E-001  0.117526E-001  0.286018E-001
  0.938625E-001  0.380490E+000  0.471129E-002  0.113410E-001  0.113410E-001  0.272998E-001
  0.972707E-001  0.389891E+000  0.460021E-002  0.109560E-001  0.109560E-001  0.260931E-001
  0.100706E+000  0.399282E+000  0.449613E-002  0.105971E-001  0.105971E-001  0.249766E-001
  0.104167E+000  0.408664E+000  0.439735E-002  0.102593E-001  0.102593E-001  0.239355E-001
  0.107654E+000  0.418037E+000  0.430470E-002  0.994367E-002  0.994367E-002  0.229694E-001
  0.111166E+000  0.427400E+000  0.421692E-002  0.964655E-002  0.964655E-002  0.220673E-001
  0.114702E+000  0.436753E+000  0.413406E-002  0.936742E-002  0.936742E-002  0.212257E-001
  0.118262E+000  0.446098E+000  0.405576E-002  0.910481E-002  0.910481E-002  0.204394E-001
  0.121845E+000  0.455434E+000  0.398170E-002  0.885744E-002  0.885744E-002  0.197037E-001
  0.125450E+000  0.464762E+000  0.391199E-002  0.862506E-002  0.862506E-002  0.190164E-001
  0.129078E+000  0.474081E+000  0.384512E-002  0.840388E-002  0.840388E-002  0.183675E-001
  0.132726E+000  0.483392E+000  0.378206E-002  0.819566E-002  0.819566E-002  0.177599E-001
  0.136395E+000  0.492694E+000  0.372208E-002  0.799840E-002  0.799840E-002  0.171878E-001
  0.140085E+000  0.501989E+000  0.366506E-002  0.781149E-002  0.781149E-002  0.166489E-001
  0.143793E+000  0.511275E+000  0.361102E-002  0.763470E-002  0.763470E-002  0.161419E-001
  0.147521E+000  0.520555E+000  0.355988E-002  0.746752E-002  0.746752E-002  0.156646E-001
  0.151268E+000  0.529826E+000  0.351071E-002  0.730777E-002  0.730777E-002  0.152116E-001
  0.155032E+000  0.539091E+000  0.346363E-002  0.715548E-002  0.715548E-002  0.147824E-001
  0.158814E+000  0.548348E+000  0.341917E-002  0.701150E-002  0.701150E-002  0.143781E-001
  0.162613E+000  0.557598E+000  0.337732E-002  0.687560E-002  0.687560E-002  0.139975E-001
  0.166428E+000  0.566842E+000  0.333608E-002  0.674353E-002  0.674353E-002  0.136313E-001
  0.170259E+000  0.576079E+000  0.329729E-002  0.661884E-002  0.661884E-002  0.132864E-001
  0.174106E+000  0.585309E+000  0.326030E-002  0.650004E-002  0.650004E-002  0.129591E-001
  0.177968E+000  0.594534E+000  0.322478E-002  0.638635E-002  0.638635E-002  0.126475E-001
  0.181845E+000  0.603752E+000  0.319088E-002  0.627790E-002  0.627790E-002  0.123515E-001
  0.185736E+000  0.612964E+000  0.315836E-002  0.617414E-002  0.617414E-002  0.120695E-001
  0.189640E+000  0.622170E+000  0.312766E-002  0.607576E-002  0.607576E-002  0.118027E-001
  0.193559E+000  0.631370E+000  0.309727E-002  0.597971E-002  0.597971E-002  0.115446E-001
  0.197490E+000  0.640565E+000  0.306851E-002  0.588848E-002  0.588848E-002  0.113000E-001
  0.201434E+000  0.649754E+000  0.304089E-002  0.580100E-002  0.580100E-002  0.110664E-001
  0.205391E+000  0.658938E+000  0.301430E-002  0.571698E-002  0.571698E-002  0.108429E-001
  0.209359E+000  0.668117E+000  0.298885E-002  0.563657E-002  0.563657E-002  0.106298E-001
  0.213340E+000  0.677291E+000  0.296412E-002  0.555885E-002  0.555885E-002  0.104249E-001
  0.217331E+000  0.686460E+000  0.294039E-002  0.548433E-002  0.548433E-002  0.102292E-001
  0.221334E+000  0.695624E+000  0.291727E-002  0.541216E-002  0.541216E-002  0.100407E-001
  0.225347E+000  0.704783E+000  0.289515E-002  0.534303E-002  0.534303E-002  0.986062E-002
  0.229371E+000  0.713938E+000  0.287369E-002  0.527626E-002  0.527626E-002  0.968749E-002
  0.233405E+000  0.723088E+000  0.285300E-002  0.521196E-002  0.521196E-002  0.952139E-002
  0.237449E+000  0.732234E+000  0.283304E-002  0.515004E-002  0.515004E-002  0.936198E-002
  0.241502E+000  0.741375E+000  0.281350E-002  0.508988E-002  0.508988E-002  0.920803E-002
  0.245565E+000  0.750513E+000  0.279466E-002  0.503192E-002  0.503192E-002  0.906019E-002
  0.249637E+000  0.759646E+000  0.277688E-002  0.497676E-002  0.497676E-002  0.891943E-002
  0.253717E+000  0.768776E+000  0.275841E-002  0.492125E-002  0.492125E-002  0.877997E-002
  0.257806E+000  0.777902E+000  0.274144E-002  0.486926E-002  0.486926E-002  0.864865E-002
  0.261904E+000  0.787024E+000  0.272418E-002  0.481756E-002  0.481756E-002  0.851959E-002
  0.266010E+000  0.796142E+000  0.270766E-002  0.476794E-002  0.476794E-002  0.839591E-002
  0.270124E+000  0.805257E+000  0.269165E-002  0.471997E-002  0.471997E-002  0.827674E-002
  0.274245E+000  0.814368E+000  0.267585E-002  0.467308E-002  0.467308E-002  0.816102E-002
  0.278374E+000  0.823476E+000  0.266051E-002  0.462768E-002  0.462768E-002  0.804937E-002
  0.282510E+000  0.832580E+000  0.264552E-002  0.458355E-002  0.458355E-002  0.794135E-002
  0.286654E+000  0.841681E+000  0.263092E-002  0.454075E-002  0.454075E-002  0.783695E-002
  0.290804E+000  0.850779E+000  0.261626E-002  0.449846E-002  0.449846E-002  0.773476E-002
  0.294961E+000  0.859874E+000  0.260212E-002  0.445766E-002  0.445766E-002  0.763636E-002
  0.299125E+000  0.868966E+000  0.258814E-002  0.441771E-002  0.441771E-002  0.754062E-002
  0.303295E+000  0.878055E+000  0.257453E-002  0.437895E-002  0.437895E-002  0.744803E-002
  0.307472E+000  0.887141E+000  0.256103E-002  0.434091E-002  0.434091E-002  0.735778E-002
  0.311654E+000  0.896224E+000  0.254776E-002  0.430378E-002  0.430378E-002  0.727011E-002
  0.315843E+000  0.905305E+000  0.253458E-002  0.426732E-002  0.426732E-002  0.718460E-002
  0.320037E+000  0.914383E+000  0.252209E-002  0.423249E-002  0.423249E-002  0.710281E-002
  0.324238E+000  0.923458E+000  0.250904E-002  0.419718E-002  0.419718E-002  0.702115E-002
  0.328443E+000  0.932530E+000  0.249627E-002  0.416282E-002  0.416282E-002  0.694197E-002
  0.332654E+000  0.941601E+000  0.248403E-002  0.412977E-002  0.412977E-002  0.686585E-002
  0.336871E+000  0.950668E+000  0.247178E-002  0.409714E-002  0.409714E-002  0.679126E-002
  0.341092E+000  0.959734E+000  0.245929E-002  0.406452E-002  0.406452E-002  0.671752E-002
  0.345319E+000  0.968796E+000  0.244764E-002  0.403369E-002  0.403369E-002  0.664748E-002
  0.349550E+000  0.977857E+000  0.243510E-002  0.400179E-002  0.400179E-002  0.657644E-002
  0.353786E+000  0.986916E+000  0.242323E-002  0.397136E-002  0.397136E-002  0.650854E-002
  0.358027E+000  0.995972E+000  0.241130E-002  0.394121E-002  0.394121E-002  0.644180E-002
  0.362272E+000  0.100503E+001  0.240471E-002  0.392011E-002  0.392011E-002  0.639049E-002
  0.366522E+000  0.101408E+001  0.238901E-002  0.388451E-002  0.388451E-002  0.631617E-002
  0.370776E+000  0.102313E+001  0.237773E-002  0.385645E-002  0.385645E-002  0.625478E-002
  0.375035E+000  0.103218E+001  0.236706E-002  0.382970E-002  0.382970E-002  0.619611E-002
  0.379297E+000  0.104122E+001  0.235387E-002  0.379918E-002  0.379918E-002  0.613193E-002
  0.383564E+000  0.105027E+001  0.234386E-002  0.377410E-002  0.377410E-002  0.607710E-002
  0.387834E+000  0.105931E+001  0.233094E-002  0.374465E-002  0.374465E-002  0.601578E-002
  0.392108E+000  0.106835E+001  0.231968E-002  0.371816E-002  0.371816E-002  0.595974E-002
  0.396386E+000  0.107739E+001  0.230998E-002  0.369444E-002  0.369444E-002  0.590865E-002
  0.400668E+000  0.108642E+001  0.230051E-002  0.367135E-002  0.367135E-002  0.585905E-002
  0.404953E+000  0.109546E+001  0.228508E-002  0.363903E-002  0.363903E-002  0.579522E-002
  0.409242E+000  0.110449E+001  0.227605E-002  0.361715E-002  0.361715E-002  0.574848E-002
  0.413534E+000  0.111353E+001  0.226804E-002  0.359716E-002  0.359716E-002  0.570515E-002
  0.417830E+000  0.112256E+001  0.225374E-002  0.356740E-002  0.356740E-002  0.564678E-002
  0.422128E+000  0.113158E+001  0.224379E-002  0.354479E-002  0.354479E-002  0.560015E-002
  0.426430E+000  0.114061E+001  0.222960E-002  0.351572E-002  0.351572E-002  0.554373E-002
  0.430735E+000  0.114964E+001  0.221843E-002  0.349165E-002  0.349165E-002  0.549561E-002
  0.435043E+000  0.115866E+001  0.220823E-002  0.346932E-002  0.346932E-002  0.545060E-002
  0.439354E+000  0.116769E+001  0.219822E-002  0.344749E-002  0.344749E-002  0.540674E-002
  0.443667E+000  0.117671E+001  0.218647E-002  0.342314E-002  0.342314E-002  0.535928E-002
  0.447984E+000  0.118573E+001  0.217360E-002  0.339726E-002  0.339726E-002  0.530978E-002
  0.452303E+000  0.119475E+001  0.216353E-002  0.337594E-002  0.337594E-002  0.526775E-002
  0.456625E+000  0.120377E+001  0.215487E-002  0.335700E-002  0.335700E-002  0.522976E-002
  0.460949E+000  0.121278E+001  0.214028E-002  0.332901E-002  0.332901E-002  0.517799E-002
  0.465276E+000  0.122180E+001  0.212996E-002  0.330786E-002  0.330786E-002  0.513717E-002
  0.469605E+000  0.123081E+001  0.211782E-002  0.328406E-002  0.328406E-002  0.509253E-002
  0.473937E+000  0.123982E+001  0.211209E-002  0.327036E-002  0.327036E-002  0.506383E-002
  0.478271E+000  0.124884E+001  0.209670E-002  0.324187E-002  0.324187E-002  0.501251E-002
  0.482607E+000  0.125785E+001  0.208499E-002  0.321924E-002  0.321924E-002  0.497053E-002
  0.486945E+000  0.126686E+001  0.207463E-002  0.319886E-002  0.319886E-002  0.493229E-002
  0.491286E+000  0.127587E+001  0.206348E-002  0.317740E-002  0.317740E-002  0.489264E-002
  0.495628E+000  0.128487E+001  0.205459E-002  0.315957E-002  0.315957E-002  0.485883E-002
  0.499973E+000  0.129388E+001  0.204084E-002  0.313442E-002  0.313442E-002  0.481400E-002
  0.504319E+000  0.130289E+001  0.203023E-002  0.311425E-002  0.311425E-002  0.477705E-002
  0.508667E+000  0.131189E+001  0.201829E-002  0.309217E-002  0.309217E-002  0.473741E-002
  0.513018E+000  0.132090E+001  0.200761E-002  0.307214E-002  0.307214E-002  0.470114E-002
  0.517370E+000  0.132990E+001  0.199583E-002  0.305058E-002  0.305058E-002  0.466272E-002
  0.521723E+000  0.133890E+001  0.198568E-002  0.303162E-002  0.303162E-002  0.462850E-002
  0.526078E+000  0.134790E+001  0.197596E-002  0.301345E-002  0.301345E-002  0.459568E-002
  0.530435E+000  0.135691E+001  0.196759E-002  0.299745E-002  0.299745E-002  0.456635E-002
  0.534794E+000  0.136591E+001  0.195414E-002  0.297382E-002  0.297382E-002  0.452559E-002
  0.539154E+000  0.137491E+001  0.194378E-002  0.295502E-002  0.295502E-002  0.449236E-002
  0.543515E+000  0.138390E+001  0.193145E-002  0.293334E-002  0.293334E-002  0.445493E-002
  0.547878E+000  0.139290E+001  0.191870E-002  0.291113E-002  0.291113E-002  0.441689E-002
  0.552242E+000  0.140190E+001  0.190705E-002  0.289070E-002  0.289070E-002  0.438171E-002
  0.556608E+000  0.141090E+001  0.189765E-002  0.287378E-002  0.287378E-002  0.435203E-002
  0.560975E+000  0.141989E+001  0.188712E-002  0.285524E-002  0.285524E-002  0.432003E-002
  0.565342E+000  0.142889E+001  0.187516E-002  0.283465E-002  0.283465E-002  0.428509E-002
  0.569712E+000  0.143788E+001  0.186553E-002  0.281766E-002  0.281766E-002  0.425575E-002
  0.574082E+000  0.144688E+001  0.185231E-002  0.279534E-002  0.279534E-002  0.421849E-002
  0.578453E+000  0.145587E+001  0.184072E-002  0.277560E-002  0.277560E-002  0.418527E-002
  0.582826E+000  0.146487E+001  0.183234E-002  0.276075E-002  0.276075E-002  0.415957E-002
  0.587199E+000  0.147386E+001  0.181889E-002  0.273836E-002  0.273836E-002  0.412263E-002
  0.591573E+000  0.148285E+001  0.180728E-002  0.271882E-002  0.271882E-002  0.409013E-002
  0.595948E+000  0.149184E+001  0.179683E-002  0.270112E-002  0.270112E-002  0.406050E-002
  0.600324E+000  0.150083E+001  0.178723E-002  0.268477E-002  0.268477E-002  0.403304E-002
  0.604701E+000  0.150983E+001  0.177866E-002  0.267003E-002  0.267003E-002  0.400809E-002
  0.609079E+000  0.151882E+001  0.176515E-002  0.264794E-002  0.264794E-002  0.397225E-002
  0.613457E+000  0.152781E+001  0.175440E-002  0.263009E-002  0.263009E-002  0.394286E-002
  0.617836E+000  0.153680E+001  0.174330E-002  0.261176E-002  0.261176E-002  0.391286E-002
  0.622216E+000  0.154579E+001  0.173173E-002  0.259281E-002  0.259281E-002  0.388204E-002
  0.626597E+000  0.155478E+001  0.171980E-002  0.257338E-002  0.257338E-002  0.385061E-002
  0.630977E+000  0.156377E+001  0.171200E-002  0.256020E-002  0.256020E-002  0.382862E-002
  0.635359E+000  0.157276E+001  0.170073E-002  0.254187E-002  0.254187E-002  0.379903E-002
  0.639741E+000  0.158174E+001  0.168851E-002  0.252221E-002  0.252221E-002  0.376754E-002
  0.644123E+000  0.159073E+001  0.167521E-002  0.250098E-002  0.250098E-002  0.373380E-002
  0.648506E+000  0.159972E+001  0.166371E-002  0.248249E-002  0.248249E-002  0.370424E-002
  0.652889E+000  0.160871E+001  0.165332E-002  0.246572E-002  0.246572E-002  0.367734E-002
  0.657273E+000  0.161770E+001  0.164331E-002  0.244958E-002  0.244958E-002  0.365145E-002
  0.661657E+000  0.162668E+001  0.163431E-002  0.243499E-002  0.243499E-002  0.362794E-002
  0.666041E+000  0.163567E+001  0.162023E-002  0.241287E-002  0.241287E-002  0.359330E-002
  0.670426E+000  0.164466E+001  0.160860E-002  0.239447E-002  0.239447E-002  0.356428E-002
  0.674810E+000  0.165365E+001  0.159913E-002  0.237933E-002  0.237933E-002  0.354017E-002
  0.679195E+000  0.166263E+001  0.158963E-002  0.236418E-002  0.236418E-002  0.351612E-002
  0.683580E+000  0.167162E+001  0.157592E-002  0.234281E-002  0.234281E-002  0.348289E-002
  0.687965E+000  0.168061E+001  0.156463E-002  0.232509E-002  0.232509E-002  0.345516E-002
  0.692351E+000  0.168960E+001  0.155423E-002  0.230873E-002  0.230873E-002  0.342952E-002
  0.696736E+000  0.169858E+001  0.154519E-002  0.229445E-002  0.229445E-002  0.340701E-002
  0.701121E+000  0.170757E+001  0.153142E-002  0.227316E-002  0.227316E-002  0.337417E-002
  0.705506E+000  0.171656E+001  0.152109E-002  0.225703E-002  0.225703E-002  0.334904E-002
  0.709891E+000  0.172555E+001  0.151387E-002  0.224555E-002  0.224555E-002  0.333087E-002
  0.714277E+000  0.173453E+001  0.149998E-002  0.222421E-002  0.222421E-002  0.329812E-002
  0.718662E+000  0.174352E+001  0.148719E-002  0.220454E-002  0.220454E-002  0.326789E-002
  0.723046E+000  0.175251E+001  0.147799E-002  0.219021E-002  0.219021E-002  0.324566E-002
  0.727431E+000  0.176149E+001  0.146791E-002  0.217463E-002  0.217463E-002  0.322160E-002
  0.731816E+000  0.177048E+001  0.145528E-002  0.215530E-002  0.215530E-002  0.319204E-002
  0.736200E+000  0.177947E+001  0.144287E-002  0.213631E-002  0.213631E-002  0.316304E-002
  0.740584E+000  0.178846E+001  0.143237E-002  0.212020E-002  0.212020E-002  0.313833E-002
  0.744968E+000  0.179745E+001  0.142243E-002  0.210494E-002  0.210494E-002  0.311493E-002
  0.749351E+000  0.180643E+001  0.141170E-002  0.208854E-002  0.208854E-002  0.308989E-002
  0.753734E+000  0.181542E+001  0.139911E-002  0.206941E-002  0.206941E-002  0.306085E-002
  0.758117E+000  0.182441E+001  0.138763E-002  0.205196E-002  0.205196E-002  0.303433E-002
  0.762499E+000  0.183340E+001  0.137640E-002  0.203489E-002  0.203489E-002  0.300843E-002
  0.766881E+000  0.184239E+001  0.136550E-002  0.201835E-002  0.201835E-002  0.298333E-002
  0.771262E+000  0.185138E+001  0.135537E-002  0.200297E-002  0.200297E-002  0.295998E-002
  0.775643E+000  0.186037E+001  0.134456E-002  0.198660E-002  0.198660E-002  0.293520E-002
  0.780023E+000  0.186936E+001  0.133460E-002  0.197150E-002  0.197150E-002  0.291234E-002
  0.784403E+000  0.187835E+001  0.132310E-002  0.195415E-002  0.195415E-002  0.288618E-002
  0.788782E+000  0.188734E+001  0.131228E-002  0.193783E-002  0.193783E-002  0.286158E-002
  0.793161E+000  0.189633E+001  0.129982E-002  0.191912E-002  0.191912E-002  0.283347E-002
  0.797539E+000  0.190532E+001  0.128805E-002  0.190142E-002  0.190142E-002  0.280690E-002
  0.801916E+000  0.191431E+001  0.127662E-002  0.188426E-002  0.188426E-002  0.278114E-002
  0.806293E+000  0.192330E+001  0.126480E-002  0.186655E-002  0.186655E-002  0.275458E-002
  0.810669E+000  0.193229E+001  0.125399E-002  0.185033E-002  0.185033E-002  0.273027E-002
  0.815044E+000  0.194128E+001  0.124387E-002  0.183516E-002  0.183516E-002  0.270752E-002
  0.819418E+000  0.195028E+001  0.123417E-002  0.182062E-002  0.182062E-002  0.268573E-002
  0.823792E+000  0.195927E+001  0.122013E-002  0.179968E-002  0.179968E-002  0.265452E-002
  0.828165E+000  0.196826E+001  0.120923E-002  0.178341E-002  0.178341E-002  0.263021E-002
  0.832537E+000  0.197726E+001  0.119941E-002  0.176872E-002  0.176872E-002  0.260827E-002
  0.836908E+000  0.198625E+001  0.118611E-002  0.174893E-002  0.174893E-002  0.257881E-002
  0.841278E+000  0.199524E+001  0.117645E-002  0.173452E-002  0.173452E-002  0.255732E-002
  0.845648E+000  0.200424E+001  0.116350E-002  0.171527E-002  0.171527E-002  0.252871E-002
  0.850016E+000  0.201323E+001  0.115480E-002  0.170230E-002  0.170230E-002  0.250936E-002
  0.854383E+000  0.202223E+001  0.114087E-002  0.168162E-002  0.168162E-002  0.247868E-002
  0.858750E+000  0.203123E+001  0.113029E-002  0.166590E-002  0.166590E-002  0.245532E-002
  0.863115E+000  0.204022E+001  0.111951E-002  0.164988E-002  0.164988E-002  0.243154E-002
  0.867480E+000  0.204922E+001  0.110733E-002  0.163183E-002  0.163183E-002  0.240476E-002
  0.871843E+000  0.205822E+001  0.109547E-002  0.161426E-002  0.161426E-002  0.237872E-002
  0.876205E+000  0.206722E+001  0.108475E-002  0.159836E-002  0.159836E-002  0.235516E-002
  0.880566E+000  0.207622E+001  0.107415E-002  0.158266E-002  0.158266E-002  0.233189E-002
  0.884926E+000  0.208522E+001  0.106302E-002  0.156619E-002  0.156619E-002  0.230751E-002
  0.889285E+000  0.209422E+001  0.105115E-002  0.154862E-002  0.154862E-002  0.228153E-002
  0.893642E+000  0.210322E+001  0.104015E-002  0.153235E-002  0.153235E-002  0.225747E-002
  0.897999E+000  0.211222E+001  0.102723E-002  0.151327E-002  0.151327E-002  0.222926E-002
  0.902354E+000  0.212122E+001  0.101555E-002  0.149601E-002  0.149601E-002  0.220376E-002
  0.906708E+000  0.213022E+001  0.100485E-002  0.148020E-002  0.148020E-002  0.218041E-002
  0.911060E+000  0.213923E+001  0.995598E-003  0.146653E-002  0.146653E-002  0.216022E-002
  0.915412E+000  0.214823E+001  0.981197E-003  0.144528E-002  0.144528E-002  0.212887E-002
  0.919762E+000  0.215723E+001  0.971394E-003  0.143081E-002  0.143081E-002  0.210751E-002
  0.924110E+000  0.216624E+001  0.958692E-003  0.141208E-002  0.141208E-002  0.207988E-002
  0.928457E+000  0.217524E+001  0.947658E-003  0.139581E-002  0.139581E-002  0.205589E-002
  0.932803E+000  0.218425E+001  0.935322E-003  0.137762E-002  0.137762E-002  0.202908E-002
  0.937148E+000  0.219326E+001  0.924249E-003  0.136130E-002  0.136130E-002  0.200503E-002
  0.941491E+000  0.220226E+001  0.915258E-003  0.134805E-002  0.134805E-002  0.198550E-002
  0.945832E+000  0.221127E+001  0.901674E-003  0.132804E-002  0.132804E-002  0.195602E-002
  0.950172E+000  0.222028E+001  0.889772E-003  0.131051E-002  0.131051E-002  0.193020E-002
  0.954511E+000  0.222929E+001  0.878638E-003  0.129412E-002  0.129412E-002  0.190606E-002
  0.958848E+000  0.223830E+001  0.867462E-003  0.127766E-002  0.127766E-002  0.188183E-002
  0.963183E+000  0.224731E+001  0.856206E-003  0.126109E-002  0.126109E-002  0.185744E-002
  0.967517E+000  0.225633E+001  0.845010E-003  0.124461E-002  0.124461E-002  0.183318E-002
  0.971849E+000  0.226534E+001  0.832487E-003  0.122618E-002  0.122618E-002  0.180606E-002
  0.976180E+000  0.227435E+001  0.821205E-003  0.120958E-002  0.120958E-002  0.178163E-002
  0.980509E+000  0.228337E+001  0.810372E-003  0.119364E-002  0.119364E-002  0.175818E-002
  0.984837E+000  0.229238E+001  0.798615E-003  0.117634E-002  0.117634E-002  0.173273E-002
  0.989162E+000  0.230140E+001  0.787275E-003  0.115966E-002  0.115966E-002  0.170819E-002
  0.993487E+000  0.231041E+001  0.777860E-003  0.114582E-002  0.114582E-002  0.168783E-002
  0.997809E+000  0.231943E+001  0.764435E-003  0.112607E-002  0.112607E-002  0.165877E-002
  0.100213E+001  0.232845E+001  0.752844E-003  0.110902E-002  0.110902E-002  0.163370E-002
  0.100645E+001  0.233747E+001  0.742034E-003  0.109312E-002  0.109312E-002  0.161032E-002
  0.101077E+001  0.234649E+001  0.735873E-003  0.108407E-002  0.108407E-002  0.159704E-002
  0.101508E+001  0.235551E+001  0.719171E-003  0.105950E-002  0.105950E-002  0.156087E-002
  0.101939E+001  0.236453E+001  0.711906E-003  0.104883E-002  0.104883E-002  0.154520E-002
  0.102371E+001  0.237356E+001  0.696955E-003  0.102683E-002  0.102683E-002  0.151284E-002
  0.102802E+001  0.238258E+001  0.687581E-003  0.101305E-002  0.101305E-002  0.149258E-002
  0.103233E+001  0.239160E+001  0.686956E-003  0.101216E-002  0.101216E-002  0.149132E-002
  0.103663E+001  0.240063E+001  0.665027E-003  0.979885E-003  0.979885E-003  0.144381E-002
  0.104094E+001  0.240965E+001  0.663496E-003  0.977662E-003  0.977662E-003  0.144059E-002
  0.104524E+001  0.241868E+001  0.642823E-003  0.947234E-003  0.947234E-003  0.139580E-002
  0.104954E+001  0.242771E+001  0.630851E-003  0.929626E-003  0.929626E-003  0.136990E-002
  0.105384E+001  0.243674E+001  0.620186E-003  0.913944E-003  0.913944E-003  0.134684E-002
  0.105814E+001  0.244577E+001  0.612735E-003  0.902998E-003  0.902998E-003  0.133076E-002
  0.106243E+001  0.245480E+001  0.599071E-003  0.882894E-003  0.882894E-003  0.130118E-002
  0.106672E+001  0.246383E+001  0.591671E-003  0.872022E-003  0.872022E-003  0.128521E-002
  0.107102E+001  0.247286E+001  0.587488E-003  0.865891E-003  0.865891E-003  0.127622E-002
  0.107530E+001  0.248190E+001  0.577135E-003  0.850664E-003  0.850664E-003  0.125383E-002
  0.107959E+001  0.249093E+001  0.557296E-003  0.821457E-003  0.821457E-003  0.121083E-002
  0.108388E+001  0.249997E+001  0.546457E-003  0.805511E-003  0.805511E-003  0.118737E-002
  0.108816E+001  0.250900E+001  0.536111E-003  0.790293E-003  0.790293E-003  0.116499E-002
  0.109244E+001  0.251804E+001  0.527647E-003  0.777849E-003  0.777849E-003  0.114669E-002
  0.109672E+001  0.252708E+001  0.518147E-003  0.763876E-003  0.763876E-003  0.112614E-002
  0.110100E+001  0.253612E+001  0.506188E-003  0.746276E-003  0.746276E-003  0.110024E-002
  0.110527E+001  0.254516E+001  0.506325E-003  0.746509E-003  0.746509E-003  0.110063E-002
  0.110955E+001  0.255420E+001  0.486184E-003  0.716844E-003  0.716844E-003  0.105694E-002
  0.111382E+001  0.256324E+001  0.476563E-003  0.702689E-003  0.702689E-003  0.103611E-002
  0.111809E+001  0.257228E+001  0.467098E-003  0.688762E-003  0.688762E-003  0.101562E-002
  0.112236E+001  0.258132E+001  0.462996E-003  0.682742E-003  0.682742E-003  0.100678E-002
  0.112662E+001  0.259037E+001  0.449653E-003  0.663094E-003  0.663094E-003  0.977850E-003
  0.113089E+001  0.259941E+001  0.446125E-003  0.657919E-003  0.657919E-003  0.970259E-003
  0.113515E+001  0.260846E+001  0.431012E-003  0.635658E-003  0.635658E-003  0.937469E-003
  0.113941E+001  0.261751E+001  0.421124E-003  0.621101E-003  0.621101E-003  0.916040E-003
  0.114366E+001  0.262656E+001  0.418821E-003  0.617730E-003  0.617730E-003  0.911105E-003
  0.114792E+001  0.263561E+001  0.403340E-003  0.594922E-003  0.594922E-003  0.877502E-003
  0.115217E+001  0.264466E+001  0.399581E-003  0.589402E-003  0.589402E-003  0.869396E-003
  0.115643E+001  0.265371E+001  0.386844E-003  0.570637E-003  0.570637E-003  0.841752E-003
  0.116068E+001  0.266276E+001  0.380106E-003  0.560721E-003  0.560721E-003  0.827159E-003
  0.116492E+001  0.267181E+001  0.368525E-003  0.543659E-003  0.543659E-003  0.802022E-003
  0.116917E+001  0.268087E+001  0.359767E-003  0.530760E-003  0.530760E-003  0.783025E-003
  0.117341E+001  0.268992E+001  0.351977E-003  0.519289E-003  0.519289E-003  0.766133E-003
  0.117765E+001  0.269898E+001  0.347915E-003  0.513317E-003  0.513317E-003  0.757352E-003
  0.118189E+001  0.270803E+001  0.336134E-003  0.495955E-003  0.495955E-003  0.731765E-003
  0.118613E+001  0.271709E+001  0.327865E-003  0.483773E-003  0.483773E-003  0.713820E-003
  0.119037E+001  0.272615E+001  0.321074E-003  0.473771E-003  0.473771E-003  0.699089E-003
  0.119460E+001  0.273521E+001  0.312852E-003  0.461657E-003  0.461657E-003  0.681239E-003
  0.119883E+001  0.274427E+001  0.306698E-003  0.452593E-003  0.452593E-003  0.667890E-003
  0.120306E+001  0.275333E+001  0.298906E-003  0.441111E-003  0.441111E-003  0.650971E-003
  0.120729E+001  0.276239E+001  0.290529E-003  0.428765E-003  0.428765E-003  0.632774E-003
  0.121152E+001  0.277146E+001  0.283464E-003  0.418354E-003  0.418354E-003  0.617433E-003
  0.121574E+001  0.278052E+001  0.277125E-003  0.409013E-003  0.409013E-003  0.603669E-003
  0.121996E+001  0.278959E+001  0.276171E-003  0.407621E-003  0.407621E-003  0.601636E-003
  0.122419E+001  0.279865E+001  0.265873E-003  0.392434E-003  0.392434E-003  0.579242E-003
  0.122840E+001  0.280772E+001  0.260085E-003  0.383906E-003  0.383906E-003  0.566674E-003
  0.123262E+001  0.281678E+001  0.250064E-003  0.369125E-003  0.369125E-003  0.544876E-003
  0.123684E+001  0.282585E+001  0.246546E-003  0.363945E-003  0.363945E-003  0.537248E-003
  0.124105E+001  0.283492E+001  0.237627E-003  0.350791E-003  0.350791E-003  0.517847E-003
  0.124526E+001  0.284399E+001  0.231342E-003  0.341525E-003  0.341525E-003  0.504185E-003
  0.124947E+001  0.285306E+001  0.225415E-003  0.332786E-003  0.332786E-003  0.491300E-003
  0.125368E+001  0.286213E+001  0.220755E-003  0.325917E-003  0.325917E-003  0.481175E-003
  0.125788E+001  0.287121E+001  0.217691E-003  0.321403E-003  0.321403E-003  0.474526E-003
  0.126209E+001  0.288028E+001  0.208317E-003  0.307573E-003  0.307573E-003  0.454120E-003
  0.126629E+001  0.288935E+001  0.202751E-003  0.299365E-003  0.299365E-003  0.442016E-003
  0.127049E+001  0.289843E+001  0.198206E-003  0.292662E-003  0.292662E-003  0.432133E-003
  0.127469E+001  0.290750E+001  0.192154E-003  0.283736E-003  0.283736E-003  0.418964E-003
  0.127889E+001  0.291658E+001  0.187168E-003  0.276380E-003  0.276380E-003  0.408115E-003
  0.128308E+001  0.292566E+001  0.184739E-003  0.272802E-003  0.272802E-003  0.402843E-003
  0.128728E+001  0.293474E+001  0.177106E-003  0.261537E-003  0.261537E-003  0.386219E-003
  0.129147E+001  0.294382E+001  0.173348E-003  0.255996E-003  0.255996E-003  0.378047E-003
  0.129566E+001  0.295289E+001  0.167592E-003  0.247502E-003  0.247502E-003  0.365514E-003
  0.129985E+001  0.296197E+001  0.163088E-003  0.240857E-003  0.240857E-003  0.355710E-003
  0.130404E+001  0.297106E+001  0.158571E-003  0.234192E-003  0.234192E-003  0.345876E-003
  0.130822E+001  0.298014E+001  0.156628E-003  0.231328E-003  0.231328E-003  0.341655E-003
  0.131241E+001  0.298922E+001  0.149988E-003  0.221527E-003  0.221527E-003  0.327188E-003
  0.131659E+001  0.299830E+001  0.145753E-003  0.215278E-003  0.215278E-003  0.317965E-003
  0.132077E+001  0.300739E+001  0.142877E-003  0.211035E-003  0.211035E-003  0.311707E-003
  0.132495E+001  0.301647E+001  0.137918E-003  0.203714E-003  0.203714E-003  0.300901E-003
  0.132913E+001  0.302556E+001  0.134106E-003  0.198089E-003  0.198089E-003  0.292599E-003
  0.133331E+001  0.303464E+001  0.131187E-003  0.193782E-003  0.193782E-003  0.286243E-003
  0.133748E+001  0.304373E+001  0.126764E-003  0.187253E-003  0.187253E-003  0.276604E-003
  0.134166E+001  0.305282E+001  0.123282E-003  0.182113E-003  0.182113E-003  0.269018E-003
  0.134583E+001  0.306191E+001  0.119340E-003  0.176294E-003  0.176294E-003  0.260427E-003
  0.135000E+001  0.307099E+001  0.116456E-003  0.172036E-003  0.172036E-003  0.254143E-003
  0.135417E+001  0.308008E+001  0.113292E-003  0.167366E-003  0.167366E-003  0.247249E-003
  0.135834E+001  0.308917E+001  0.111124E-003  0.164167E-003  0.164167E-003  0.242528E-003
  0.136250E+001  0.309826E+001  0.106244E-003  0.156961E-003  0.156961E-003  0.231887E-003
  0.136667E+001  0.310736E+001  0.103189E-003  0.152450E-003  0.152450E-003  0.225227E-003
  0.137083E+001  0.311645E+001  0.100392E-003  0.148321E-003  0.148321E-003  0.219131E-003
  0.137499E+001  0.312554E+001  0.977473E-004  0.144415E-003  0.144415E-003  0.213365E-003
  0.137915E+001  0.313463E+001  0.947597E-004  0.140004E-003  0.140004E-003  0.206850E-003
  0.138331E+001  0.314373E+001  0.928149E-004  0.137133E-003  0.137133E-003  0.202612E-003
  0.138747E+001  0.315282E+001  0.890793E-004  0.131616E-003  0.131616E-003  0.194464E-003
  0.139163E+001  0.316192E+001  0.864103E-004  0.127674E-003  0.127674E-003  0.188643E-003
  0.139578E+001  0.317101E+001  0.843796E-004  0.124676E-003  0.124676E-003  0.184216E-003
  0.139994E+001  0.318011E+001  0.813971E-004  0.120271E-003  0.120271E-003  0.177710E-003
  0.140409E+001  0.318921E+001  0.796801E-004  0.117735E-003  0.117735E-003  0.173966E-003
  0.140824E+001  0.319830E+001  0.769328E-004  0.113678E-003  0.113678E-003  0.167973E-003
  0.141239E+001  0.320740E+001  0.750487E-004  0.110895E-003  0.110895E-003  0.163864E-003
  0.141654E+001  0.321650E+001  0.728424E-004  0.107637E-003  0.107637E-003  0.159051E-003
  0.142069E+001  0.322560E+001  0.703251E-004  0.103918E-003  0.103918E-003  0.153558E-003
  0.142484E+001  0.323470E+001  0.679370E-004  0.100391E-003  0.100391E-003  0.148347E-003
  0.142898E+001  0.324380E+001  0.670159E-004  0.990307E-004  0.990307E-004  0.146340E-003
  0.143313E+001  0.325290E+001  0.639345E-004  0.944783E-004  0.944783E-004  0.139614E-003
  0.143727E+001  0.326200E+001  0.623002E-004  0.920644E-004  0.920644E-004  0.136048E-003
  0.144142E+001  0.327110E+001  0.610153E-004  0.901666E-004  0.901666E-004  0.133245E-003
  0.144556E+001  0.328020E+001  0.591337E-004  0.873869E-004  0.873869E-004  0.129139E-003
  0.144970E+001  0.328931E+001  0.566835E-004  0.837669E-004  0.837669E-004  0.123791E-003
  0.145384E+001  0.329841E+001  0.554087E-004  0.818837E-004  0.818837E-004  0.121009E-003
  0.145797E+001  0.330751E+001  0.532866E-004  0.787485E-004  0.787485E-004  0.116377E-003
  0.146211E+001  0.331662E+001  0.516281E-004  0.762981E-004  0.762981E-004  0.112756E-003
  0.146625E+001  0.332572E+001  0.507664E-004  0.750253E-004  0.750253E-004  0.110876E-003
  0.147038E+001  0.333483E+001  0.485569E-004  0.717606E-004  0.717606E-004  0.106052E-003
  0.147451E+001  0.334393E+001  0.471616E-004  0.696991E-004  0.696991E-004  0.103007E-003
  0.147865E+001  0.335304E+001  0.458639E-004  0.677818E-004  0.677818E-004  0.100174E-003
  0.148278E+001  0.336215E+001  0.442143E-004  0.653443E-004  0.653443E-004  0.965722E-004
  0.148691E+001  0.337125E+001  0.430645E-004  0.636455E-004  0.636455E-004  0.940621E-004
  0.149104E+001  0.338036E+001  0.416775E-004  0.615959E-004  0.615959E-004  0.910337E-004
  0.149517E+001  0.338947E+001  0.404671E-004  0.598075E-004  0.598075E-004  0.883911E-004
  0.149929E+001  0.339858E+001  0.395331E-004  0.584275E-004  0.584275E-004  0.863520E-004
  0.150342E+001  0.340769E+001  0.379195E-004  0.560430E-004  0.560430E-004  0.828283E-004
  0.150755E+001  0.341680E+001  0.367431E-004  0.543045E-004  0.543045E-004  0.802594E-004
  0.151167E+001  0.342591E+001  0.356728E-004  0.527230E-004  0.527230E-004  0.779223E-004
  0.151579E+001  0.343502E+001  0.351386E-004  0.519336E-004  0.519336E-004  0.767560E-004
  0.151992E+001  0.344413E+001  0.334017E-004  0.493668E-004  0.493668E-004  0.729627E-004
  0.152404E+001  0.345324E+001  0.323488E-004  0.478108E-004  0.478108E-004  0.706632E-004
  0.152816E+001  0.346235E+001  0.313507E-004  0.463358E-004  0.463358E-004  0.684834E-004
  0.153228E+001  0.347146E+001  0.303750E-004  0.448939E-004  0.448939E-004  0.663526E-004
  0.153640E+001  0.348057E+001  0.294937E-004  0.435915E-004  0.435915E-004  0.644279E-004
  0.154052E+001  0.348969E+001  0.285190E-004  0.421509E-004  0.421509E-004  0.622988E-004
  0.154463E+001  0.349880E+001  0.280603E-004  0.414731E-004  0.414731E-004  0.612972E-004
  0.154875E+001  0.350791E+001  0.267739E-004  0.395720E-004  0.395720E-004  0.584874E-004
  0.155287E+001  0.351703E+001  0.259426E-004  0.383433E-004  0.383433E-004  0.566716E-004
  0.155698E+001  0.352614E+001  0.251817E-004  0.372187E-004  0.372187E-004  0.550095E-004
  0.156110E+001  0.353525E+001  0.247539E-004  0.365865E-004  0.365865E-004  0.540750E-004
  0.156521E+001  0.354437E+001  0.235789E-004  0.348498E-004  0.348498E-004  0.515083E-004
  0.156932E+001  0.355348E+001  0.228407E-004  0.337588E-004  0.337588E-004  0.498958E-004
  0.157343E+001  0.356260E+001  0.222465E-004  0.328806E-004  0.328806E-004  0.485978E-004
  0.157754E+001  0.357172E+001  0.218155E-004  0.322436E-004  0.322436E-004  0.476564E-004
  0.158165E+001  0.358083E+001  0.208619E-004  0.308342E-004  0.308342E-004  0.455732E-004
  0.158576E+001  0.358995E+001  0.202621E-004  0.299476E-004  0.299476E-004  0.442629E-004
  0.158987E+001  0.359907E+001  0.196139E-004  0.289896E-004  0.289896E-004  0.428468E-004
  0.159398E+001  0.360818E+001  0.188856E-004  0.279131E-004  0.279131E-004  0.412557E-004
  0.159809E+001  0.361730E+001  0.183845E-004  0.271725E-004  0.271725E-004  0.401611E-004
  0.160219E+001  0.362642E+001  0.177962E-004  0.263030E-004  0.263030E-004  0.388759E-004
  0.160630E+001  0.363554E+001  0.171290E-004  0.253167E-004  0.253167E-004  0.374181E-004
  0.161040E+001  0.364466E+001  0.168155E-004  0.248533E-004  0.248533E-004  0.367332E-004
  0.161451E+001  0.365377E+001  0.162388E-004  0.240009E-004  0.240009E-004  0.354732E-004
  0.161861E+001  0.366289E+001  0.155612E-004  0.229995E-004  0.229995E-004  0.339931E-004
  0.162271E+001  0.367201E+001  0.150892E-004  0.223018E-004  0.223018E-004  0.329618E-004
  0.162682E+001  0.368113E+001  0.148477E-004  0.219447E-004  0.219447E-004  0.324340E-004
  0.163092E+001  0.369025E+001  0.142799E-004  0.211055E-004  0.211055E-004  0.311935E-004
  0.163502E+001  0.369937E+001  0.137986E-004  0.203941E-004  0.203941E-004  0.301420E-004
  0.163912E+001  0.370850E+001  0.132370E-004  0.195639E-004  0.195639E-004  0.289150E-004
  0.164322E+001  0.371762E+001  0.128265E-004  0.189572E-004  0.189572E-004  0.280182E-004
  0.164732E+001  0.372674E+001  0.124721E-004  0.184333E-004  0.184333E-004  0.272437E-004
  0.165141E+001  0.373586E+001  0.121118E-004  0.179008E-004  0.179008E-004  0.264566E-004
  0.165551E+001  0.374498E+001  0.116313E-004  0.171905E-004  0.171905E-004  0.254067E-004
  0.165961E+001  0.375410E+001  0.113298E-004  0.167449E-004  0.167449E-004  0.247480E-004
  0.166370E+001  0.376323E+001  0.110939E-004  0.163961E-004  0.163961E-004  0.242325E-004
  0.166780E+001  0.377235E+001  0.105500E-004  0.155923E-004  0.155923E-004  0.230443E-004
  0.167189E+001  0.378147E+001  0.102893E-004  0.152069E-004  0.152069E-004  0.224746E-004
  0.167599E+001  0.379060E+001  0.989267E-005  0.146206E-004  0.146206E-004  0.216080E-004
  0.168008E+001  0.379972E+001  0.962454E-005  0.142243E-004  0.142243E-004  0.210222E-004
  0.168418E+001  0.380884E+001  0.938272E-005  0.138668E-004  0.138668E-004  0.204938E-004
  0.168827E+001  0.381797E+001  0.896438E-005  0.132485E-004  0.132485E-004  0.195798E-004
  0.169236E+001  0.382709E+001  0.867686E-005  0.128235E-004  0.128235E-004  0.189516E-004
  0.169645E+001  0.383622E+001  0.847152E-005  0.125199E-004  0.125199E-004  0.185029E-004
  0.170054E+001  0.384534E+001  0.816307E-005  0.120640E-004  0.120640E-004  0.178290E-004
  0.170463E+001  0.385447E+001  0.798803E-005  0.118052E-004  0.118052E-004  0.174465E-004
  0.170872E+001  0.386359E+001  0.764703E-005  0.113012E-004  0.113012E-004  0.167015E-004
  0.171281E+001  0.387272E+001  0.743562E-005  0.109887E-004  0.109887E-004  0.162396E-004
  0.171690E+001  0.388184E+001  0.713087E-005  0.105383E-004  0.105383E-004  0.155738E-004
  0.172099E+001  0.389097E+001  0.690082E-005  0.101982E-004  0.101982E-004  0.150712E-004
  0.172508E+001  0.390010E+001  0.667713E-005  0.986761E-005  0.986761E-005  0.145825E-004
  0.172917E+001  0.390922E+001  0.657028E-005  0.970964E-005  0.970964E-005  0.143489E-004
  0.173325E+001  0.391835E+001  0.627124E-005  0.926764E-005  0.926764E-005  0.136957E-004
  0.173734E+001  0.392748E+001  0.605033E-005  0.894113E-005  0.894113E-005  0.132130E-004
  0.174142E+001  0.393660E+001  0.587413E-005  0.868068E-005  0.868068E-005  0.128281E-004
  0.174551E+001  0.394573E+001  0.566781E-005  0.837573E-005  0.837573E-005  0.123773E-004
  0.174959E+001  0.395486E+001  0.554691E-005  0.819701E-005  0.819701E-005  0.121131E-004
  0.175368E+001  0.396399E+001  0.530371E-005  0.783756E-005  0.783756E-005  0.115819E-004
  0.175776E+001  0.397311E+001  0.513217E-005  0.758400E-005  0.758400E-005  0.112071E-004
  0.176185E+001  0.398224E+001  0.503921E-005  0.744658E-005  0.744658E-005  0.110039E-004
  0.176593E+001  0.399137E+001  0.481161E-005  0.711019E-005  0.711019E-005  0.105068E-004
  0.177001E+001  0.400050E+001  0.465162E-005  0.687372E-005  0.687372E-005  0.101572E-004
  0.177409E+001  0.400963E+001  0.453014E-005  0.669415E-005  0.669415E-005  0.989183E-005
  0.177818E+001  0.401876E+001  0.438766E-005  0.648356E-005  0.648356E-005  0.958056E-005
  0.178226E+001  0.402789E+001  0.422316E-005  0.624043E-005  0.624043E-005  0.922122E-005
  0.178634E+001  0.403702E+001  0.407698E-005  0.602438E-005  0.602438E-005  0.890189E-005
  0.179042E+001  0.404615E+001  0.394147E-005  0.582409E-005  0.582409E-005  0.860587E-005
  0.179450E+001  0.405528E+001  0.381302E-005  0.563425E-005  0.563425E-005  0.832528E-005
  0.179858E+001  0.406441E+001  0.369126E-005  0.545428E-005  0.545428E-005  0.805929E-005
  0.180266E+001  0.407354E+001  0.357845E-005  0.528755E-005  0.528755E-005  0.781286E-005
  0.180673E+001  0.408267E+001  0.351046E-005  0.518704E-005  0.518704E-005  0.766428E-005
  0.181081E+001  0.409180E+001  0.336297E-005  0.496906E-005  0.496906E-005  0.734213E-005
  0.181489E+001  0.410093E+001  0.323153E-005  0.477481E-005  0.477481E-005  0.705505E-005
  0.181897E+001  0.411006E+001  0.312517E-005  0.461762E-005  0.461762E-005  0.682272E-005
  0.182305E+001  0.411919E+001  0.305398E-005  0.451239E-005  0.451239E-005  0.666718E-005
  0.182712E+001  0.412832E+001  0.292466E-005  0.432128E-005  0.432128E-005  0.638475E-005
  0.183120E+001  0.413745E+001  0.283621E-005  0.419055E-005  0.419055E-005  0.619154E-005
  0.183527E+001  0.414658E+001  0.274247E-005  0.405201E-005  0.405201E-005  0.598680E-005
  0.183935E+001  0.415572E+001  0.264859E-005  0.391327E-005  0.391327E-005  0.578176E-005
  0.184343E+001  0.416485E+001  0.257331E-005  0.380201E-005  0.380201E-005  0.561731E-005
  0.184750E+001  0.417398E+001  0.247324E-005  0.365413E-005  0.365413E-005  0.539878E-005
  0.185158E+001  0.418311E+001  0.243447E-005  0.359681E-005  0.359681E-005  0.531404E-005
  0.185565E+001  0.419225E+001  0.231692E-005  0.342310E-005  0.342310E-005  0.505734E-005
  0.185972E+001  0.420138E+001  0.226117E-005  0.334071E-005  0.334071E-005  0.493557E-005
  0.186380E+001  0.421051E+001  0.217372E-005  0.321147E-005  0.321147E-005  0.474460E-005
  0.186787E+001  0.421964E+001  0.209377E-005  0.309332E-005  0.309332E-005  0.456999E-005
  0.187194E+001  0.422878E+001  0.205054E-005  0.302943E-005  0.302943E-005  0.447556E-005
  0.187602E+001  0.423791E+001  0.197071E-005  0.291146E-005  0.291146E-005  0.430124E-005
  0.188009E+001  0.424704E+001  0.190052E-005  0.280774E-005  0.280774E-005  0.414796E-005
  0.188416E+001  0.425618E+001  0.183474E-005  0.271053E-005  0.271053E-005  0.400431E-005
  0.188823E+001  0.426531E+001  0.177479E-005  0.262194E-005  0.262194E-005  0.387340E-005
  0.189230E+001  0.427444E+001  0.171543E-005  0.253423E-005  0.253423E-005  0.374378E-005
  0.189637E+001  0.428358E+001  0.168444E-005  0.248842E-005  0.248842E-005  0.367607E-005
  0.190045E+001  0.429271E+001  0.162254E-005  0.239695E-005  0.239695E-005  0.354091E-005
  0.190452E+001  0.430184E+001  0.158137E-005  0.233611E-005  0.233611E-005  0.345099E-005
  0.190859E+001  0.431098E+001  0.150728E-005  0.222663E-005  0.222663E-005  0.328924E-005
  0.191266E+001  0.432011E+001  0.147148E-005  0.217373E-005  0.217373E-005  0.321105E-005
  0.191673E+001  0.432925E+001  0.140884E-005  0.208118E-005  0.208118E-005  0.307430E-005
  0.192079E+001  0.433838E+001  0.136366E-005  0.201440E-005  0.201440E-005  0.297563E-005
  0.192486E+001  0.434752E+001  0.132749E-005  0.196096E-005  0.196096E-005  0.289665E-005
  0.192893E+001  0.435665E+001  0.126819E-005  0.187335E-005  0.187335E-005  0.276721E-005
  0.193300E+001  0.436579E+001  0.122864E-005  0.181490E-005  0.181490E-005  0.268084E-005
  0.193707E+001  0.437492E+001  0.118438E-005  0.174951E-005  0.174951E-005  0.258422E-005
  0.194114E+001  0.438406E+001  0.114495E-005  0.169125E-005  0.169125E-005  0.249814E-005
  0.194521E+001  0.439319E+001  0.112418E-005  0.166055E-005  0.166055E-005  0.245276E-005
  0.194927E+001  0.440233E+001  0.107867E-005  0.159331E-005  0.159331E-005  0.235343E-005
  0.195334E+001  0.441146E+001  0.103523E-005  0.152913E-005  0.152913E-005  0.225860E-005
  0.195741E+001  0.442060E+001  0.100264E-005  0.148097E-005  0.148097E-005  0.218744E-005
  0.196147E+001  0.442973E+001  0.969336E-006  0.143177E-005  0.143177E-005  0.211475E-005
  0.196554E+001  0.443887E+001  0.935269E-006  0.138144E-005  0.138144E-005  0.204038E-005
  0.196961E+001  0.444801E+001  0.904978E-006  0.133668E-005  0.133668E-005  0.197426E-005
  0.197367E+001  0.445714E+001  0.876123E-006  0.129405E-005  0.129405E-005  0.191127E-005
  0.197774E+001  0.446628E+001  0.845292E-006  0.124850E-005  0.124850E-005  0.184397E-005
  0.198180E+001  0.447541E+001  0.819908E-006  0.121099E-005  0.121099E-005  0.178856E-005
  0.198587E+001  0.448455E+001  0.790215E-006  0.116712E-005  0.116712E-005  0.172375E-005
  0.198994E+001  0.449369E+001  0.769029E-006  0.113582E-005  0.113582E-005  0.167750E-005
  0.199400E+001  0.450282E+001  0.739501E-006  0.109220E-005  0.109220E-005  0.161305E-005
  0.199806E+001  0.451196E+001  0.722354E-006  0.106686E-005  0.106686E-005  0.157562E-005
  0.200213E+001  0.452110E+001  0.690630E-006  0.102000E-005  0.102000E-005  0.150639E-005
  0.200619E+001  0.453023E+001  0.669038E-006  0.988098E-006  0.988098E-006  0.145926E-005
  0.201026E+001  0.453937E+001  0.647174E-006  0.955797E-006  0.955797E-006  0.141154E-005
  0.201432E+001  0.454851E+001  0.626701E-006  0.925552E-006  0.925552E-006  0.136686E-005
  0.201839E+001  0.455764E+001  0.616164E-006  0.909981E-006  0.909981E-006  0.134385E-005
  0.202245E+001  0.456678E+001  0.583977E-006  0.862436E-006  0.862436E-006  0.127362E-005
  0.202651E+001  0.457592E+001  0.566402E-006  0.836473E-006  0.836473E-006  0.123526E-005
  0.203058E+001  0.458506E+001  0.547042E-006  0.807873E-006  0.807873E-006  0.119301E-005
  0.203464E+001  0.459419E+001  0.529338E-006  0.781719E-006  0.781719E-006  0.115438E-005
  0.203870E+001  0.460333E+001  0.509761E-006  0.752800E-006  0.752800E-006  0.111166E-005
  0.204276E+001  0.461247E+001  0.498141E-006  0.735632E-006  0.735632E-006  0.108629E-005
  0.204683E+001  0.462161E+001  0.477000E-006  0.704406E-006  0.704406E-006  0.104017E-005
  0.205089E+001  0.463074E+001  0.462468E-006  0.682937E-006  0.682937E-006  0.100846E-005
  0.205495E+001  0.463988E+001  0.445097E-006  0.657280E-006  0.657280E-006  0.970556E-006
  0.205901E+001  0.464902E+001  0.432238E-006  0.638283E-006  0.638283E-006  0.942494E-006
  0.206307E+001  0.465816E+001  0.422819E-006  0.624368E-006  0.624368E-006  0.921937E-006
  0.206714E+001  0.466730E+001  0.402890E-006  0.594934E-006  0.594934E-006  0.878462E-006
  0.207120E+001  0.467643E+001  0.392080E-006  0.578963E-006  0.578963E-006  0.854871E-006
  0.207526E+001  0.468557E+001  0.376625E-006  0.556136E-006  0.556136E-006  0.821155E-006
  0.207932E+001  0.469471E+001  0.363380E-006  0.536573E-006  0.536573E-006  0.792259E-006
  0.208338E+001  0.470385E+001  0.351759E-006  0.519407E-006  0.519407E-006  0.766904E-006
  0.208744E+001  0.471299E+001  0.341307E-006  0.503970E-006  0.503970E-006  0.744101E-006
  0.209150E+001  0.472213E+001  0.331670E-006  0.489734E-006  0.489734E-006  0.723074E-006
  0.209556E+001  0.473126E+001  0.317632E-006  0.469001E-006  0.469001E-006  0.692452E-006
  0.209962E+001  0.474040E+001  0.307576E-006  0.454148E-006  0.454148E-006  0.670514E-006
  0.210368E+001  0.474954E+001  0.297968E-006  0.439957E-006  0.439957E-006  0.649555E-006
  0.210774E+001  0.475868E+001  0.288666E-006  0.426218E-006  0.426218E-006  0.629262E-006
  0.211180E+001  0.476782E+001  0.279569E-006  0.412782E-006  0.412782E-006  0.609418E-006
  0.211586E+001  0.477696E+001  0.270614E-006  0.399556E-006  0.399556E-006  0.589883E-006
  0.211992E+001  0.478610E+001  0.261769E-006  0.386492E-006  0.386492E-006  0.570589E-006
  0.212398E+001  0.479524E+001  0.253027E-006  0.373580E-006  0.373580E-006  0.551520E-006
  0.212804E+001  0.480437E+001  0.242167E-006  0.357543E-006  0.357543E-006  0.527835E-006
  0.213210E+001  0.481351E+001  0.234142E-006  0.345690E-006  0.345690E-006  0.510331E-006
  0.213616E+001  0.482265E+001  0.226445E-006  0.334322E-006  0.334322E-006  0.493542E-006
  0.214022E+001  0.483179E+001  0.219112E-006  0.323492E-006  0.323492E-006  0.477548E-006
  0.214428E+001  0.484093E+001  0.212187E-006  0.313266E-006  0.313266E-006  0.462446E-006
  0.214834E+001  0.485007E+001  0.205724E-006  0.303721E-006  0.303721E-006  0.448348E-006
  0.215240E+001  0.485921E+001  0.199779E-006  0.294941E-006  0.294941E-006  0.435381E-006
  0.215645E+001  0.486835E+001  0.192850E-006  0.284708E-006  0.284708E-006  0.420270E-006
  0.216051E+001  0.487749E+001  0.185509E-006  0.273868E-006  0.273868E-006  0.404263E-006
  0.216457E+001  0.488663E+001  0.178766E-006  0.263909E-006  0.263909E-006  0.389556E-006
  0.216863E+001  0.489577E+001  0.172682E-006  0.254925E-006  0.254925E-006  0.376289E-006
  0.217269E+001  0.490491E+001  0.167322E-006  0.247010E-006  0.247010E-006  0.364600E-006
  0.217674E+001  0.491405E+001  0.164316E-006  0.242571E-006  0.242571E-006  0.358044E-006
  0.218080E+001  0.492319E+001  0.157212E-006  0.232080E-006  0.232080E-006  0.342553E-006
  0.218486E+001  0.493233E+001  0.151046E-006  0.222975E-006  0.222975E-006  0.329109E-006
  0.218892E+001  0.494147E+001  0.145846E-006  0.215296E-006  0.215296E-006  0.317770E-006
  0.219298E+001  0.495061E+001  0.141652E-006  0.209103E-006  0.209103E-006  0.308625E-006
  0.219703E+001  0.495975E+001  0.137617E-006  0.203144E-006  0.203144E-006  0.299825E-006
  0.220109E+001  0.496889E+001  0.131945E-006  0.194769E-006  0.194769E-006  0.287459E-006
  0.220515E+001  0.497803E+001  0.127461E-006  0.188149E-006  0.188149E-006  0.277684E-006
  0.220920E+001  0.498717E+001  0.125405E-006  0.185112E-006  0.185112E-006  0.273198E-006
  0.221326E+001  0.499631E+001  0.119571E-006  0.176497E-006  0.176497E-006  0.260479E-006
  0.221732E+001  0.500545E+001  0.115105E-006  0.169903E-006  0.169903E-006  0.250742E-006
  0.222137E+001  0.501459E+001  0.113719E-006  0.167856E-006  0.167856E-006  0.247718E-006
  0.222543E+001  0.502373E+001  0.108117E-006  0.159585E-006  0.159585E-006  0.235508E-006
  0.222949E+001  0.503287E+001  0.104018E-006  0.153533E-006  0.153533E-006  0.226572E-006
  0.223354E+001  0.504201E+001  0.102460E-006  0.151232E-006  0.151232E-006  0.223173E-006
  0.223760E+001  0.505115E+001  0.974906E-007  0.143895E-006  0.143895E-006  0.212342E-006
  0.224166E+001  0.506029E+001  0.940957E-007  0.138883E-006  0.138883E-006  0.204941E-006
  0.224571E+001  0.506943E+001  0.918767E-007  0.135606E-006  0.135606E-006  0.200103E-006
  0.224977E+001  0.507857E+001  0.878749E-007  0.129698E-006  0.129698E-006  0.191381E-006
  0.225383E+001  0.508771E+001  0.854724E-007  0.126151E-006  0.126151E-006  0.186143E-006
  0.225788E+001  0.509685E+001  0.823494E-007  0.121540E-006  0.121540E-006  0.179336E-006
  0.226194E+001  0.510599E+001  0.795616E-007  0.117424E-006  0.117424E-006  0.173259E-006
  0.226599E+001  0.511513E+001  0.772836E-007  0.114061E-006  0.114061E-006  0.168294E-006
  0.227005E+001  0.512427E+001  0.742511E-007  0.109584E-006  0.109584E-006  0.161684E-006
  0.227411E+001  0.513341E+001  0.728687E-007  0.107542E-006  0.107542E-006  0.158670E-006
  0.227816E+001  0.514255E+001  0.693833E-007  0.102397E-006  0.102397E-006  0.151074E-006
  0.228222E+001  0.515169E+001  0.679118E-007  0.100224E-006  0.100224E-006  0.147866E-006
  0.228627E+001  0.516083E+001  0.648627E-007  0.957230E-007  0.957230E-007  0.141221E-006
  0.229033E+001  0.516997E+001  0.634184E-007  0.935904E-007  0.935904E-007  0.138073E-006
  0.229438E+001  0.517912E+001  0.613388E-007  0.905204E-007  0.905204E-007  0.133541E-006
  0.229844E+001  0.518826E+001  0.586276E-007  0.865180E-007  0.865180E-007  0.127633E-006
  0.230249E+001  0.519740E+001  0.572645E-007  0.845055E-007  0.845055E-007  0.124661E-006
  0.230655E+001  0.520654E+001  0.548243E-007  0.809033E-007  0.809033E-007  0.119344E-006
  0.231060E+001  0.521568E+001  0.533949E-007  0.787931E-007  0.787931E-007  0.116229E-006
  0.231466E+001  0.522482E+001  0.513039E-007  0.757063E-007  0.757063E-007  0.111672E-006
  0.231871E+001  0.523396E+001  0.497583E-007  0.734246E-007  0.734246E-007  0.108304E-006
  0.232277E+001  0.524310E+001  0.480789E-007  0.709455E-007  0.709455E-007  0.104644E-006
  0.232682E+001  0.525224E+001  0.463855E-007  0.684457E-007  0.684457E-007  0.100954E-006
  0.233088E+001  0.526138E+001  0.451676E-007  0.666478E-007  0.666478E-007  0.983005E-007
  0.233493E+001  0.527053E+001  0.437750E-007  0.645920E-007  0.645920E-007  0.952659E-007
  0.233899E+001  0.527967E+001  0.419090E-007  0.618376E-007  0.618376E-007  0.912003E-007
  0.234304E+001  0.528881E+001  0.406477E-007  0.599758E-007  0.599758E-007  0.884521E-007
  0.234710E+001  0.529795E+001  0.393648E-007  0.580820E-007  0.580820E-007  0.856568E-007
  0.235115E+001  0.530709E+001  0.378659E-007  0.558695E-007  0.558695E-007  0.823911E-007
  0.235520E+001  0.531623E+001  0.369938E-007  0.545821E-007  0.545821E-007  0.804907E-007
  0.235926E+001  0.532537E+001  0.354506E-007  0.523043E-007  0.523043E-007  0.771287E-007
  0.236331E+001  0.533451E+001  0.343006E-007  0.506068E-007  0.506068E-007  0.746233E-007
  0.236737E+001  0.534365E+001  0.334209E-007  0.493082E-007  0.493082E-007  0.727065E-007
  0.237142E+001  0.535280E+001  0.322318E-007  0.475531E-007  0.475531E-007  0.701161E-007
  0.237548E+001  0.536194E+001  0.310720E-007  0.458412E-007  0.458412E-007  0.675894E-007
  0.237953E+001  0.537108E+001  0.299354E-007  0.441635E-007  0.441635E-007  0.651132E-007
  0.238358E+001  0.538022E+001  0.291935E-007  0.430685E-007  0.430685E-007  0.634971E-007
  0.238764E+001  0.538936E+001  0.280802E-007  0.414253E-007  0.414253E-007  0.610718E-007
  0.239169E+001  0.539850E+001  0.270710E-007  0.399357E-007  0.399357E-007  0.588734E-007
  0.239575E+001  0.540764E+001  0.266704E-007  0.393444E-007  0.393444E-007  0.580006E-007
  0.239980E+001  0.541679E+001  0.253403E-007  0.373812E-007  0.373812E-007  0.551033E-007
  0.240385E+001  0.542593E+001  0.247559E-007  0.365187E-007  0.365187E-007  0.538304E-007
  0.240791E+001  0.543507E+001  0.237281E-007  0.350017E-007  0.350017E-007  0.515916E-007
  0.241196E+001  0.544421E+001  0.228946E-007  0.337716E-007  0.337716E-007  0.497762E-007
  0.241601E+001  0.545335E+001  0.222945E-007  0.328858E-007  0.328858E-007  0.484690E-007
  0.242007E+001  0.546249E+001  0.215300E-007  0.317575E-007  0.317575E-007  0.468039E-007
  0.242412E+001  0.547164E+001  0.208660E-007  0.307776E-007  0.307776E-007  0.453577E-007
  0.242818E+001  0.548078E+001  0.201286E-007  0.296893E-007  0.296893E-007  0.437517E-007
  0.243223E+001  0.548992E+001  0.193615E-007  0.285571E-007  0.285571E-007  0.420810E-007
  0.243628E+001  0.549906E+001  0.187687E-007  0.276823E-007  0.276823E-007  0.407899E-007
  0.244034E+001  0.550820E+001  0.183578E-007  0.270759E-007  0.270759E-007  0.398950E-007
  0.244439E+001  0.551734E+001  0.175689E-007  0.259116E-007  0.259116E-007  0.381769E-007
  0.244844E+001  0.552648E+001  0.169343E-007  0.249750E-007  0.249750E-007  0.367949E-007
  0.245250E+001  0.553563E+001  0.164549E-007  0.242676E-007  0.242676E-007  0.357509E-007
  0.245655E+001  0.554477E+001  0.158408E-007  0.233612E-007  0.233612E-007  0.344136E-007
  0.246060E+001  0.555391E+001  0.153455E-007  0.226303E-007  0.226303E-007  0.333350E-007
  0.246466E+001  0.556305E+001  0.150727E-007  0.222276E-007  0.222276E-007  0.327408E-007
  0.246871E+001  0.557219E+001  0.144141E-007  0.212558E-007  0.212558E-007  0.313068E-007
  0.247276E+001  0.558134E+001  0.139360E-007  0.205503E-007  0.205503E-007  0.302658E-007
  0.247681E+001  0.559048E+001  0.136215E-007  0.200861E-007  0.200861E-007  0.295809E-007
  0.248087E+001  0.559962E+001  0.129931E-007  0.191589E-007  0.191589E-007  0.282128E-007
  0.248492E+001  0.560876E+001  0.125344E-007  0.184820E-007  0.184820E-007  0.272140E-007
  0.248897E+001  0.561790E+001  0.121507E-007  0.179157E-007  0.179157E-007  0.263785E-007
  0.249303E+001  0.562704E+001  0.119346E-007  0.175967E-007  0.175967E-007  0.259079E-007
  0.249708E+001  0.563619E+001  0.113418E-007  0.167221E-007  0.167221E-007  0.246173E-007
  0.250113E+001  0.564533E+001  0.110087E-007  0.162306E-007  0.162306E-007  0.238922E-007
