  0.159683E+001  0.261560E-001  0.173154E-007  0.136520E-007  0.136520E-007  0.100019E-007
  0.159597E+001  0.310805E-001  0.198773E-007  0.113530E-007  0.113530E-007  0.104457E-007
  0.159502E+001  0.359900E-001  0.222109E-007  0.900853E-008  0.900853E-008  0.104812E-007
  0.159401E+001  0.408865E-001  0.243085E-007  0.667714E-008  0.667714E-008  0.101852E-007
  0.159295E+001  0.457720E-001  0.261953E-007  0.440153E-008  0.440153E-008  0.962836E-008
  0.159184E+001  0.506483E-001  0.279246E-007  0.220479E-008  0.220479E-008  0.887187E-008
  0.159070E+001  0.555168E-001  0.294843E-007  0.104755E-009  0.104755E-009  0.797057E-008
  0.158954E+001  0.603791E-001  0.308774E-007  0.188659E-008  0.188659E-008  0.696875E-008
  0.158835E+001  0.652363E-001  0.321779E-007  0.377824E-008  0.377824E-008  0.589645E-008
  0.158715E+001  0.700894E-001  0.333393E-007  0.555753E-008  0.555753E-008  0.478534E-008
  0.158593E+001  0.749391E-001  0.344317E-007  0.724251E-008  0.724251E-008  0.365070E-008
  0.158470E+001  0.797862E-001  0.354362E-007  0.883009E-008  0.883009E-008  0.251082E-008
  0.158347E+001  0.846312E-001  0.363227E-007  0.103108E-007  0.103108E-007  0.138328E-008
  0.158223E+001  0.894746E-001  0.371581E-007  0.117096E-007  0.117096E-007  0.269450E-009
  0.158098E+001  0.943168E-001  0.379614E-007  0.130379E-007  0.130379E-007  0.827119E-009
  0.157973E+001  0.991583E-001  0.386919E-007  0.142830E-007  0.142830E-007  0.189433E-008
  0.157848E+001  0.103999E+000  0.393605E-007  0.154511E-007  0.154511E-007  0.292925E-008
  0.157723E+001  0.108840E+000  0.399756E-007  0.165484E-007  0.165484E-007  0.393023E-008
  0.157597E+001  0.113680E+000  0.406130E-007  0.176125E-007  0.176125E-007  0.491192E-008
  0.157472E+001  0.118521E+000  0.411511E-007  0.185898E-007  0.185898E-007  0.584600E-008
  0.157347E+001  0.123362E+000  0.416623E-007  0.195159E-007  0.195159E-007  0.674741E-008
  0.157222E+001  0.128203E+000  0.421540E-007  0.203971E-007  0.203971E-007  0.761788E-008
  0.157097E+001  0.133045E+000  0.426316E-007  0.212388E-007  0.212388E-007  0.845924E-008
  0.156973E+001  0.137888E+000  0.430285E-007  0.220076E-007  0.220076E-007  0.925251E-008
  0.156849E+001  0.142731E+000  0.434227E-007  0.227460E-007  0.227460E-007  0.100196E-007
  0.156725E+001  0.147575E+000  0.438183E-007  0.234588E-007  0.234588E-007  0.107629E-007
  0.156601E+001  0.152420E+000  0.442207E-007  0.241511E-007  0.241511E-007  0.114854E-007
  0.156478E+001  0.157267E+000  0.445543E-007  0.247817E-007  0.247817E-007  0.121633E-007
  0.156356E+001  0.162114E+000  0.448238E-007  0.253532E-007  0.253532E-007  0.127972E-007
  0.156233E+001  0.166962E+000  0.451910E-007  0.259613E-007  0.259613E-007  0.134433E-007
  0.156112E+001  0.171811E+000  0.454160E-007  0.264666E-007  0.264666E-007  0.140193E-007
  0.155990E+001  0.176662E+000  0.457456E-007  0.270164E-007  0.270164E-007  0.146130E-007
  0.155869E+001  0.181513E+000  0.460212E-007  0.275171E-007  0.275171E-007  0.151686E-007
  0.155749E+001  0.186366E+000  0.462393E-007  0.279670E-007  0.279670E-007  0.156846E-007
  0.155629E+001  0.191221E+000  0.464875E-007  0.284204E-007  0.284204E-007  0.161947E-007
  0.155510E+001  0.196076E+000  0.466852E-007  0.288284E-007  0.288284E-007  0.166685E-007
  0.155391E+001  0.200933E+000  0.469181E-007  0.292453E-007  0.292453E-007  0.171403E-007
  0.155273E+001  0.205791E+000  0.471012E-007  0.296183E-007  0.296183E-007  0.175770E-007
  0.155155E+001  0.210651E+000  0.473240E-007  0.300050E-007  0.300050E-007  0.180155E-007
  0.155038E+001  0.215512E+000  0.474996E-007  0.303505E-007  0.303505E-007  0.184209E-007
  0.154922E+001  0.220374E+000  0.476283E-007  0.306551E-007  0.306551E-007  0.187931E-007
  0.154806E+001  0.225238E+000  0.478022E-007  0.309792E-007  0.309792E-007  0.191719E-007
  0.154690E+001  0.230104E+000  0.480242E-007  0.313259E-007  0.313259E-007  0.195599E-007
  0.154576E+001  0.234970E+000  0.481101E-007  0.315743E-007  0.315743E-007  0.198774E-007
  0.154462E+001  0.239839E+000  0.482442E-007  0.318463E-007  0.318463E-007  0.202051E-007
  0.154348E+001  0.244708E+000  0.484359E-007  0.321492E-007  0.321492E-007  0.205484E-007
  0.154236E+001  0.249580E+000  0.484849E-007  0.323494E-007  0.323494E-007  0.208183E-007
  0.154124E+001  0.254452E+000  0.485937E-007  0.325829E-007  0.325829E-007  0.211058E-007
  0.154012E+001  0.259327E+000  0.487584E-007  0.328481E-007  0.328481E-007  0.214106E-007
  0.153901E+001  0.264202E+000  0.488879E-007  0.330838E-007  0.330838E-007  0.216917E-007
  0.153791E+001  0.269080E+000  0.489757E-007  0.332860E-007  0.332860E-007  0.219464E-007
  0.153682E+001  0.273959E+000  0.490269E-007  0.334581E-007  0.334581E-007  0.221771E-007
  0.153573E+001  0.278839E+000  0.491447E-007  0.336716E-007  0.336716E-007  0.224333E-007
  0.153465E+001  0.283721E+000  0.492262E-007  0.338564E-007  0.338564E-007  0.226670E-007
  0.153358E+001  0.288604E+000  0.492742E-007  0.340146E-007  0.340146E-007  0.228801E-007
  0.153251E+001  0.293489E+000  0.493923E-007  0.342187E-007  0.342187E-007  0.231233E-007
  0.153145E+001  0.298376E+000  0.494778E-007  0.343981E-007  0.343981E-007  0.233481E-007
  0.153040E+001  0.303264E+000  0.495339E-007  0.345554E-007  0.345554E-007  0.235566E-007
  0.152936E+001  0.308154E+000  0.495595E-007  0.346906E-007  0.346906E-007  0.237492E-007
  0.152832E+001  0.313045E+000  0.496666E-007  0.348832E-007  0.348832E-007  0.239828E-007
  0.152729E+001  0.317938E+000  0.497480E-007  0.350589E-007  0.350589E-007  0.242058E-007
  0.152627E+001  0.322833E+000  0.498057E-007  0.352201E-007  0.352201E-007  0.244208E-007
  0.152526E+001  0.327729E+000  0.498445E-007  0.353715E-007  0.353715E-007  0.246323E-007
  0.152425E+001  0.332627E+000  0.499777E-007  0.355961E-007  0.355961E-007  0.249013E-007
  0.152326E+001  0.337526E+000  0.499880E-007  0.357400E-007  0.357400E-007  0.251191E-007
  0.152227E+001  0.342428E+000  0.501023E-007  0.359695E-007  0.359695E-007  0.254083E-007
  0.152129E+001  0.347331E+000  0.502202E-007  0.362161E-007  0.362161E-007  0.257229E-007
  0.152031E+001  0.352235E+000  0.504705E-007  0.365799E-007  0.365799E-007  0.261416E-007
  0.151935E+001  0.357142E+000  0.506273E-007  0.369022E-007  0.369022E-007  0.265544E-007
  0.151840E+001  0.362050E+000  0.508326E-007  0.372976E-007  0.372976E-007  0.270556E-007
  0.151746E+001  0.366961E+000  0.511129E-007  0.378019E-007  0.378019E-007  0.276877E-007
  0.151653E+001  0.371873E+000  0.515224E-007  0.384819E-007  0.384819E-007  0.285270E-007
  0.151561E+001  0.376789E+000  0.521384E-007  0.394409E-007  0.394409E-007  0.296981E-007
  0.151471E+001  0.381707E+000  0.529681E-007  0.407585E-007  0.407585E-007  0.313420E-007
  0.151383E+001  0.386629E+000  0.542699E-007  0.427863E-007  0.427863E-007  0.339025E-007
  0.151298E+001  0.391556E+000  0.564417E-007  0.461652E-007  0.461652E-007  0.382777E-007
  0.151218E+001  0.396492E+000  0.603891E-007  0.524233E-007  0.524233E-007  0.467392E-007
  0.151146E+001  0.401440E+000  0.688070E-007  0.661515E-007  0.661515E-007  0.664870E-007
  0.151088E+001  0.406406E+000  0.879820E-007  0.996952E-007  0.996952E-007  0.119764E-006
  0.151046E+001  0.411388E+000  0.135348E-006  0.190764E-006  0.190764E-006  0.283713E-006
  0.151017E+001  0.416380E+000  0.250899E-006  0.442596E-006  0.442596E-006  0.808520E-006
  0.150996E+001  0.421375E+000  0.507449E-006  0.109542E-005  0.109542E-005  0.240985E-005
  0.150979E+001  0.426372E+000  0.113686E-005  0.297708E-005  0.297708E-005  0.786554E-005
  0.150964E+001  0.431370E+000  0.418589E-005  0.134566E-004  0.134566E-004  0.433670E-004
  0.150951E+001  0.436368E+000  0.123030E-004  0.491222E-004  0.491222E-004  0.196297E-003
  0.150939E+001  0.441367E+000  0.218910E-004  0.112909E-003  0.112909E-003  0.582636E-003
  0.150928E+001  0.446366E+000  0.278638E-005  0.196579E-004  0.196579E-004  0.139209E-003
  0.150917E+001  0.451365E+000  0.125885E-005  0.142222E-004  0.142222E-004  0.162017E-003
  0.150907E+001  0.456363E+000  0.700690E-007  0.154675E-005  0.154675E-005  0.400126E-004
  0.150897E+001  0.461363E+000  0.135016E-007  0.299041E-006  0.299041E-006  0.268150E-004
  0.150887E+001  0.466362E+000  0.130740E-006  0.195549E-005  0.195549E-005  0.316893E-004
  0.150878E+001  0.471361E+000  0.175450E-006  0.153977E-005  0.153977E-005  0.143218E-004
  0.150870E+001  0.476360E+000  0.109976E-006  0.677367E-006  0.677367E-006  0.457473E-005
  0.150861E+001  0.481359E+000  0.190536E-006  0.927096E-006  0.927096E-006  0.474899E-005
  0.150853E+001  0.486359E+000  0.182818E-006  0.731798E-006  0.731798E-006  0.308735E-005
  0.150845E+001  0.491358E+000  0.209066E-006  0.714792E-006  0.714792E-006  0.255617E-005
  0.150838E+001  0.496358E+000  0.158476E-006  0.472593E-006  0.472593E-006  0.149378E-005
  0.150831E+001  0.501357E+000  0.145109E-006  0.385371E-006  0.385371E-006  0.108913E-005
  0.150824E+001  0.506357E+000  0.151433E-006  0.364170E-006  0.364170E-006  0.928247E-006
  0.150817E+001  0.511356E+000  0.178665E-006  0.394080E-006  0.394080E-006  0.912057E-006
  0.150811E+001  0.516356E+000  0.155517E-006  0.316666E-006  0.316666E-006  0.680556E-006
  0.150805E+001  0.521355E+000  0.154311E-006  0.292801E-006  0.292801E-006  0.585841E-006
  0.150800E+001  0.526355E+000  0.119177E-006  0.211509E-006  0.211509E-006  0.401386E-006
  0.150794E+001  0.531355E+000  0.147585E-006  0.247935E-006  0.247935E-006  0.439008E-006
  0.150789E+001  0.536355E+000  0.142911E-006  0.227737E-006  0.227737E-006  0.382599E-006
  0.150785E+001  0.541354E+000  0.109609E-006  0.166019E-006  0.166019E-006  0.268878E-006
  0.150781E+001  0.546354E+000  0.949679E-007  0.137425E-006  0.137425E-006  0.214361E-006
  0.150777E+001  0.551354E+000  0.909908E-007  0.126483E-006  0.126483E-006  0.189685E-006
  0.150773E+001  0.556354E+000  0.964000E-007  0.129374E-006  0.129374E-006  0.186089E-006
  0.150770E+001  0.561354E+000  0.823462E-007  0.106710E-006  0.106710E-006  0.149565E-006
  0.150767E+001  0.566354E+000  0.776228E-007  0.975913E-007  0.975913E-007  0.132944E-006
  0.150765E+001  0.571354E+000  0.589446E-007  0.718537E-007  0.718537E-007  0.969554E-007
  0.150763E+001  0.576354E+000  0.486618E-007  0.577984E-007  0.577984E-007  0.772304E-007
  0.150761E+001  0.581354E+000  0.427849E-007  0.498498E-007  0.498498E-007  0.659546E-007
  0.150760E+001  0.586354E+000  0.287927E-007  0.328903E-007  0.328903E-007  0.448347E-007
  0.150759E+001  0.591354E+000  0.182127E-007  0.207130E-007  0.207130E-007  0.302534E-007
  0.150759E+001  0.596354E+000  0.514740E-008  0.605826E-008  0.605826E-008  0.133191E-007
  0.150759E+001  0.601354E+000  0.612254E-008  0.590542E-008  0.590542E-008  0.155458E-009
  0.150759E+001  0.606354E+000  0.197964E-007  0.197130E-007  0.197130E-007  0.141982E-007
  0.150760E+001  0.611354E+000  0.315605E-007  0.314596E-007  0.314596E-007  0.263021E-007
  0.150761E+001  0.616354E+000  0.479744E-007  0.473193E-007  0.473193E-007  0.419473E-007
  0.150763E+001  0.621354E+000  0.572613E-007  0.560440E-007  0.560440E-007  0.504315E-007
  0.150765E+001  0.626353E+000  0.735555E-007  0.712315E-007  0.712315E-007  0.648363E-007
  0.150768E+001  0.631353E+000  0.786351E-007  0.755695E-007  0.755695E-007  0.687340E-007
  0.150771E+001  0.636353E+000  0.928221E-007  0.884019E-007  0.884019E-007  0.805372E-007
  0.150774E+001  0.641353E+000  0.122112E-006  0.115201E-006  0.115201E-006  0.105243E-006
  0.150778E+001  0.646353E+000  0.136794E-006  0.128168E-006  0.128168E-006  0.116850E-006
  0.150783E+001  0.651353E+000  0.131303E-006  0.122433E-006  0.122433E-006  0.111113E-006
  0.150788E+001  0.656353E+000  0.142289E-006  0.131986E-006  0.131986E-006  0.119554E-006
  0.150793E+001  0.661352E+000  0.173868E-006  0.160417E-006  0.160417E-006  0.145296E-006
  0.150799E+001  0.666352E+000  0.184159E-006  0.169323E-006  0.169323E-006  0.153126E-006
  0.150805E+001  0.671352E+000  0.222345E-006  0.203722E-006  0.203722E-006  0.184249E-006
  0.150812E+001  0.676351E+000  0.232334E-006  0.212479E-006  0.212479E-006  0.192046E-006
  0.150820E+001  0.681351E+000  0.211879E-006  0.193693E-006  0.193693E-006  0.174924E-006
  0.150827E+001  0.686350E+000  0.291102E-006  0.265652E-006  0.265652E-006  0.240406E-006
  0.150836E+001  0.691349E+000  0.263524E-006  0.240710E-006  0.240710E-006  0.217969E-006
  0.150845E+001  0.696348E+000  0.275888E-006  0.252255E-006  0.252255E-006  0.228856E-006
  0.150854E+001  0.701348E+000  0.334186E-006  0.305901E-006  0.305901E-006  0.278327E-006
  0.150864E+001  0.706347E+000  0.354191E-006  0.324976E-006  0.324976E-006  0.296591E-006
  0.150875E+001  0.711345E+000  0.328381E-006  0.302347E-006  0.302347E-006  0.276898E-006
  0.150886E+001  0.716344E+000  0.354551E-006  0.327621E-006  0.327621E-006  0.301353E-006
  0.150897E+001  0.721343E+000  0.450160E-006  0.417545E-006  0.417545E-006  0.386005E-006
  0.150910E+001  0.726341E+000  0.373392E-006  0.348325E-006  0.348325E-006  0.323742E-006
  0.150922E+001  0.731340E+000  0.488672E-006  0.458158E-006  0.458158E-006  0.428441E-006
  0.150936E+001  0.736338E+000  0.418423E-006  0.394986E-006  0.394986E-006  0.371841E-006
  0.150950E+001  0.741336E+000  0.424301E-006  0.403343E-006  0.403343E-006  0.382486E-006
  0.150964E+001  0.746334E+000  0.508218E-006  0.486593E-006  0.486593E-006  0.465039E-006
  0.150979E+001  0.751332E+000  0.539287E-006  0.520546E-006  0.520546E-006  0.501692E-006
  0.150995E+001  0.756329E+000  0.504411E-006  0.491291E-006  0.491291E-006  0.477832E-006
  0.151011E+001  0.761327E+000  0.564003E-006  0.554415E-006  0.554415E-006  0.544393E-006
  0.151028E+001  0.766324E+000  0.557795E-006  0.553871E-006  0.553871E-006  0.549463E-006
  0.151045E+001  0.771321E+000  0.665939E-006  0.668103E-006  0.668103E-006  0.669847E-006
  0.151063E+001  0.776317E+000  0.703222E-006  0.713429E-006  0.713429E-006  0.723442E-006
  0.151082E+001  0.781314E+000  0.655157E-006  0.672694E-006  0.672694E-006  0.690446E-006
  0.151101E+001  0.786310E+000  0.746504E-006  0.775925E-006  0.775925E-006  0.806340E-006
  0.151121E+001  0.791306E+000  0.751788E-006  0.791701E-006  0.791701E-006  0.833657E-006
  0.151142E+001  0.796302E+000  0.671041E-006  0.716555E-006  0.716555E-006  0.765172E-006
  0.151163E+001  0.801298E+000  0.736450E-006  0.797610E-006  0.797610E-006  0.863962E-006
  0.151185E+001  0.806293E+000  0.718324E-006  0.789720E-006  0.789720E-006  0.868423E-006
  0.151207E+001  0.811288E+000  0.871689E-006  0.973074E-006  0.973074E-006  0.108656E-005
  0.151230E+001  0.816282E+000  0.942533E-006  0.106924E-005  0.106924E-005  0.121339E-005
  0.151254E+001  0.821277E+000  0.901242E-006  0.103986E-005  0.103986E-005  0.120033E-005
  0.151279E+001  0.826271E+000  0.767397E-006  0.901297E-006  0.901297E-006  0.105921E-005
  0.151304E+001  0.831264E+000  0.820670E-006  0.981480E-006  0.981480E-006  0.117457E-005
  0.151329E+001  0.836258E+000  0.113814E-005  0.138654E-005  0.138654E-005  0.169006E-005
  0.151356E+001  0.841251E+000  0.956143E-006  0.118817E-005  0.118817E-005  0.147754E-005
  0.151383E+001  0.846243E+000  0.104352E-005  0.132326E-005  0.132326E-005  0.167918E-005
  0.151411E+001  0.851236E+000  0.101375E-005  0.131298E-005  0.131298E-005  0.170188E-005
  0.151440E+001  0.856227E+000  0.876310E-006  0.116028E-005  0.116028E-005  0.153778E-005
  0.151469E+001  0.861219E+000  0.984424E-006  0.133315E-005  0.133315E-005  0.180710E-005
  0.151499E+001  0.866210E+000  0.989915E-006  0.137248E-005  0.137248E-005  0.190478E-005
  0.151529E+001  0.871200E+000  0.133800E-005  0.190026E-005  0.190026E-005  0.270088E-005
  0.151561E+001  0.876191E+000  0.105557E-005  0.153793E-005  0.153793E-005  0.224303E-005
  0.151593E+001  0.881180E+000  0.112441E-005  0.168166E-005  0.168166E-005  0.251763E-005
  0.151626E+001  0.886169E+000  0.106962E-005  0.164393E-005  0.164393E-005  0.252944E-005
  0.151659E+001  0.891158E+000  0.140852E-005  0.222624E-005  0.222624E-005  0.352182E-005
  0.151694E+001  0.896146E+000  0.105008E-005  0.170961E-005  0.170961E-005  0.278683E-005
  0.151729E+001  0.901134E+000  0.108995E-005  0.182941E-005  0.182941E-005  0.307436E-005
  0.151765E+001  0.906121E+000  0.101252E-005  0.175432E-005  0.175432E-005  0.304380E-005
  0.151801E+001  0.911108E+000  0.132404E-005  0.237053E-005  0.237053E-005  0.424879E-005
  0.151839E+001  0.916094E+000  0.975559E-006  0.180819E-005  0.180819E-005  0.335661E-005
  0.151877E+001  0.921079E+000  0.101480E-005  0.194953E-005  0.194953E-005  0.375097E-005
  0.151916E+001  0.926064E+000  0.953225E-006  0.190121E-005  0.190121E-005  0.379832E-005
  0.151955E+001  0.931048E+000  0.129515E-005  0.268576E-005  0.268576E-005  0.557650E-005
  0.151996E+001  0.936032E+000  0.967778E-006  0.209130E-005  0.209130E-005  0.452703E-005
  0.152037E+001  0.941015E+000  0.106064E-005  0.239255E-005  0.239255E-005  0.540581E-005
  0.152079E+001  0.945997E+000  0.104709E-005  0.247117E-005  0.247117E-005  0.584193E-005
  0.152122E+001  0.950979E+000  0.930859E-006  0.230405E-005  0.230405E-005  0.571410E-005
  0.152165E+001  0.955960E+000  0.127549E-005  0.331911E-005  0.331911E-005  0.864968E-005
  0.152210E+001  0.960940E+000  0.891174E-006  0.244598E-005  0.244598E-005  0.672778E-005
  0.152255E+001  0.965920E+000  0.980758E-006  0.284789E-005  0.284789E-005  0.828608E-005
  0.152301E+001  0.970898E+000  0.968351E-006  0.298581E-005  0.298581E-005  0.922543E-005
  0.152348E+001  0.975876E+000  0.858427E-006  0.282231E-005  0.282231E-005  0.930118E-005
  0.152396E+001  0.980853E+000  0.683618E-006  0.240776E-005  0.240776E-005  0.850618E-005
  0.152444E+001  0.985830E+000  0.897799E-006  0.340598E-005  0.340598E-005  0.129519E-004
  0.152494E+001  0.990805E+000  0.563251E-006  0.231579E-005  0.231579E-005  0.955808E-005
  0.152544E+001  0.995780E+000  0.589749E-006  0.264788E-005  0.264788E-005  0.119333E-004
  0.152595E+001  0.100075E+001  0.544076E-006  0.269104E-005  0.269104E-005  0.133654E-004
  0.152647E+001  0.100573E+001  0.483109E-006  0.266148E-005  0.266148E-005  0.147324E-004
  0.152700E+001  0.101070E+001  0.357463E-006  0.222193E-005  0.222193E-005  0.139023E-004
  0.152754E+001  0.101567E+001  0.238238E-006  0.169848E-005  0.169848E-005  0.122317E-004
  0.152808E+001  0.102064E+001  0.270870E-006  0.227168E-005  0.227168E-005  0.192246E-004
  0.152864E+001  0.102561E+001  0.136507E-006  0.138267E-005  0.138267E-005  0.142643E-004
  0.152920E+001  0.103058E+001  0.115219E-006  0.148341E-005  0.148341E-005  0.195268E-004
  0.152977E+001  0.103554E+001  0.735370E-007  0.129338E-005  0.129338E-005  0.235738E-004
  0.153035E+001  0.104051E+001  0.360613E-007  0.994234E-006  0.994234E-006  0.295628E-004
  0.153094E+001  0.104548E+001  0.793770E-008  0.429223E-006  0.429223E-006  0.349953E-004
  0.153154E+001  0.105044E+001  0.565017E-008  0.316988E-006  0.316988E-006  0.343264E-004
  0.153215E+001  0.105540E+001  0.328171E-007  0.973363E-006  0.973363E-006  0.315354E-004
  0.153277E+001  0.106036E+001  0.793330E-007  0.145372E-005  0.145372E-005  0.276218E-004
  0.153340E+001  0.106532E+001  0.133299E-006  0.175001E-005  0.175001E-005  0.234818E-004
  0.153403E+001  0.107028E+001  0.408760E-006  0.421873E-005  0.421873E-005  0.438554E-004
  0.153468E+001  0.107524E+001  0.459195E-006  0.385418E-005  0.385418E-005  0.325612E-004
  0.153534E+001  0.108020E+001  0.493960E-006  0.348966E-005  0.348966E-005  0.248062E-004
  0.153600E+001  0.108515E+001  0.958380E-006  0.586854E-005  0.586854E-005  0.360522E-004
  0.153668E+001  0.109011E+001  0.901412E-006  0.484548E-005  0.484548E-005  0.261382E-004
  0.153736E+001  0.109506E+001  0.157294E-005  0.755454E-005  0.755454E-005  0.363577E-004
  0.153805E+001  0.110001E+001  0.282959E-005  0.122697E-004  0.122697E-004  0.532662E-004
  0.153876E+001  0.110496E+001  0.202978E-005  0.799650E-005  0.799650E-005  0.315551E-004
  0.153947E+001  0.110991E+001  0.335460E-005  0.121285E-004  0.121285E-004  0.438953E-004
  0.154020E+001  0.111486E+001  0.251710E-005  0.838690E-005  0.838690E-005  0.279836E-004
  0.154093E+001  0.111980E+001  0.356882E-005  0.110396E-004  0.110396E-004  0.341835E-004
  0.154167E+001  0.112475E+001  0.592576E-005  0.170972E-004  0.170972E-004  0.493598E-004
  0.154243E+001  0.112969E+001  0.404878E-005  0.109228E-004  0.109228E-004  0.294944E-004
  0.154319E+001  0.113463E+001  0.592525E-005  0.150232E-004  0.150232E-004  0.381149E-004
  0.154397E+001  0.113957E+001  0.453546E-005  0.108278E-004  0.108278E-004  0.258720E-004
  0.154475E+001  0.114451E+001  0.680497E-005  0.153605E-004  0.153605E-004  0.346928E-004
  0.154555E+001  0.114945E+001  0.565862E-005  0.120939E-004  0.120939E-004  0.258661E-004
  0.154635E+001  0.115438E+001  0.812712E-005  0.165012E-004  0.165012E-004  0.335210E-004
  0.154717E+001  0.115932E+001  0.736287E-005  0.142184E-004  0.142184E-004  0.274729E-004
  0.154799E+001  0.116425E+001  0.116294E-004  0.214186E-004  0.214186E-004  0.394629E-004
  0.154883E+001  0.116918E+001  0.103652E-004  0.182228E-004  0.182228E-004  0.320509E-004
  0.154968E+001  0.117410E+001  0.912904E-005  0.153444E-004  0.153444E-004  0.258041E-004
  0.155054E+001  0.117903E+001  0.943479E-005  0.151847E-004  0.151847E-004  0.244509E-004
  0.155141E+001  0.118395E+001  0.950003E-005  0.146595E-004  0.146595E-004  0.226325E-004
  0.155229E+001  0.118887E+001  0.101420E-004  0.150238E-004  0.150238E-004  0.222663E-004
  0.155318E+001  0.119379E+001  0.114782E-004  0.163416E-004  0.163416E-004  0.232758E-004
  0.155409E+001  0.119871E+001  0.913561E-005  0.125054E-004  0.125054E-004  0.171278E-004
  0.155500E+001  0.120363E+001  0.115404E-004  0.152138E-004  0.152138E-004  0.200656E-004
  0.155593E+001  0.120854E+001  0.991487E-005  0.125913E-004  0.125913E-004  0.159989E-004
  0.155687E+001  0.121345E+001  0.926819E-005  0.113480E-004  0.113480E-004  0.139030E-004
  0.155782E+001  0.121836E+001  0.926969E-005  0.109518E-004  0.109518E-004  0.129472E-004
  0.155878E+001  0.122327E+001  0.984995E-005  0.112376E-004  0.112376E-004  0.128285E-004
  0.155976E+001  0.122817E+001  0.805950E-005  0.887989E-005  0.887989E-005  0.979118E-005
  0.156074E+001  0.123307E+001  0.910132E-005  0.969601E-005  0.969601E-005  0.103367E-004
  0.156174E+001  0.123797E+001  0.854524E-005  0.880295E-005  0.880295E-005  0.907528E-005
  0.156275E+001  0.124287E+001  0.855951E-005  0.853134E-005  0.853134E-005  0.850988E-005
  0.156377E+001  0.124776E+001  0.869939E-005  0.839334E-005  0.839334E-005  0.810446E-005
  0.156481E+001  0.125265E+001  0.771447E-005  0.720483E-005  0.720483E-005  0.673505E-005
  0.156586E+001  0.125754E+001  0.734043E-005  0.663921E-005  0.663921E-005  0.601097E-005
  0.156692E+001  0.126243E+001  0.740929E-005  0.649292E-005  0.649292E-005  0.569571E-005
  0.156799E+001  0.126731E+001  0.762458E-005  0.647599E-005  0.647599E-005  0.550610E-005
  0.156908E+001  0.127219E+001  0.712978E-005  0.586876E-005  0.586876E-005  0.483629E-005
  0.157019E+001  0.127707E+001  0.621228E-005  0.495505E-005  0.495505E-005  0.395761E-005
  0.157130E+001  0.128194E+001  0.635696E-005  0.491714E-005  0.491714E-005  0.380865E-005
  0.157243E+001  0.128681E+001  0.608196E-005  0.456141E-005  0.456141E-005  0.342612E-005
  0.157358E+001  0.129168E+001  0.553077E-005  0.402121E-005  0.402121E-005  0.292864E-005
  0.157474E+001  0.129654E+001  0.521863E-005  0.367912E-005  0.367912E-005  0.259863E-005
  0.157592E+001  0.130140E+001  0.475774E-005  0.325171E-005  0.325171E-005  0.222715E-005
  0.157711E+001  0.130626E+001  0.458931E-005  0.304155E-005  0.304155E-005  0.202042E-005
  0.157831E+001  0.131111E+001  0.456088E-005  0.293167E-005  0.293167E-005  0.188898E-005
  0.157954E+001  0.131596E+001  0.412233E-005  0.256809E-005  0.256809E-005  0.160428E-005
  0.158078E+001  0.132080E+001  0.387858E-005  0.234215E-005  0.234215E-005  0.141869E-005
  0.158204E+001  0.132564E+001  0.361779E-005  0.211712E-005  0.211712E-005  0.124319E-005
  0.158332E+001  0.133048E+001  0.336441E-005  0.190746E-005  0.190746E-005  0.108561E-005
  0.158461E+001  0.133531E+001  0.324496E-005  0.178269E-005  0.178269E-005  0.983441E-006
  0.158593E+001  0.134013E+001  0.295546E-005  0.157201E-005  0.157201E-005  0.840141E-006
  0.158727E+001  0.134495E+001  0.272207E-005  0.140147E-005  0.140147E-005  0.725454E-006
  0.158862E+001  0.134976E+001  0.260499E-005  0.129847E-005  0.129847E-005  0.651043E-006
  0.159001E+001  0.135456E+001  0.233102E-005  0.112345E-005  0.112345E-005  0.545176E-006
  0.159141E+001  0.135936E+001  0.219667E-005  0.102400E-005  0.102400E-005  0.480976E-006
  0.159284E+001  0.136415E+001  0.202941E-005  0.914373E-006  0.914373E-006  0.415511E-006
  0.159429E+001  0.136894E+001  0.191331E-005  0.833150E-006  0.833150E-006  0.366230E-006
  0.159578E+001  0.137371E+001  0.173368E-005  0.728755E-006  0.728755E-006  0.309660E-006
  0.159728E+001  0.137848E+001  0.164560E-005  0.668130E-006  0.668130E-006  0.274491E-006
  0.159882E+001  0.138324E+001  0.152638E-005  0.598033E-006  0.598033E-006  0.237422E-006
  0.160039E+001  0.138799E+001  0.141866E-005  0.536212E-006  0.536212E-006  0.205671E-006
  0.160199E+001  0.139272E+001  0.131719E-005  0.480167E-006  0.480167E-006  0.177920E-006
  0.160362E+001  0.139745E+001  0.123575E-005  0.434488E-006  0.434488E-006  0.155528E-006
  0.160528E+001  0.140217E+001  0.116575E-005  0.395361E-006  0.395361E-006  0.136731E-006
  0.160697E+001  0.140687E+001  0.110132E-005  0.360339E-006  0.360339E-006  0.120425E-006
  0.160869E+001  0.141157E+001  0.105037E-005  0.331690E-006  0.331690E-006  0.107155E-006
  0.161044E+001  0.141625E+001  0.100276E-005  0.305737E-006  0.305737E-006  0.955181E-007
  0.161223E+001  0.142092E+001  0.952632E-006  0.280494E-006  0.280494E-006  0.847770E-007
  0.161404E+001  0.142558E+001  0.916933E-006  0.260995E-006  0.260995E-006  0.763731E-007
  0.161588E+001  0.143023E+001  0.884682E-006  0.243603E-006  0.243603E-006  0.690627E-007
  0.161775E+001  0.143487E+001  0.854848E-006  0.227884E-006  0.227884E-006  0.626396E-007
  0.161965E+001  0.143949E+001  0.824164E-006  0.212855E-006  0.212855E-006  0.567743E-007
  0.162157E+001  0.144411E+001  0.802303E-006  0.200974E-006  0.200974E-006  0.520629E-007
  0.162351E+001  0.144872E+001  0.784959E-006  0.190908E-006  0.190908E-006  0.480753E-007
  0.162548E+001  0.145331E+001  0.763956E-006  0.180518E-006  0.180518E-006  0.442288E-007
  0.162747E+001  0.145790E+001  0.747784E-006  0.171842E-006  0.171842E-006  0.409990E-007
  0.162947E+001  0.146248E+001  0.737717E-006  0.165053E-006  0.165053E-006  0.383800E-007
  0.163150E+001  0.146705E+001  0.724242E-006  0.157856E-006  0.157856E-006  0.358035E-007
  0.163355E+001  0.147161E+001  0.711355E-006  0.151162E-006  0.151162E-006  0.334687E-007
  0.163561E+001  0.147616E+001  0.702392E-006  0.145650E-006  0.145650E-006  0.315040E-007
  0.163770E+001  0.148071E+001  0.690989E-006  0.139893E-006  0.139893E-006  0.295807E-007
  0.163980E+001  0.148525E+001  0.682573E-006  0.135024E-006  0.135024E-006  0.279302E-007
  0.164191E+001  0.148978E+001  0.676608E-006  0.130873E-006  0.130873E-006  0.264992E-007
  0.164405E+001  0.149430E+001  0.666098E-006  0.126025E-006  0.126025E-006  0.249948E-007
  0.164619E+001  0.149882E+001  0.662334E-006  0.122673E-006  0.122673E-006  0.238417E-007
  0.164836E+001  0.150332E+001  0.652391E-006  0.118316E-006  0.118316E-006  0.225491E-007
  0.165054E+001  0.150782E+001  0.645537E-006  0.114700E-006  0.114700E-006  0.214447E-007
  0.165273E+001  0.151232E+001  0.641452E-006  0.111720E-006  0.111720E-006  0.204982E-007
  0.165494E+001  0.151680E+001  0.634216E-006  0.108308E-006  0.108308E-006  0.195123E-007
  0.165716E+001  0.152128E+001  0.629494E-006  0.105452E-006  0.105452E-006  0.186591E-007
  0.165940E+001  0.152575E+001  0.622995E-006  0.102398E-006  0.102398E-006  0.178033E-007
  0.166165E+001  0.153022E+001  0.618783E-006  0.998268E-007  0.998268E-007  0.170576E-007
  0.166391E+001  0.153468E+001  0.615380E-006  0.974724E-007  0.974724E-007  0.163730E-007
  0.166619E+001  0.153913E+001  0.610129E-006  0.948973E-007  0.948973E-007  0.156755E-007
  0.166848E+001  0.154357E+001  0.605614E-006  0.925174E-007  0.925174E-007  0.150315E-007
  0.167079E+001  0.154801E+001  0.600570E-006  0.901223E-007  0.901223E-007  0.144047E-007
  0.167311E+001  0.155244E+001  0.596177E-006  0.878936E-007  0.878936E-007  0.138225E-007
  0.167544E+001  0.155686E+001  0.592366E-006  0.858114E-007  0.858114E-007  0.132796E-007
  0.167779E+001  0.156127E+001  0.586752E-006  0.835180E-007  0.835180E-007  0.127210E-007
  0.168015E+001  0.156568E+001  0.582897E-006  0.815317E-007  0.815317E-007  0.122223E-007
  0.168253E+001  0.157008E+001  0.577263E-006  0.793396E-007  0.793396E-007  0.117078E-007
  0.168491E+001  0.157447E+001  0.574299E-006  0.775685E-007  0.775685E-007  0.112661E-007
  0.168731E+001  0.157886E+001  0.570697E-006  0.757420E-007  0.757420E-007  0.108277E-007
  0.168973E+001  0.158324E+001  0.565312E-006  0.737115E-007  0.737115E-007  0.103728E-007
  0.169215E+001  0.158761E+001  0.562364E-006  0.720428E-007  0.720428E-007  0.997756E-008
  0.169459E+001  0.159197E+001  0.557595E-006  0.701655E-007  0.701655E-007  0.956452E-008
  0.169705E+001  0.159633E+001  0.552185E-006  0.682371E-007  0.682371E-007  0.915466E-008
  0.169951E+001  0.160068E+001  0.548980E-006  0.666186E-007  0.666186E-007  0.879387E-008
  0.170199E+001  0.160503E+001  0.545045E-006  0.649304E-007  0.649304E-007  0.843246E-008
  0.170448E+001  0.160936E+001  0.540118E-006  0.631498E-007  0.631498E-007  0.806860E-008
  0.170698E+001  0.161369E+001  0.536339E-006  0.615298E-007  0.615298E-007  0.773222E-008
  0.170949E+001  0.161801E+001  0.532555E-006  0.599304E-007  0.599304E-007  0.740603E-008
  0.171201E+001  0.162233E+001  0.529779E-006  0.584632E-007  0.584632E-007  0.710228E-008
  0.171455E+001  0.162664E+001  0.525083E-006  0.567964E-007  0.567964E-007  0.678287E-008
  0.171710E+001  0.163094E+001  0.520275E-006  0.551398E-007  0.551398E-007  0.647221E-008
  0.171965E+001  0.163524E+001  0.518078E-006  0.537832E-007  0.537832E-007  0.620130E-008
  0.172222E+001  0.163953E+001  0.513890E-006  0.522275E-007  0.522275E-007  0.591536E-008
  0.172480E+001  0.164381E+001  0.509438E-006  0.506630E-007  0.506630E-007  0.563548E-008
  0.172739E+001  0.164809E+001  0.505683E-006  0.491856E-007  0.491856E-007  0.537115E-008
  0.172999E+001  0.165236E+001  0.501568E-006  0.476885E-007  0.476885E-007  0.511143E-008
  0.173260E+001  0.165663E+001  0.498039E-006  0.462629E-007  0.462629E-007  0.486504E-008
  0.173522E+001  0.166088E+001  0.493093E-006  0.447205E-007  0.447205E-007  0.461407E-008
  0.173785E+001  0.166514E+001  0.489614E-006  0.433288E-007  0.433288E-007  0.438348E-008
  0.174049E+001  0.166938E+001  0.484662E-006  0.418213E-007  0.418213E-007  0.414873E-008
  0.174313E+001  0.167363E+001  0.482587E-006  0.405818E-007  0.405818E-007  0.394399E-008
  0.174579E+001  0.167786E+001  0.477447E-006  0.390905E-007  0.390905E-007  0.372317E-008
  0.174846E+001  0.168209E+001  0.472645E-006  0.376462E-007  0.376462E-007  0.351273E-008
  0.175113E+001  0.168632E+001  0.469584E-006  0.363607E-007  0.363607E-007  0.332155E-008
  0.175381E+001  0.169054E+001  0.465824E-006  0.350324E-007  0.350324E-007  0.313270E-008
  0.175650E+001  0.169475E+001  0.461353E-006  0.336651E-007  0.336651E-007  0.294676E-008
  0.175920E+001  0.169896E+001  0.457046E-006  0.323264E-007  0.323264E-007  0.276893E-008
  0.176191E+001  0.170317E+001  0.452867E-006  0.310128E-007  0.310128E-007  0.259878E-008
  0.176462E+001  0.170737E+001  0.449268E-006  0.297575E-007  0.297575E-007  0.243871E-008
  0.176734E+001  0.171156E+001  0.444859E-006  0.284626E-007  0.284626E-007  0.228159E-008
  0.177007E+001  0.171575E+001  0.440484E-006  0.271866E-007  0.271866E-007  0.213145E-008
  0.177280E+001  0.171994E+001  0.437406E-006  0.260094E-007  0.260094E-007  0.199330E-008
  0.177554E+001  0.172412E+001  0.433449E-006  0.247919E-007  0.247919E-007  0.185804E-008
  0.177829E+001  0.172830E+001  0.429435E-006  0.235861E-007  0.235861E-007  0.172891E-008
  0.178105E+001  0.173247E+001  0.424539E-006  0.223485E-007  0.223485E-007  0.160348E-008
  0.178381E+001  0.173664E+001  0.420780E-006  0.211921E-007  0.211921E-007  0.148809E-008
  0.178658E+001  0.174080E+001  0.416107E-006  0.200053E-007  0.200053E-007  0.137640E-008
  0.178935E+001  0.174496E+001  0.412486E-006  0.188896E-007  0.188896E-007  0.127368E-008
  0.179213E+001  0.174912E+001  0.408692E-006  0.177800E-007  0.177800E-007  0.117630E-008
  0.179491E+001  0.175327E+001  0.405099E-006  0.166970E-007  0.166970E-007  0.108527E-008
  0.179770E+001  0.175742E+001  0.401297E-006  0.156195E-007  0.156195E-007  0.999412E-009
  0.180050E+001  0.176156E+001  0.396539E-006  0.145211E-007  0.145211E-007  0.917675E-009
  0.180330E+001  0.176570E+001  0.392667E-006  0.134766E-007  0.134766E-007  0.843060E-009
  0.180611E+001  0.176984E+001  0.388551E-006  0.124394E-007  0.124394E-007  0.773493E-009
  0.180892E+001  0.177398E+001  0.385245E-006  0.114466E-007  0.114466E-007  0.710226E-009
  0.181174E+001  0.177811E+001  0.380955E-006  0.104390E-007  0.104390E-007  0.651091E-009
  0.181456E+001  0.178223E+001  0.376733E-006  0.945382E-008  0.945382E-008  0.597308E-009
  0.181739E+001  0.178636E+001  0.372913E-006  0.849535E-008  0.849535E-008  0.548748E-009
  0.182022E+001  0.179048E+001  0.369115E-006  0.755584E-008  0.755584E-008  0.505134E-009
  0.182306E+001  0.179460E+001  0.365009E-006  0.662592E-008  0.662592E-008  0.466065E-009
  0.182590E+001  0.179871E+001  0.360905E-006  0.571589E-008  0.571589E-008  0.431733E-009
  0.182874E+001  0.180282E+001  0.357431E-006  0.483468E-008  0.483468E-008  0.402145E-009
  0.183159E+001  0.180693E+001  0.353618E-006  0.396346E-008  0.396346E-008  0.376782E-009
  0.183444E+001  0.181104E+001  0.350387E-006  0.311635E-008  0.311635E-008  0.355797E-009
  0.183730E+001  0.181514E+001  0.346181E-006  0.227511E-008  0.227511E-008  0.338789E-009
  0.184016E+001  0.181924E+001  0.342528E-006  0.145699E-008  0.145699E-008  0.325900E-009
  0.184303E+001  0.182334E+001  0.338524E-006  0.652970E-009  0.652970E-009  0.316884E-009
  0.184590E+001  0.182744E+001  0.335032E-006  0.131441E-009  0.131441E-009  0.311700E-009
  0.184877E+001  0.183153E+001  0.331436E-006  0.898611E-009  0.898611E-009  0.310185E-009
  0.185164E+001  0.183562E+001  0.328307E-006  0.165032E-008  0.165032E-008  0.312238E-009
  0.185452E+001  0.183971E+001  0.324796E-006  0.238680E-008  0.238680E-008  0.317724E-009
  0.185741E+001  0.184379E+001  0.320356E-006  0.310040E-008  0.310040E-008  0.326461E-009
  0.186029E+001  0.184787E+001  0.317154E-006  0.380401E-008  0.380401E-008  0.338482E-009
  0.186318E+001  0.185195E+001  0.313568E-006  0.448930E-008  0.448930E-008  0.353572E-009
  0.186608E+001  0.185603E+001  0.309612E-006  0.515373E-008  0.515373E-008  0.371576E-009
  0.186897E+001  0.186011E+001  0.306799E-006  0.581749E-008  0.581749E-008  0.392705E-009
  0.187187E+001  0.186418E+001  0.303072E-006  0.645104E-008  0.645104E-008  0.416337E-009
  0.187477E+001  0.186825E+001  0.299706E-006  0.707483E-008  0.707483E-008  0.442736E-009
  0.187768E+001  0.187232E+001  0.295961E-006  0.767508E-008  0.767508E-008  0.471508E-009
  0.188058E+001  0.187639E+001  0.293258E-006  0.828369E-008  0.828369E-008  0.503312E-009
  0.188350E+001  0.188046E+001  0.289466E-006  0.885107E-008  0.885107E-008  0.536816E-009
  0.188641E+001  0.188452E+001  0.286193E-006  0.941467E-008  0.941467E-008  0.572819E-009
  0.188932E+001  0.188858E+001  0.283213E-006  0.997256E-008  0.997256E-008  0.611272E-009
  0.189224E+001  0.189264E+001  0.279848E-006  0.105040E-007  0.105040E-007  0.651420E-009
  0.189516E+001  0.189670E+001  0.276760E-006  0.110301E-007  0.110301E-007  0.693855E-009
  0.189809E+001  0.190076E+001  0.273294E-006  0.115278E-007  0.115278E-007  0.737639E-009
  0.190101E+001  0.190481E+001  0.270274E-006  0.120262E-007  0.120262E-007  0.783714E-009
  0.190394E+001  0.190887E+001  0.267316E-006  0.125150E-007  0.125150E-007  0.831765E-009
  0.190687E+001  0.191292E+001  0.264158E-006  0.129799E-007  0.129799E-007  0.880931E-009
  0.190980E+001  0.191697E+001  0.261229E-006  0.134413E-007  0.134413E-007  0.932097E-009
  0.191274E+001  0.192102E+001  0.257930E-006  0.138709E-007  0.138709E-007  0.983814E-009
  0.191567E+001  0.192506E+001  0.255016E-006  0.143041E-007  0.143041E-007  0.103765E-008
  0.191861E+001  0.192911E+001  0.252141E-006  0.147276E-007  0.147276E-007  0.109304E-008
  0.192155E+001  0.193315E+001  0.249061E-006  0.151250E-007  0.151250E-007  0.114883E-008
  0.192449E+001  0.193719E+001  0.246175E-006  0.155198E-007  0.155198E-007  0.120632E-008
  0.192744E+001  0.194124E+001  0.243317E-006  0.159046E-007  0.159046E-007  0.126512E-008
  0.193038E+001  0.194528E+001  0.240784E-006  0.162957E-007  0.162957E-007  0.132602E-008
  0.193333E+001  0.194931E+001  0.237516E-006  0.166255E-007  0.166255E-007  0.138459E-008
  0.193628E+001  0.195335E+001  0.234793E-006  0.169789E-007  0.169789E-007  0.144640E-008
  0.193923E+001  0.195739E+001  0.232224E-006  0.173308E-007  0.173308E-007  0.150975E-008
  0.194218E+001  0.196142E+001  0.229445E-006  0.176543E-007  0.176543E-007  0.157257E-008
  0.194514E+001  0.196546E+001  0.226675E-006  0.179673E-007  0.179673E-007  0.163620E-008
  0.194809E+001  0.196949E+001  0.224182E-006  0.182879E-007  0.182879E-007  0.170177E-008
  0.195105E+001  0.197352E+001  0.221347E-006  0.185698E-007  0.185698E-007  0.176574E-008
  0.195401E+001  0.197755E+001  0.218648E-006  0.188500E-007  0.188500E-007  0.183089E-008
  0.195697E+001  0.198158E+001  0.216076E-006  0.191287E-007  0.191287E-007  0.189721E-008
  0.195993E+001  0.198561E+001  0.213623E-006  0.194060E-007  0.194060E-007  0.196471E-008
  0.196289E+001  0.198964E+001  0.211282E-006  0.196822E-007  0.196822E-007  0.203341E-008
  0.196586E+001  0.199366E+001  0.208301E-006  0.198881E-007  0.198881E-007  0.209685E-008
  0.196882E+001  0.199769E+001  0.206174E-006  0.201616E-007  0.201616E-007  0.216771E-008
  0.197179E+001  0.200172E+001  0.203720E-006  0.203941E-007  0.203941E-007  0.223591E-008
  0.197476E+001  0.200574E+001  0.201068E-006  0.205949E-007  0.205949E-007  0.230195E-008
  0.197773E+001  0.200976E+001  0.198517E-006  0.207939E-007  0.207939E-007  0.236877E-008
  0.198070E+001  0.201379E+001  0.196350E-006  0.210218E-007  0.210218E-007  0.243961E-008
  0.198367E+001  0.201781E+001  0.193980E-006  0.212176E-007  0.212176E-007  0.250802E-008
  0.198664E+001  0.202183E+001  0.191695E-006  0.214118E-007  0.214118E-007  0.257717E-008
  0.198961E+001  0.202585E+001  0.189489E-006  0.216042E-007  0.216042E-007  0.264706E-008
  0.199259E+001  0.202987E+001  0.186986E-006  0.217535E-007  0.217535E-007  0.271300E-008
  0.199556E+001  0.203389E+001  0.184929E-006  0.219424E-007  0.219424E-007  0.278419E-008
  0.199854E+001  0.203791E+001  0.182579E-006  0.220878E-007  0.220878E-007  0.285119E-008
  0.200151E+001  0.204192E+001  0.180397E-006  0.222416E-007  0.222416E-007  0.291977E-008
  0.200449E+001  0.204594E+001  0.178184E-006  0.223829E-007  0.223829E-007  0.298768E-008
  0.200747E+001  0.204996E+001  0.176036E-006  0.225221E-007  0.225221E-007  0.305600E-008
  0.201044E+001  0.205397E+001  0.174039E-006  0.226697E-007  0.226697E-007  0.312593E-008
  0.201342E+001  0.205799E+001  0.172004E-006  0.228044E-007  0.228044E-007  0.319505E-008
  0.201640E+001  0.206200E+001  0.169787E-006  0.229052E-007  0.229052E-007  0.326024E-008
  0.201938E+001  0.206602E+001  0.167858E-006  0.230352E-007  0.230352E-007  0.332994E-008
  0.202236E+001  0.207003E+001  0.165746E-006  0.231310E-007  0.231310E-007  0.339552E-008
  0.202534E+001  0.207405E+001  0.163910E-006  0.232560E-007  0.232560E-007  0.346571E-008
  0.202833E+001  0.207806E+001  0.161590E-006  0.233042E-007  0.233042E-007  0.352564E-008
  0.203131E+001  0.208207E+001  0.159622E-006  0.233920E-007  0.233920E-007  0.359146E-008
  0.203429E+001  0.208609E+001  0.157909E-006  0.235085E-007  0.235085E-007  0.366200E-008
  0.203727E+001  0.209010E+001  0.156018E-006  0.235905E-007  0.235905E-007  0.372791E-008
  0.204026E+001  0.209411E+001  0.153881E-006  0.236273E-007  0.236273E-007  0.378750E-008
  0.204324E+001  0.209813E+001  0.152268E-006  0.237347E-007  0.237347E-007  0.385810E-008
  0.204622E+001  0.210214E+001  0.150481E-006  0.238072E-007  0.238072E-007  0.392377E-008
  0.204921E+001  0.210615E+001  0.148456E-006  0.238345E-007  0.238345E-007  0.398273E-008
  0.205219E+001  0.211016E+001  0.146732E-006  0.239004E-007  0.239004E-007  0.404798E-008
  0.205518E+001  0.211417E+001  0.144774E-006  0.239210E-007  0.239210E-007  0.410630E-008
  0.205816E+001  0.211818E+001  0.143105E-006  0.239798E-007  0.239798E-007  0.417099E-008
  0.206115E+001  0.212220E+001  0.141390E-006  0.240244E-007  0.240244E-007  0.423377E-008
  0.206413E+001  0.212621E+001  0.139765E-006  0.240757E-007  0.240757E-007  0.429779E-008
  0.206712E+001  0.213022E+001  0.137918E-006  0.240817E-007  0.240817E-007  0.435441E-008
  0.207010E+001  0.213423E+001  0.136335E-006  0.241252E-007  0.241252E-007  0.441754E-008
  0.207309E+001  0.213824E+001  0.134535E-006  0.241235E-007  0.241235E-007  0.447305E-008
  0.207607E+001  0.214225E+001  0.132990E-006  0.241588E-007  0.241588E-007  0.453513E-008
  0.207906E+001  0.214626E+001  0.131232E-006  0.241491E-007  0.241491E-007  0.458937E-008
  0.208204E+001  0.215027E+001  0.129718E-006  0.241759E-007  0.241759E-007  0.465023E-008
  0.208503E+001  0.215428E+001  0.127997E-006  0.241578E-007  0.241578E-007  0.470302E-008
  0.208801E+001  0.215830E+001  0.126668E-006  0.242056E-007  0.242056E-007  0.476820E-008
  0.209100E+001  0.216231E+001  0.124978E-006  0.241788E-007  0.241788E-007  0.481943E-008
  0.209398E+001  0.216632E+001  0.123514E-006  0.241874E-007  0.241874E-007  0.487737E-008
  0.209697E+001  0.217033E+001  0.121855E-006  0.241517E-007  0.241517E-007  0.492682E-008
  0.209995E+001  0.217434E+001  0.120412E-006  0.241509E-007  0.241509E-007  0.498301E-008
  0.210293E+001  0.217835E+001  0.118977E-006  0.241453E-007  0.241453E-007  0.503829E-008
  0.210592E+001  0.218237E+001  0.117496E-006  0.241246E-007  0.241246E-007  0.509073E-008
  0.210890E+001  0.218638E+001  0.116076E-006  0.241091E-007  0.241091E-007  0.514404E-008
  0.211188E+001  0.219039E+001  0.114663E-006  0.240885E-007  0.240885E-007  0.519629E-008
  0.211487E+001  0.219441E+001  0.113204E-006  0.240528E-007  0.240528E-007  0.524553E-008
  0.211785E+001  0.219842E+001  0.111804E-006  0.240220E-007  0.240220E-007  0.529555E-008
  0.212083E+001  0.220243E+001  0.110408E-006  0.239860E-007  0.239860E-007  0.534438E-008
  0.212381E+001  0.220645E+001  0.109144E-006  0.239728E-007  0.239728E-007  0.539814E-008
  0.212679E+001  0.221046E+001  0.107756E-006  0.239261E-007  0.239261E-007  0.544452E-008
  0.212977E+001  0.221448E+001  0.106495E-006  0.239018E-007  0.239018E-007  0.549578E-008
  0.213275E+001  0.221849E+001  0.105113E-006  0.238444E-007  0.238444E-007  0.553952E-008
  0.213573E+001  0.222251E+001  0.103854E-006  0.238089E-007  0.238089E-007  0.558812E-008
  0.213871E+001  0.222652E+001  0.102478E-006  0.237406E-007  0.237406E-007  0.562905E-008
  0.214169E+001  0.223054E+001  0.101221E-006  0.236939E-007  0.236939E-007  0.567480E-008
  0.214467E+001  0.223455E+001  0.998508E-007  0.236148E-007  0.236148E-007  0.571278E-008
  0.214764E+001  0.223857E+001  0.987486E-007  0.235927E-007  0.235927E-007  0.576392E-008
  0.215062E+001  0.224259E+001  0.974898E-007  0.235287E-007  0.235287E-007  0.580514E-008
  0.215359E+001  0.224661E+001  0.963797E-007  0.234945E-007  0.234945E-007  0.585324E-008
  0.215657E+001  0.225063E+001  0.951181E-007  0.234188E-007  0.234188E-007  0.589125E-008
  0.215954E+001  0.225465E+001  0.940004E-007  0.233723E-007  0.233723E-007  0.593611E-008
  0.216252E+001  0.225867E+001  0.927364E-007  0.232849E-007  0.232849E-007  0.597076E-008
  0.216549E+001  0.226269E+001  0.916118E-007  0.232263E-007  0.232263E-007  0.601223E-008
  0.216846E+001  0.226671E+001  0.904828E-007  0.231616E-007  0.231616E-007  0.605195E-008
  0.217143E+001  0.227073E+001  0.893498E-007  0.230907E-007  0.230907E-007  0.608989E-008
  0.217440E+001  0.227475E+001  0.882129E-007  0.230137E-007  0.230137E-007  0.612602E-008
  0.217737E+001  0.227877E+001  0.870725E-007  0.229306E-007  0.229306E-007  0.616029E-008
  0.218034E+001  0.228280E+001  0.860203E-007  0.228658E-007  0.228658E-007  0.619914E-008
  0.218331E+001  0.228682E+001  0.848719E-007  0.227704E-007  0.227704E-007  0.622961E-008
  0.218627E+001  0.229085E+001  0.839327E-007  0.227258E-007  0.227258E-007  0.627329E-008
  0.218924E+001  0.229487E+001  0.827755E-007  0.226180E-007  0.226180E-007  0.629982E-008
  0.219220E+001  0.229890E+001  0.818209E-007  0.225602E-007  0.225602E-007  0.633954E-008
  0.219516E+001  0.230293E+001  0.808575E-007  0.224957E-007  0.224957E-007  0.637724E-008
  0.219813E+001  0.230696E+001  0.797702E-007  0.223927E-007  0.223927E-007  0.640414E-008
  0.220109E+001  0.231098E+001  0.787115E-007  0.222922E-007  0.222922E-007  0.643117E-008
  0.220405E+001  0.231501E+001  0.777276E-007  0.222082E-007  0.222082E-007  0.646258E-008
  0.220701E+001  0.231904E+001  0.767367E-007  0.221177E-007  0.221177E-007  0.649184E-008
  0.220996E+001  0.232308E+001  0.759240E-007  0.220739E-007  0.220739E-007  0.653420E-008
  0.221292E+001  0.232711E+001  0.749170E-007  0.219702E-007  0.219702E-007  0.655906E-008
  0.221588E+001  0.233114E+001  0.739044E-007  0.218601E-007  0.218601E-007  0.658169E-008
  0.221883E+001  0.233518E+001  0.730621E-007  0.217956E-007  0.217956E-007  0.661734E-008
  0.222178E+001  0.233921E+001  0.721373E-007  0.217026E-007  0.217026E-007  0.664419E-008
  0.222474E+001  0.234325E+001  0.711759E-007  0.215947E-007  0.215947E-007  0.666643E-008
  0.222769E+001  0.234728E+001  0.702366E-007  0.214886E-007  0.214886E-007  0.668863E-008
  0.223063E+001  0.235132E+001  0.694544E-007  0.214262E-007  0.214262E-007  0.672373E-008
  0.223358E+001  0.235536E+001  0.685659E-007  0.213277E-007  0.213277E-007  0.674764E-008
  0.223653E+001  0.235940E+001  0.676694E-007  0.212226E-007  0.212226E-007  0.676913E-008
  0.223947E+001  0.236344E+001  0.668566E-007  0.211393E-007  0.211393E-007  0.679695E-008
  0.224242E+001  0.236748E+001  0.659439E-007  0.210210E-007  0.210210E-007  0.681353E-008
  0.224536E+001  0.237152E+001  0.651130E-007  0.209242E-007  0.209242E-007  0.683639E-008
  0.224830E+001  0.237557E+001  0.643343E-007  0.208405E-007  0.208405E-007  0.686317E-008
  0.225124E+001  0.237961E+001  0.634849E-007  0.207302E-007  0.207302E-007  0.688097E-008
  0.225418E+001  0.238366E+001  0.626868E-007  0.206328E-007  0.206328E-007  0.690263E-008
  0.225712E+001  0.238770E+001  0.618214E-007  0.205094E-007  0.205094E-007  0.691531E-008
  0.226005E+001  0.239175E+001  0.610872E-007  0.204254E-007  0.204254E-007  0.694051E-008
  0.226298E+001  0.239580E+001  0.603422E-007  0.203343E-007  0.203343E-007  0.696308E-008
  0.226592E+001  0.239985E+001  0.595084E-007  0.202101E-007  0.202101E-007  0.697427E-008
  0.226885E+001  0.240390E+001  0.587447E-007  0.201056E-007  0.201056E-007  0.699152E-008
  0.227177E+001  0.240796E+001  0.581008E-007  0.200383E-007  0.200383E-007  0.702109E-008
  0.227470E+001  0.241201E+001  0.573173E-007  0.199201E-007  0.199201E-007  0.703292E-008
  0.227763E+001  0.241606E+001  0.565260E-007  0.197954E-007  0.197954E-007  0.704205E-008
  0.228055E+001  0.242012E+001  0.558496E-007  0.197072E-007  0.197072E-007  0.706338E-008
  0.228347E+001  0.242418E+001  0.551623E-007  0.196119E-007  0.196119E-007  0.708192E-008
  0.228639E+001  0.242824E+001  0.544647E-007  0.195097E-007  0.195097E-007  0.709766E-008
  0.228931E+001  0.243230E+001  0.537574E-007  0.194008E-007  0.194008E-007  0.711060E-008
  0.229223E+001  0.243636E+001  0.530411E-007  0.192852E-007  0.192852E-007  0.712071E-008
  0.229514E+001  0.244042E+001  0.523825E-007  0.191870E-007  0.191870E-007  0.713658E-008
  0.229806E+001  0.244448E+001  0.516487E-007  0.190584E-007  0.190584E-007  0.714103E-008
  0.230097E+001  0.244855E+001  0.510159E-007  0.189634E-007  0.189634E-007  0.715733E-008
  0.230388E+001  0.245261E+001  0.503292E-007  0.188452E-007  0.188452E-007  0.716460E-008
  0.230678E+001  0.245668E+001  0.497389E-007  0.187598E-007  0.187598E-007  0.718359E-008
  0.230969E+001  0.246075E+001  0.490764E-007  0.186445E-007  0.186445E-007  0.719115E-008
  0.231259E+001  0.246482E+001  0.484652E-007  0.185453E-007  0.185453E-007  0.720425E-008
  0.231549E+001  0.246889E+001  0.478440E-007  0.184394E-007  0.184394E-007  0.721440E-008
  0.231839E+001  0.247297E+001  0.472532E-007  0.183423E-007  0.183423E-007  0.722760E-008
  0.232129E+001  0.247704E+001  0.466130E-007  0.182231E-007  0.182231E-007  0.723179E-008
  0.232419E+001  0.248112E+001  0.460031E-007  0.181127E-007  0.181127E-007  0.723900E-008
  0.232708E+001  0.248519E+001  0.454016E-007  0.180024E-007  0.180024E-007  0.724562E-008
  0.232997E+001  0.248927E+001  0.448282E-007  0.179004E-007  0.179004E-007  0.725518E-008
  0.233286E+001  0.249335E+001  0.442452E-007  0.177918E-007  0.177918E-007  0.726169E-008
  0.233575E+001  0.249744E+001  0.436889E-007  0.176912E-007  0.176912E-007  0.727104E-008
  0.233864E+001  0.250152E+001  0.430878E-007  0.175696E-007  0.175696E-007  0.727146E-008
  0.234152E+001  0.250560E+001  0.425295E-007  0.174624E-007  0.174624E-007  0.727710E-008
  0.234440E+001  0.250969E+001  0.419962E-007  0.173627E-007  0.173627E-007  0.728548E-008
  0.234728E+001  0.251378E+001  0.414532E-007  0.172565E-007  0.172565E-007  0.729076E-008
  0.235016E+001  0.251787E+001  0.409012E-007  0.171438E-007  0.171438E-007  0.729294E-008
  0.235303E+001  0.252196E+001  0.403883E-007  0.170446E-007  0.170446E-007  0.730017E-008
  0.235591E+001  0.252605E+001  0.398193E-007  0.169193E-007  0.169193E-007  0.729615E-008
  0.235878E+001  0.253014E+001  0.392889E-007  0.168074E-007  0.168074E-007  0.729716E-008
  0.236164E+001  0.253424E+001  0.388256E-007  0.167216E-007  0.167216E-007  0.730879E-008
  0.236451E+001  0.253834E+001  0.383076E-007  0.166101E-007  0.166101E-007  0.730917E-008
  0.236737E+001  0.254244E+001  0.378251E-007  0.165111E-007  0.165111E-007  0.731443E-008
  0.237023E+001  0.254654E+001  0.373335E-007  0.164058E-007  0.164058E-007  0.731652E-008
  0.237309E+001  0.255064E+001  0.368334E-007  0.162943E-007  0.162943E-007  0.731544E-008
  0.237595E+001  0.255474E+001  0.363253E-007  0.161767E-007  0.161767E-007  0.731121E-008
  0.237880E+001  0.255885E+001  0.358778E-007  0.160834E-007  0.160834E-007  0.731726E-008
  0.238166E+001  0.256296E+001  0.353809E-007  0.159660E-007  0.159660E-007  0.731219E-008
  0.238450E+001  0.256706E+001  0.349293E-007  0.158660E-007  0.158660E-007  0.731424E-008
  0.238735E+001  0.257117E+001  0.344563E-007  0.157542E-007  0.157542E-007  0.731069E-008
  0.239020E+001  0.257529E+001  0.340009E-007  0.156482E-007  0.156482E-007  0.730935E-008
  0.239304E+001  0.257940E+001  0.335503E-007  0.155418E-007  0.155418E-007  0.730721E-008
  0.239588E+001  0.258352E+001  0.331163E-007  0.154408E-007  0.154408E-007  0.730721E-008
  0.239871E+001  0.258763E+001  0.326865E-007  0.153393E-007  0.153393E-007  0.730639E-008
  0.240155E+001  0.259175E+001  0.322365E-007  0.152265E-007  0.152265E-007  0.729995E-008
  0.240438E+001  0.259587E+001  0.318146E-007  0.151243E-007  0.151243E-007  0.729798E-008
  0.240721E+001  0.260000E+001  0.314076E-007  0.150272E-007  0.150272E-007  0.729801E-008
  0.241004E+001  0.260412E+001  0.309703E-007  0.149133E-007  0.149133E-007  0.728959E-008
  0.241286E+001  0.260825E+001  0.305815E-007  0.148204E-007  0.148204E-007  0.729072E-008
  0.241568E+001  0.261237E+001  0.301632E-007  0.147111E-007  0.147111E-007  0.728345E-008
  0.241850E+001  0.261650E+001  0.297590E-007  0.146066E-007  0.146066E-007  0.727810E-008
  0.242132E+001  0.262064E+001  0.293684E-007  0.145068E-007  0.145068E-007  0.727461E-008
  0.242413E+001  0.262477E+001  0.289813E-007  0.144063E-007  0.144063E-007  0.727026E-008
  0.242694E+001  0.262890E+001  0.285871E-007  0.143002E-007  0.143002E-007  0.726268E-008
  0.242975E+001  0.263304E+001  0.282057E-007  0.141986E-007  0.141986E-007  0.725689E-008
  0.243255E+001  0.263718E+001  0.278471E-007  0.141062E-007  0.141062E-007  0.725523E-008
  0.243535E+001  0.264132E+001  0.274810E-007  0.140082E-007  0.140082E-007  0.725031E-008
  0.243815E+001  0.264546E+001  0.271079E-007  0.139047E-007  0.139047E-007  0.724214E-008
  0.244095E+001  0.264961E+001  0.267466E-007  0.138052E-007  0.138052E-007  0.723564E-008
  0.244374E+001  0.265376E+001  0.264063E-007  0.137145E-007  0.137145E-007  0.723315E-008
  0.244654E+001  0.265790E+001  0.260141E-007  0.135950E-007  0.135950E-007  0.721535E-008
  0.244932E+001  0.266205E+001  0.256875E-007  0.135075E-007  0.135075E-007  0.721358E-008
  0.245211E+001  0.266621E+001  0.253443E-007  0.134098E-007  0.134098E-007  0.720617E-008
  0.245489E+001  0.267036E+001  0.250042E-007  0.133115E-007  0.133115E-007  0.719789E-008
  0.245767E+001  0.267452E+001  0.246740E-007  0.132168E-007  0.132168E-007  0.719111E-008
  0.246045E+001  0.267868E+001  0.243375E-007  0.131168E-007  0.131168E-007  0.718110E-008
  0.246322E+001  0.268284E+001  0.240197E-007  0.130250E-007  0.130250E-007  0.717491E-008
  0.246599E+001  0.268700E+001  0.236955E-007  0.129279E-007  0.129279E-007  0.716549E-008
  0.246876E+001  0.269116E+001  0.233655E-007  0.128258E-007  0.128258E-007  0.715287E-008
  0.247153E+001  0.269533E+001  0.230448E-007  0.127271E-007  0.127271E-007  0.714166E-008
  0.247429E+001  0.269950E+001  0.227415E-007  0.126361E-007  0.126361E-007  0.713416E-008
  0.247705E+001  0.270367E+001  0.224323E-007  0.125401E-007  0.125401E-007  0.712345E-008
  0.247980E+001  0.270784E+001  0.221398E-007  0.124515E-007  0.124515E-007  0.711639E-008
  0.248255E+001  0.271201E+001  0.218413E-007  0.123580E-007  0.123580E-007  0.710612E-008
  0.248530E+001  0.271619E+001  0.215509E-007  0.122674E-007  0.122674E-007  0.709712E-008
  0.248805E+001  0.272037E+001  0.212549E-007  0.121719E-007  0.121719E-007  0.708492E-008
  0.249079E+001  0.272455E+001  0.209745E-007  0.120836E-007  0.120836E-007  0.707628E-008
  0.249354E+001  0.272873E+001  0.206680E-007  0.119787E-007  0.119787E-007  0.705778E-008
  0.249627E+001  0.273291E+001  0.203974E-007  0.118927E-007  0.118927E-007  0.704949E-008
  0.249901E+001  0.273710E+001  0.201139E-007  0.117977E-007  0.117977E-007  0.703571E-008
  0.250174E+001  0.274129E+001  0.198450E-007  0.117095E-007  0.117095E-007  0.702540E-008
