  0.162568E+001  0.389636E-001  0.113202E-002  0.417410E-002  0.417410E-002  0.153913E-001
  0.162568E+001  0.389636E-001  0.113202E-002  0.417410E-002  0.417410E-002  0.153913E-001
  0.162652E+001  0.438930E-001  0.123030E-002  0.410221E-002  0.410221E-002  0.136781E-001
  0.162742E+001  0.488103E-001  0.141841E-002  0.434070E-002  0.434070E-002  0.132837E-001
  0.162839E+001  0.537160E-001  0.143690E-002  0.407866E-002  0.407866E-002  0.115774E-001
  0.162941E+001  0.586106E-001  0.154376E-002  0.410402E-002  0.410402E-002  0.109103E-001
  0.163048E+001  0.634946E-001  0.164179E-002  0.411920E-002  0.411920E-002  0.103350E-001
  0.163160E+001  0.683686E-001  0.169438E-002  0.403723E-002  0.403723E-002  0.961960E-002
  0.163275E+001  0.732333E-001  0.180016E-002  0.409770E-002  0.409770E-002  0.932761E-002
  0.163395E+001  0.780893E-001  0.189605E-002  0.414062E-002  0.414062E-002  0.904237E-002
  0.163517E+001  0.829372E-001  0.188544E-002  0.396796E-002  0.396796E-002  0.835070E-002
  0.163642E+001  0.877774E-001  0.196716E-002  0.400358E-002  0.400358E-002  0.814814E-002
  0.163770E+001  0.926106E-001  0.203498E-002  0.401719E-002  0.401719E-002  0.793021E-002
  0.163901E+001  0.974371E-001  0.203672E-002  0.390997E-002  0.390997E-002  0.750612E-002
  0.164034E+001  0.102257E+000  0.209474E-002  0.392027E-002  0.392027E-002  0.733672E-002
  0.164169E+001  0.107072E+000  0.214792E-002  0.392711E-002  0.392711E-002  0.718009E-002
  0.164305E+001  0.111881E+000  0.221087E-002  0.395702E-002  0.395702E-002  0.708228E-002
  0.164444E+001  0.116685E+000  0.218441E-002  0.383297E-002  0.383297E-002  0.672567E-002
  0.164584E+001  0.121485E+000  0.223825E-002  0.385655E-002  0.385655E-002  0.664493E-002
  0.164726E+001  0.126279E+000  0.223982E-002  0.379453E-002  0.379453E-002  0.642841E-002
  0.164869E+001  0.131070E+000  0.228445E-002  0.381009E-002  0.381009E-002  0.635461E-002
  0.165014E+001  0.135856E+000  0.228961E-002  0.376337E-002  0.376337E-002  0.618575E-002
  0.165160E+001  0.140639E+000  0.232778E-002  0.377459E-002  0.377459E-002  0.612065E-002
  0.165307E+001  0.145418E+000  0.234118E-002  0.374870E-002  0.374870E-002  0.600243E-002
  0.165455E+001  0.150193E+000  0.234098E-002  0.370452E-002  0.370452E-002  0.586226E-002
  0.165604E+001  0.154966E+000  0.234980E-002  0.367778E-002  0.367778E-002  0.575626E-002
  0.165754E+001  0.159735E+000  0.238492E-002  0.369451E-002  0.369451E-002  0.572319E-002
  0.165906E+001  0.164500E+000  0.242947E-002  0.372712E-002  0.372712E-002  0.571787E-002
  0.166058E+001  0.169263E+000  0.241029E-002  0.366434E-002  0.366434E-002  0.557086E-002
  0.166211E+001  0.174023E+000  0.241564E-002  0.364133E-002  0.364133E-002  0.548892E-002
  0.166365E+001  0.178781E+000  0.244459E-002  0.365554E-002  0.365554E-002  0.546635E-002
  0.166519E+001  0.183536E+000  0.240792E-002  0.357379E-002  0.357379E-002  0.530415E-002
  0.166675E+001  0.188288E+000  0.242735E-002  0.357705E-002  0.357705E-002  0.527130E-002
  0.166831E+001  0.193038E+000  0.240780E-002  0.352462E-002  0.352462E-002  0.515946E-002
  0.166988E+001  0.197785E+000  0.241453E-002  0.351223E-002  0.351223E-002  0.510896E-002
  0.167145E+001  0.202530E+000  0.245483E-002  0.354973E-002  0.354973E-002  0.513297E-002
  0.167304E+001  0.207273E+000  0.241809E-002  0.347690E-002  0.347690E-002  0.499934E-002
  0.167463E+001  0.212013E+000  0.242105E-002  0.346270E-002  0.346270E-002  0.495252E-002
  0.167622E+001  0.216751E+000  0.243583E-002  0.346645E-002  0.346645E-002  0.493313E-002
  0.167783E+001  0.221488E+000  0.243402E-002  0.344737E-002  0.344737E-002  0.488261E-002
  0.167943E+001  0.226222E+000  0.245012E-002  0.345468E-002  0.345468E-002  0.487112E-002
  0.168105E+001  0.230954E+000  0.240228E-002  0.337280E-002  0.337280E-002  0.473539E-002
  0.168267E+001  0.235684E+000  0.239887E-002  0.335446E-002  0.335446E-002  0.469071E-002
  0.168429E+001  0.240413E+000  0.243971E-002  0.339862E-002  0.339862E-002  0.473442E-002
  0.168593E+001  0.245139E+000  0.242546E-002  0.336651E-002  0.336651E-002  0.467267E-002
  0.168756E+001  0.249864E+000  0.239254E-002  0.330951E-002  0.330951E-002  0.457792E-002
  0.168920E+001  0.254587E+000  0.240656E-002  0.331812E-002  0.331812E-002  0.457497E-002
  0.169085E+001  0.259308E+000  0.237189E-002  0.326026E-002  0.326026E-002  0.448136E-002
  0.169250E+001  0.264027E+000  0.237247E-002  0.325157E-002  0.325157E-002  0.445642E-002
  0.169416E+001  0.268745E+000  0.236269E-002  0.322922E-002  0.322922E-002  0.441356E-002
  0.169582E+001  0.273461E+000  0.235166E-002  0.320575E-002  0.320575E-002  0.437005E-002
  0.169749E+001  0.278175E+000  0.238243E-002  0.323963E-002  0.323963E-002  0.440527E-002
  0.169916E+001  0.282888E+000  0.236570E-002  0.320935E-002  0.320935E-002  0.435385E-002
  0.170083E+001  0.287599E+000  0.233025E-002  0.315426E-002  0.315426E-002  0.426964E-002
  0.170251E+001  0.292308E+000  0.232045E-002  0.313437E-002  0.313437E-002  0.423379E-002
  0.170419E+001  0.297016E+000  0.233614E-002  0.314929E-002  0.314929E-002  0.424548E-002
  0.170588E+001  0.301723E+000  0.230816E-002  0.310571E-002  0.310571E-002  0.417883E-002
  0.170757E+001  0.306428E+000  0.231788E-002  0.311322E-002  0.311322E-002  0.418148E-002
  0.170927E+001  0.311132E+000  0.228520E-002  0.306415E-002  0.306415E-002  0.410862E-002
  0.171097E+001  0.315834E+000  0.227583E-002  0.304672E-002  0.304672E-002  0.407874E-002
  0.171267E+001  0.320534E+000  0.228865E-002  0.305930E-002  0.305930E-002  0.408943E-002
  0.171438E+001  0.325234E+000  0.226135E-002  0.301851E-002  0.301851E-002  0.402918E-002
  0.171609E+001  0.329932E+000  0.226568E-002  0.302024E-002  0.302024E-002  0.402610E-002
  0.171781E+001  0.334628E+000  0.224020E-002  0.298251E-002  0.298251E-002  0.397077E-002
  0.171953E+001  0.339323E+000  0.223715E-002  0.297490E-002  0.297490E-002  0.395595E-002
  0.172125E+001  0.344017E+000  0.221581E-002  0.294324E-002  0.294324E-002  0.390949E-002
  0.172298E+001  0.348710E+000  0.222694E-002  0.295492E-002  0.295492E-002  0.392089E-002
  0.172471E+001  0.353401E+000  0.222257E-002  0.294623E-002  0.294623E-002  0.390551E-002
  0.172644E+001  0.358091E+000  0.218586E-002  0.289491E-002  0.289491E-002  0.383396E-002
  0.172818E+001  0.362780E+000  0.220841E-002  0.292225E-002  0.292225E-002  0.386684E-002
  0.172991E+001  0.367468E+000  0.220349E-002  0.291342E-002  0.291342E-002  0.385208E-002
  0.173166E+001  0.372154E+000  0.215775E-002  0.285080E-002  0.285080E-002  0.376646E-002
  0.173340E+001  0.376839E+000  0.216261E-002  0.285525E-002  0.285525E-002  0.376973E-002
  0.173515E+001  0.381523E+000  0.214230E-002  0.282662E-002  0.282662E-002  0.372952E-002
  0.173691E+001  0.386206E+000  0.214963E-002  0.283460E-002  0.283460E-002  0.373782E-002
  0.173866E+001  0.390888E+000  0.210583E-002  0.277533E-002  0.277533E-002  0.365767E-002
  0.174042E+001  0.395569E+000  0.209466E-002  0.275922E-002  0.275922E-002  0.363462E-002
  0.174218E+001  0.400248E+000  0.208173E-002  0.274092E-002  0.274092E-002  0.360885E-002
  0.174394E+001  0.404927E+000  0.209576E-002  0.275825E-002  0.275825E-002  0.363016E-002
  0.174571E+001  0.409604E+000  0.205902E-002  0.270887E-002  0.270887E-002  0.356383E-002
  0.174748E+001  0.414280E+000  0.204621E-002  0.269110E-002  0.269110E-002  0.353925E-002
  0.174925E+001  0.418956E+000  0.204392E-002  0.268728E-002  0.268728E-002  0.353316E-002
  0.175103E+001  0.423630E+000  0.203221E-002  0.267117E-002  0.267117E-002  0.351104E-002
  0.175280E+001  0.428304E+000  0.204499E-002  0.268734E-002  0.268734E-002  0.353148E-002
  0.175458E+001  0.432976E+000  0.202962E-002  0.266662E-002  0.266662E-002  0.350355E-002
  0.175637E+001  0.437648E+000  0.199480E-002  0.262043E-002  0.262043E-002  0.344227E-002
  0.175815E+001  0.442318E+000  0.197899E-002  0.259931E-002  0.259931E-002  0.341406E-002
  0.175994E+001  0.446988E+000  0.196140E-002  0.257592E-002  0.257592E-002  0.338298E-002
  0.176173E+001  0.451657E+000  0.194971E-002  0.256036E-002  0.256036E-002  0.336227E-002
  0.176352E+001  0.456325E+000  0.193726E-002  0.254388E-002  0.254388E-002  0.334045E-002
  0.176531E+001  0.460992E+000  0.195618E-002  0.256865E-002  0.256865E-002  0.337288E-002
  0.176711E+001  0.465658E+000  0.191262E-002  0.251145E-002  0.251145E-002  0.329777E-002
  0.176891E+001  0.470323E+000  0.189922E-002  0.249390E-002  0.249390E-002  0.327480E-002
  0.177071E+001  0.474988E+000  0.188595E-002  0.247659E-002  0.247659E-002  0.325220E-002
  0.177251E+001  0.479652E+000  0.187959E-002  0.246840E-002  0.246840E-002  0.324166E-002
  0.177432E+001  0.484315E+000  0.187529E-002  0.246296E-002  0.246296E-002  0.323480E-002
  0.177612E+001  0.488977E+000  0.185669E-002  0.243880E-002  0.243880E-002  0.320341E-002
  0.177793E+001  0.493639E+000  0.183607E-002  0.241202E-002  0.241202E-002  0.316863E-002
  0.177974E+001  0.498300E+000  0.182308E-002  0.239531E-002  0.239531E-002  0.314714E-002
  0.178155E+001  0.502960E+000  0.181627E-002  0.238674E-002  0.238674E-002  0.313640E-002
  0.178337E+001  0.507619E+000  0.182072E-002  0.239303E-002  0.239303E-002  0.314523E-002
  0.178518E+001  0.512278E+000  0.178382E-002  0.234499E-002  0.234499E-002  0.308270E-002
  0.178700E+001  0.516937E+000  0.177903E-002  0.233919E-002  0.233919E-002  0.307573E-002
  0.178882E+001  0.521595E+000  0.178124E-002  0.234262E-002  0.234262E-002  0.308093E-002
  0.179063E+001  0.526252E+000  0.177362E-002  0.233316E-002  0.233316E-002  0.306923E-002
  0.179246E+001  0.530908E+000  0.175213E-002  0.230548E-002  0.230548E-002  0.303359E-002
  0.179428E+001  0.535564E+000  0.172253E-002  0.226714E-002  0.226714E-002  0.298394E-002
  0.179610E+001  0.540220E+000  0.170949E-002  0.225060E-002  0.225060E-002  0.296299E-002
  0.179793E+001  0.544875E+000  0.170313E-002  0.224289E-002  0.224289E-002  0.295370E-002
  0.179975E+001  0.549530E+000  0.168992E-002  0.222616E-002  0.222616E-002  0.293255E-002
  0.180158E+001  0.554184E+000  0.166594E-002  0.219526E-002  0.219526E-002  0.289275E-002
  0.180341E+001  0.558837E+000  0.165487E-002  0.218137E-002  0.218137E-002  0.287538E-002
  0.180524E+001  0.563491E+000  0.164256E-002  0.216585E-002  0.216585E-002  0.285587E-002
  0.180707E+001  0.568144E+000  0.162773E-002  0.214703E-002  0.214703E-002  0.283201E-002
  0.180890E+001  0.572796E+000  0.161266E-002  0.212790E-002  0.212790E-002  0.280775E-002
  0.181073E+001  0.577448E+000  0.160350E-002  0.211656E-002  0.211656E-002  0.279378E-002
  0.181257E+001  0.582100E+000  0.161043E-002  0.212648E-002  0.212648E-002  0.280790E-002
  0.181440E+001  0.586752E+000  0.157324E-002  0.207814E-002  0.207814E-002  0.274508E-002
  0.181623E+001  0.591403E+000  0.157198E-002  0.207725E-002  0.207725E-002  0.274492E-002
  0.181807E+001  0.596054E+000  0.154709E-002  0.204514E-002  0.204514E-002  0.270353E-002
  0.181990E+001  0.600705E+000  0.155382E-002  0.205483E-002  0.205483E-002  0.271738E-002
  0.182174E+001  0.605355E+000  0.151921E-002  0.200985E-002  0.200985E-002  0.265894E-002
  0.182358E+001  0.610006E+000  0.150930E-002  0.199753E-002  0.199753E-002  0.264369E-002
  0.182542E+001  0.614656E+000  0.151463E-002  0.200538E-002  0.200538E-002  0.265514E-002
  0.182725E+001  0.619306E+000  0.148520E-002  0.196720E-002  0.196720E-002  0.260562E-002
  0.182909E+001  0.623956E+000  0.146489E-002  0.194109E-002  0.194109E-002  0.257209E-002
  0.183093E+001  0.628606E+000  0.145127E-002  0.192382E-002  0.192382E-002  0.255025E-002
  0.183277E+001  0.633255E+000  0.144324E-002  0.191397E-002  0.191397E-002  0.253823E-002
  0.183461E+001  0.637905E+000  0.143651E-002  0.190583E-002  0.190583E-002  0.252847E-002
  0.183645E+001  0.642555E+000  0.143109E-002  0.189942E-002  0.189942E-002  0.252101E-002
  0.183828E+001  0.647204E+000  0.140870E-002  0.187047E-002  0.187047E-002  0.248361E-002
  0.184012E+001  0.651854E+000  0.138911E-002  0.184523E-002  0.184523E-002  0.245111E-002
  0.184196E+001  0.656504E+000  0.137116E-002  0.182214E-002  0.182214E-002  0.242144E-002
  0.184380E+001  0.661153E+000  0.135464E-002  0.180093E-002  0.180093E-002  0.239426E-002
  0.184564E+001  0.665803E+000  0.134168E-002  0.178444E-002  0.178444E-002  0.237332E-002
  0.184748E+001  0.670453E+000  0.133247E-002  0.177292E-002  0.177292E-002  0.235897E-002
  0.184932E+001  0.675102E+000  0.133225E-002  0.177336E-002  0.177336E-002  0.236053E-002
  0.185115E+001  0.679752E+000  0.130753E-002  0.174117E-002  0.174117E-002  0.231863E-002
  0.185299E+001  0.684403E+000  0.128629E-002  0.171359E-002  0.171359E-002  0.228284E-002
  0.185483E+001  0.689053E+000  0.127484E-002  0.169903E-002  0.169903E-002  0.226436E-002
  0.185666E+001  0.693703E+000  0.127455E-002  0.169933E-002  0.169933E-002  0.226568E-002
  0.185850E+001  0.698354E+000  0.124452E-002  0.165996E-002  0.165996E-002  0.221409E-002
  0.186034E+001  0.703005E+000  0.123902E-002  0.165329E-002  0.165329E-002  0.220608E-002
  0.186217E+001  0.707656E+000  0.121848E-002  0.162653E-002  0.162653E-002  0.217123E-002
  0.186401E+001  0.712307E+000  0.121409E-002  0.162131E-002  0.162131E-002  0.216512E-002
  0.186584E+001  0.716959E+000  0.118841E-002  0.158765E-002  0.158765E-002  0.212100E-002
  0.186767E+001  0.721610E+000  0.118120E-002  0.157863E-002  0.157863E-002  0.210976E-002
  0.186951E+001  0.726263E+000  0.117450E-002  0.157028E-002  0.157028E-002  0.209942E-002
  0.187134E+001  0.730915E+000  0.115262E-002  0.154161E-002  0.154161E-002  0.206187E-002
  0.187317E+001  0.735568E+000  0.113549E-002  0.151927E-002  0.151927E-002  0.203276E-002
  0.187500E+001  0.740221E+000  0.112172E-002  0.150141E-002  0.150141E-002  0.200962E-002
  0.187683E+001  0.744874E+000  0.111150E-002  0.148827E-002  0.148827E-002  0.199277E-002
  0.187866E+001  0.749528E+000  0.110690E-002  0.148266E-002  0.148266E-002  0.198598E-002
  0.188048E+001  0.754182E+000  0.108252E-002  0.145053E-002  0.145053E-002  0.194365E-002
  0.188231E+001  0.758837E+000  0.106465E-002  0.142710E-002  0.142710E-002  0.191293E-002
  0.188413E+001  0.763492E+000  0.106381E-002  0.142646E-002  0.142646E-002  0.191275E-002
  0.188596E+001  0.768147E+000  0.103808E-002  0.139245E-002  0.139245E-002  0.186780E-002
  0.188778E+001  0.772803E+000  0.102541E-002  0.137593E-002  0.137593E-002  0.184626E-002
  0.188960E+001  0.777459E+000  0.101997E-002  0.136909E-002  0.136909E-002  0.183770E-002
  0.189142E+001  0.782115E+000  0.101113E-002  0.135768E-002  0.135768E-002  0.182301E-002
  0.189324E+001  0.786772E+000  0.996996E-003  0.133914E-002  0.133914E-002  0.179871E-002
  0.189506E+001  0.791430E+000  0.977895E-003  0.131391E-002  0.131391E-002  0.176539E-002
  0.189688E+001  0.796088E+000  0.956740E-003  0.128590E-002  0.128590E-002  0.172831E-002
  0.189870E+001  0.800746E+000  0.945116E-003  0.127068E-002  0.127068E-002  0.170839E-002
  0.190051E+001  0.805405E+000  0.934914E-003  0.125736E-002  0.125736E-002  0.169100E-002
  0.190233E+001  0.810064E+000  0.920389E-003  0.123820E-002  0.123820E-002  0.166576E-002
  0.190414E+001  0.814724E+000  0.902336E-003  0.121428E-002  0.121428E-002  0.163408E-002
  0.190595E+001  0.819384E+000  0.891090E-003  0.119951E-002  0.119951E-002  0.161467E-002
  0.190776E+001  0.824045E+000  0.879493E-003  0.118425E-002  0.118425E-002  0.159460E-002
  0.190957E+001  0.828706E+000  0.864634E-003  0.116458E-002  0.116458E-002  0.156857E-002
  0.191138E+001  0.833368E+000  0.850318E-003  0.114563E-002  0.114563E-002  0.154349E-002
  0.191319E+001  0.838030E+000  0.844255E-003  0.113778E-002  0.113778E-002  0.153336E-002
  0.191499E+001  0.842693E+000  0.827583E-003  0.111562E-002  0.111562E-002  0.150392E-002
  0.191680E+001  0.847356E+000  0.818447E-003  0.110362E-002  0.110362E-002  0.148815E-002
  0.191860E+001  0.852019E+000  0.799681E-003  0.107861E-002  0.107861E-002  0.145482E-002
  0.192040E+001  0.856683E+000  0.788170E-003  0.106337E-002  0.106337E-002  0.143466E-002
  0.192220E+001  0.861348E+000  0.777551E-003  0.104933E-002  0.104933E-002  0.141609E-002
  0.192400E+001  0.866013E+000  0.764205E-003  0.103159E-002  0.103159E-002  0.139253E-002
  0.192580E+001  0.870678E+000  0.750325E-003  0.101312E-002  0.101312E-002  0.136797E-002
  0.192760E+001  0.875344E+000  0.742419E-003  0.100271E-002  0.100271E-002  0.135427E-002
  0.192939E+001  0.880010E+000  0.730558E-003  0.986951E-003  0.986951E-003  0.133333E-002
  0.193119E+001  0.884677E+000  0.716892E-003  0.968742E-003  0.968742E-003  0.130907E-002
  0.193298E+001  0.889344E+000  0.703593E-003  0.951018E-003  0.951018E-003  0.128545E-002
  0.193477E+001  0.894012E+000  0.698442E-003  0.944300E-003  0.944300E-003  0.127670E-002
  0.193657E+001  0.898680E+000  0.690321E-003  0.933563E-003  0.933563E-003  0.126251E-002
  0.193836E+001  0.903349E+000  0.676924E-003  0.915683E-003  0.915683E-003  0.123866E-002
  0.194014E+001  0.908017E+000  0.666215E-003  0.901430E-003  0.901430E-003  0.121969E-002
  0.194193E+001  0.912687E+000  0.649520E-003  0.879069E-003  0.879069E-003  0.118974E-002
  0.194372E+001  0.917357E+000  0.634955E-003  0.859582E-003  0.859582E-003  0.116367E-002
  0.194551E+001  0.922027E+000  0.631158E-003  0.854667E-003  0.854667E-003  0.115733E-002
  0.194729E+001  0.926697E+000  0.613593E-003  0.831101E-003  0.831101E-003  0.112571E-002
  0.194907E+001  0.931368E+000  0.612543E-003  0.829900E-003  0.829900E-003  0.112439E-002
  0.195086E+001  0.936039E+000  0.594241E-003  0.805322E-003  0.805322E-003  0.109138E-002
  0.195264E+001  0.940711E+000  0.581905E-003  0.788819E-003  0.788819E-003  0.106931E-002
  0.195442E+001  0.945383E+000  0.572324E-003  0.776045E-003  0.776045E-003  0.105228E-002
  0.195620E+001  0.950055E+000  0.562432E-003  0.762847E-003  0.762847E-003  0.103468E-002
  0.195798E+001  0.954728E+000  0.552064E-003  0.748998E-003  0.748998E-003  0.101618E-002
  0.195976E+001  0.959401E+000  0.541892E-003  0.735411E-003  0.735411E-003  0.998037E-003
  0.196154E+001  0.964074E+000  0.534849E-003  0.726067E-003  0.726067E-003  0.985648E-003
  0.196331E+001  0.968748E+000  0.529860E-003  0.719510E-003  0.719510E-003  0.977039E-003
  0.196509E+001  0.973422E+000  0.513390E-003  0.697358E-003  0.697358E-003  0.947250E-003
  0.196687E+001  0.978096E+000  0.509323E-003  0.692052E-003  0.692052E-003  0.940338E-003
  0.196864E+001  0.982770E+000  0.494971E-003  0.672766E-003  0.672766E-003  0.914425E-003
  0.197041E+001  0.987445E+000  0.493853E-003  0.671466E-003  0.671466E-003  0.912957E-003
  0.197219E+001  0.992120E+000  0.477981E-003  0.650105E-003  0.650105E-003  0.884212E-003
  0.197396E+001  0.996795E+000  0.468490E-003  0.637416E-003  0.637416E-003  0.867251E-003
  0.197573E+001  0.100147E+001  0.462265E-003  0.629169E-003  0.629169E-003  0.856333E-003
  0.197750E+001  0.100615E+001  0.462910E-003  0.630274E-003  0.630274E-003  0.858150E-003
  0.197928E+001  0.101082E+001  0.451459E-003  0.614914E-003  0.614914E-003  0.837551E-003
  0.198105E+001  0.101550E+001  0.438030E-003  0.596853E-003  0.596853E-003  0.813263E-003
  0.198282E+001  0.102017E+001  0.436856E-003  0.595488E-003  0.595488E-003  0.811724E-003
  0.198459E+001  0.102485E+001  0.426261E-003  0.581283E-003  0.581283E-003  0.792683E-003
  0.198635E+001  0.102953E+001  0.418661E-003  0.571156E-003  0.571156E-003  0.779198E-003
  0.198812E+001  0.103420E+001  0.403534E-003  0.550759E-003  0.550759E-003  0.751696E-003
  0.198989E+001  0.103888E+001  0.395682E-003  0.540283E-003  0.540283E-003  0.737727E-003
  0.199166E+001  0.104356E+001  0.388473E-003  0.530683E-003  0.530683E-003  0.724953E-003
  0.199343E+001  0.104824E+001  0.382750E-003  0.523113E-003  0.523113E-003  0.714951E-003
  0.199519E+001  0.105291E+001  0.374430E-003  0.511991E-003  0.511991E-003  0.700091E-003
  0.199696E+001  0.105759E+001  0.366947E-003  0.502014E-003  0.502014E-003  0.686795E-003
  0.199873E+001  0.106227E+001  0.363281E-003  0.497257E-003  0.497257E-003  0.680643E-003
  0.200049E+001  0.106695E+001  0.355556E-003  0.486944E-003  0.486944E-003  0.666884E-003
  0.200226E+001  0.107162E+001  0.350326E-003  0.480049E-003  0.480049E-003  0.657807E-003
  0.200402E+001  0.107630E+001  0.341012E-003  0.467554E-003  0.467554E-003  0.641052E-003
  0.200579E+001  0.108098E+001  0.334023E-003  0.458243E-003  0.458243E-003  0.628661E-003
  0.200755E+001  0.108566E+001  0.330857E-003  0.454178E-003  0.454178E-003  0.623465E-003
  0.200932E+001  0.109034E+001  0.320806E-003  0.440660E-003  0.440660E-003  0.605292E-003
  0.201108E+001  0.109501E+001  0.315022E-003  0.432998E-003  0.432998E-003  0.595155E-003
  0.201285E+001  0.109969E+001  0.311448E-003  0.428375E-003  0.428375E-003  0.589200E-003
  0.201461E+001  0.110437E+001  0.303254E-003  0.417396E-003  0.417396E-003  0.574499E-003
  0.201638E+001  0.110905E+001  0.299745E-003  0.412864E-003  0.412864E-003  0.568674E-003
  0.201814E+001  0.111373E+001  0.291597E-003  0.401941E-003  0.401941E-003  0.554041E-003
  0.201990E+001  0.111841E+001  0.292804E-003  0.403916E-003  0.403916E-003  0.557191E-003
  0.202167E+001  0.112308E+001  0.282447E-003  0.389940E-003  0.389940E-003  0.538341E-003
  0.202343E+001  0.112776E+001  0.275178E-003  0.380216E-003  0.380216E-003  0.525348E-003
  0.202520E+001  0.113244E+001  0.273163E-003  0.377754E-003  0.377754E-003  0.522393E-003
  0.202696E+001  0.113712E+001  0.264428E-003  0.365996E-003  0.365996E-003  0.506577E-003
  0.202872E+001  0.114180E+001  0.263186E-003  0.364607E-003  0.364607E-003  0.505112E-003
  0.203049E+001  0.114648E+001  0.254527E-003  0.352944E-003  0.352944E-003  0.489416E-003
  0.203225E+001  0.115116E+001  0.251458E-003  0.349026E-003  0.349026E-003  0.484451E-003
  0.203402E+001  0.115583E+001  0.250887E-003  0.348585E-003  0.348585E-003  0.484326E-003
  0.203578E+001  0.116051E+001  0.240276E-003  0.334187E-003  0.334187E-003  0.464803E-003
  0.203754E+001  0.116519E+001  0.236750E-003  0.329636E-003  0.329636E-003  0.458964E-003
  0.203931E+001  0.116987E+001  0.231677E-003  0.322932E-003  0.322932E-003  0.450130E-003
  0.204107E+001  0.117455E+001  0.226956E-003  0.316714E-003  0.316714E-003  0.441968E-003
  0.204284E+001  0.117923E+001  0.223410E-003  0.312135E-003  0.312135E-003  0.436098E-003
  0.204460E+001  0.118390E+001  0.218259E-003  0.305312E-003  0.305312E-003  0.427087E-003
  0.204636E+001  0.118858E+001  0.214326E-003  0.300191E-003  0.300191E-003  0.420454E-003
  0.204813E+001  0.119326E+001  0.209997E-003  0.294514E-003  0.294514E-003  0.413046E-003
  0.204989E+001  0.119794E+001  0.205996E-003  0.289295E-003  0.289295E-003  0.406276E-003
  0.205166E+001  0.120262E+001  0.201761E-003  0.283747E-003  0.283747E-003  0.399048E-003
  0.205342E+001  0.120730E+001  0.198276E-003  0.279251E-003  0.279251E-003  0.393295E-003
  0.205519E+001  0.121197E+001  0.197385E-003  0.278417E-003  0.278417E-003  0.392714E-003
  0.205695E+001  0.121665E+001  0.189400E-003  0.267569E-003  0.267569E-003  0.378001E-003
  0.205872E+001  0.122133E+001  0.188285E-003  0.266427E-003  0.266427E-003  0.376999E-003
  0.206048E+001  0.122601E+001  0.182180E-003  0.258220E-003  0.258220E-003  0.365997E-003
  0.206225E+001  0.123069E+001  0.179467E-003  0.254818E-003  0.254818E-003  0.361807E-003
  0.206401E+001  0.123537E+001  0.175919E-003  0.250232E-003  0.250232E-003  0.355936E-003
  0.206578E+001  0.124004E+001  0.174082E-003  0.248086E-003  0.248086E-003  0.353548E-003
  0.206754E+001  0.124472E+001  0.168139E-003  0.240083E-003  0.240083E-003  0.342810E-003
  0.206931E+001  0.124940E+001  0.165136E-003  0.236275E-003  0.236275E-003  0.338060E-003
  0.207107E+001  0.125408E+001  0.163103E-003  0.233859E-003  0.233859E-003  0.335309E-003
  0.207284E+001  0.125876E+001  0.157960E-003  0.226986E-003  0.226986E-003  0.326176E-003
  0.207460E+001  0.126343E+001  0.155945E-003  0.224605E-003  0.224605E-003  0.323496E-003
  0.207637E+001  0.126811E+001  0.151537E-003  0.218783E-003  0.218783E-003  0.315871E-003
  0.207814E+001  0.127279E+001  0.149527E-003  0.216427E-003  0.216427E-003  0.313260E-003
  0.207990E+001  0.127747E+001  0.146596E-003  0.212745E-003  0.212745E-003  0.308742E-003
  0.208167E+001  0.128214E+001  0.143485E-003  0.208811E-003  0.208811E-003  0.303877E-003
  0.208343E+001  0.128682E+001  0.140415E-003  0.204939E-003  0.204939E-003  0.299113E-003
  0.208520E+001  0.129150E+001  0.136323E-003  0.199583E-003  0.199583E-003  0.292198E-003
  0.208697E+001  0.129618E+001  0.134238E-003  0.197176E-003  0.197176E-003  0.289623E-003
  0.208873E+001  0.130086E+001  0.131734E-003  0.194169E-003  0.194169E-003  0.286195E-003
  0.209050E+001  0.130553E+001  0.128709E-003  0.190417E-003  0.190417E-003  0.281709E-003
  0.209226E+001  0.131021E+001  0.125473E-003  0.186366E-003  0.186366E-003  0.276811E-003
  0.209403E+001  0.131489E+001  0.121960E-003  0.181927E-003  0.181927E-003  0.271380E-003
  0.209579E+001  0.131957E+001  0.121051E-003  0.181410E-003  0.181410E-003  0.271864E-003
  0.209756E+001  0.132425E+001  0.116189E-003  0.175010E-003  0.175010E-003  0.263610E-003
  0.209932E+001  0.132892E+001  0.113448E-003  0.171837E-003  0.171837E-003  0.260275E-003
  0.210109E+001  0.133360E+001  0.112186E-003  0.170988E-003  0.170988E-003  0.260610E-003
  0.210285E+001  0.133828E+001  0.107697E-003  0.165296E-003  0.165296E-003  0.253700E-003
  0.210461E+001  0.134296E+001  0.104430E-003  0.161568E-003  0.161568E-003  0.249967E-003
  0.210637E+001  0.134764E+001  0.101279E-003  0.158156E-003  0.158156E-003  0.246973E-003
  0.210813E+001  0.135232E+001  0.986507E-004  0.155765E-003  0.155765E-003  0.245946E-003
  0.210988E+001  0.135700E+001  0.943103E-004  0.150929E-003  0.150929E-003  0.241537E-003
  0.211163E+001  0.136169E+001  0.905471E-004  0.147395E-003  0.147395E-003  0.239931E-003
  0.211337E+001  0.136637E+001  0.857829E-004  0.142803E-003  0.142803E-003  0.237721E-003
  0.211510E+001  0.137107E+001  0.816589E-004  0.140251E-003  0.140251E-003  0.240879E-003
  0.211681E+001  0.137576E+001  0.722919E-004  0.130114E-003  0.130114E-003  0.234178E-003
  0.211848E+001  0.138048E+001  0.625238E-004  0.121533E-003  0.121533E-003  0.236221E-003
  0.212008E+001  0.138522E+001  0.440189E-004  0.985676E-004  0.985676E-004  0.220681E-003
  0.212153E+001  0.139000E+001  0.225658E-004  0.666802E-004  0.666802E-004  0.196935E-003
  0.212281E+001  0.139483E+001  0.573316E-005  0.298350E-004  0.298350E-004  0.154836E-003
  0.212395E+001  0.139970E+001  0.145319E-006  0.431363E-005  0.431363E-005  0.114823E-003
  0.212501E+001  0.140459E+001  0.963534E-006  0.924517E-005  0.924517E-005  0.872962E-004
  0.212605E+001  0.140948E+001  0.373574E-005  0.159293E-004  0.159293E-004  0.676688E-004
  0.212706E+001  0.141438E+001  0.675955E-005  0.194301E-004  0.194301E-004  0.557488E-004
  0.212807E+001  0.141927E+001  0.936174E-005  0.208128E-004  0.208128E-004  0.462160E-004
  0.212908E+001  0.142417E+001  0.116234E-004  0.214383E-004  0.214383E-004  0.395073E-004
  0.213009E+001  0.142907E+001  0.137271E-004  0.219006E-004  0.219006E-004  0.349181E-004
  0.213110E+001  0.143396E+001  0.157482E-004  0.223336E-004  0.223336E-004  0.316564E-004
  0.213212E+001  0.143886E+001  0.166330E-004  0.213485E-004  0.213485E-004  0.273887E-004
  0.213314E+001  0.144375E+001  0.179527E-004  0.211472E-004  0.211472E-004  0.249006E-004
  0.213416E+001  0.144865E+001  0.204795E-004  0.223722E-004  0.223722E-004  0.244321E-004
  0.213519E+001  0.145354E+001  0.210311E-004  0.214664E-004  0.214664E-004  0.219044E-004
  0.213623E+001  0.145843E+001  0.213628E-004  0.204945E-004  0.204945E-004  0.196561E-004
  0.213727E+001  0.146332E+001  0.223190E-004  0.202319E-004  0.202319E-004  0.183354E-004
  0.213831E+001  0.146821E+001  0.236050E-004  0.203064E-004  0.203064E-004  0.174648E-004
  0.213937E+001  0.147310E+001  0.251416E-004  0.205804E-004  0.205804E-004  0.168433E-004
  0.214042E+001  0.147799E+001  0.247480E-004  0.193453E-004  0.193453E-004  0.151191E-004
  0.214148E+001  0.148287E+001  0.258389E-004  0.193301E-004  0.193301E-004  0.144582E-004
  0.214255E+001  0.148776E+001  0.263341E-004  0.188894E-004  0.188894E-004  0.135469E-004
  0.214363E+001  0.149264E+001  0.270170E-004  0.186113E-004  0.186113E-004  0.128186E-004
  0.214471E+001  0.149752E+001  0.276725E-004  0.183394E-004  0.183394E-004  0.121521E-004
  0.214579E+001  0.150240E+001  0.279334E-004  0.178370E-004  0.178370E-004  0.113881E-004
  0.214689E+001  0.150728E+001  0.294815E-004  0.181511E-004  0.181511E-004  0.111736E-004
  0.214798E+001  0.151216E+001  0.294726E-004  0.175227E-004  0.175227E-004  0.104164E-004
  0.214909E+001  0.151704E+001  0.291010E-004  0.167152E-004  0.167152E-004  0.959960E-005
  0.215020E+001  0.152191E+001  0.296366E-004  0.164619E-004  0.164619E-004  0.914261E-005
  0.215132E+001  0.152679E+001  0.305575E-004  0.164237E-004  0.164237E-004  0.882596E-005
  0.215244E+001  0.153166E+001  0.304468E-004  0.158467E-004  0.158467E-004  0.824661E-005
  0.215357E+001  0.153653E+001  0.310166E-004  0.156395E-004  0.156395E-004  0.788484E-005
  0.215470E+001  0.154140E+001  0.320676E-004  0.156751E-004  0.156751E-004  0.766115E-005
  0.215585E+001  0.154627E+001  0.326491E-004  0.154720E-004  0.154720E-004  0.733107E-005
  0.215699E+001  0.155113E+001  0.323051E-004  0.148535E-004  0.148535E-004  0.682860E-005
  0.215815E+001  0.155600E+001  0.327285E-004  0.145999E-004  0.145999E-004  0.651203E-005
  0.215931E+001  0.156086E+001  0.331990E-004  0.143749E-004  0.143749E-004  0.622342E-005
  0.216047E+001  0.156572E+001  0.338311E-004  0.142241E-004  0.142241E-004  0.597965E-005
  0.216165E+001  0.157058E+001  0.341475E-004  0.139390E-004  0.139390E-004  0.568918E-005
  0.216283E+001  0.157544E+001  0.346027E-004  0.137180E-004  0.137180E-004  0.543768E-005
  0.216401E+001  0.158030E+001  0.345219E-004  0.132955E-004  0.132955E-004  0.511987E-005
  0.216520E+001  0.158516E+001  0.365241E-004  0.136655E-004  0.136655E-004  0.511230E-005
  0.216640E+001  0.159001E+001  0.354082E-004  0.128700E-004  0.128700E-004  0.467731E-005
  0.216761E+001  0.159486E+001  0.353266E-004  0.124735E-004  0.124735E-004  0.440366E-005
  0.216882E+001  0.159971E+001  0.354054E-004  0.121462E-004  0.121462E-004  0.416628E-005
  0.217004E+001  0.160456E+001  0.362277E-004  0.120740E-004  0.120740E-004  0.402350E-005
  0.217126E+001  0.160941E+001  0.360170E-004  0.116630E-004  0.116630E-004  0.377620E-005
  0.217249E+001  0.161426E+001  0.367044E-004  0.115465E-004  0.115465E-004  0.363182E-005
  0.217373E+001  0.161910E+001  0.364979E-004  0.111521E-004  0.111521E-004  0.340707E-005
  0.217497E+001  0.162394E+001  0.368764E-004  0.109449E-004  0.109449E-004  0.324793E-005
  0.217622E+001  0.162879E+001  0.378725E-004  0.109160E-004  0.109160E-004  0.314583E-005
  0.217748E+001  0.163363E+001  0.372327E-004  0.104192E-004  0.104192E-004  0.291524E-005
  0.217874E+001  0.163846E+001  0.375784E-004  0.102095E-004  0.102095E-004  0.277330E-005
  0.218001E+001  0.164330E+001  0.378962E-004  0.999281E-005  0.999281E-005  0.263456E-005
  0.218129E+001  0.164813E+001  0.385677E-004  0.986739E-005  0.986739E-005  0.252411E-005
  0.218257E+001  0.165297E+001  0.382149E-004  0.948527E-005  0.948527E-005  0.235391E-005
  0.218386E+001  0.165780E+001  0.384032E-004  0.924396E-005  0.924396E-005  0.222470E-005
  0.218515E+001  0.166263E+001  0.400971E-004  0.935846E-005  0.935846E-005  0.218383E-005
  0.218646E+001  0.166745E+001  0.401726E-004  0.908507E-005  0.908507E-005  0.205422E-005
  0.218776E+001  0.167228E+001  0.402083E-004  0.881105E-005  0.881105E-005  0.193044E-005
  0.218908E+001  0.167710E+001  0.393688E-004  0.835322E-005  0.835322E-005  0.177202E-005
  0.219040E+001  0.168193E+001  0.396802E-004  0.814962E-005  0.814962E-005  0.167344E-005
  0.219173E+001  0.168675E+001  0.396482E-004  0.787771E-005  0.787771E-005  0.156488E-005
  0.219306E+001  0.169157E+001  0.411125E-004  0.789960E-005  0.789960E-005  0.151754E-005
  0.219440E+001  0.169638E+001  0.408861E-004  0.759236E-005  0.759236E-005  0.140954E-005
  0.219575E+001  0.170120E+001  0.406871E-004  0.729665E-005  0.729665E-005  0.130823E-005
  0.219711E+001  0.170601E+001  0.411194E-004  0.711624E-005  0.711624E-005  0.123124E-005
  0.219847E+001  0.171082E+001  0.411873E-004  0.687495E-005  0.687495E-005  0.114725E-005
  0.219983E+001  0.171563E+001  0.415019E-004  0.667760E-005  0.667760E-005  0.107412E-005
  0.220121E+001  0.172044E+001  0.410600E-004  0.636063E-005  0.636063E-005  0.985031E-006
  0.220259E+001  0.172524E+001  0.415665E-004  0.619500E-005  0.619500E-005  0.923002E-006
  0.220397E+001  0.173005E+001  0.427213E-004  0.612101E-005  0.612101E-005  0.876721E-006
  0.220537E+001  0.173485E+001  0.415529E-004  0.571532E-005  0.571532E-005  0.785823E-006
  0.220677E+001  0.173965E+001  0.417369E-004  0.550567E-005  0.550567E-005  0.726000E-006
  0.220817E+001  0.174445E+001  0.428590E-004  0.541677E-005  0.541677E-005  0.684333E-006
  0.220959E+001  0.174924E+001  0.426379E-004  0.515398E-005  0.515398E-005  0.622738E-006
  0.221101E+001  0.175404E+001  0.423929E-004  0.489494E-005  0.489494E-005  0.564938E-006
  0.221243E+001  0.175883E+001  0.423306E-004  0.466256E-005  0.466256E-005  0.513308E-006
  0.221387E+001  0.176362E+001  0.436814E-004  0.457965E-005  0.457965E-005  0.479888E-006
  0.221530E+001  0.176841E+001  0.430837E-004  0.429379E-005  0.429379E-005  0.427678E-006
  0.221675E+001  0.177320E+001  0.424819E-004  0.401426E-005  0.401426E-005  0.379077E-006
  0.221820E+001  0.177798E+001  0.426367E-004  0.381204E-005  0.381204E-005  0.340584E-006
  0.221966E+001  0.178276E+001  0.427888E-004  0.360994E-005  0.360994E-005  0.304320E-006
  0.222112E+001  0.178754E+001  0.433402E-004  0.344132E-005  0.344132E-005  0.273016E-006
  0.222260E+001  0.179232E+001  0.439773E-004  0.327396E-005  0.327396E-005  0.243505E-006
  0.222407E+001  0.179710E+001  0.438033E-004  0.304858E-005  0.304858E-005  0.211945E-006
  0.222556E+001  0.180187E+001  0.435078E-004  0.281726E-005  0.281726E-005  0.182202E-006
  0.222705E+001  0.180665E+001  0.432143E-004  0.259193E-005  0.259193E-005  0.155239E-006
  0.222855E+001  0.181142E+001  0.436350E-004  0.241038E-005  0.241038E-005  0.132929E-006
  0.223005E+001  0.181619E+001  0.434749E-004  0.219835E-005  0.219835E-005  0.110946E-006
  0.223156E+001  0.182095E+001  0.434810E-004  0.199686E-005  0.199686E-005  0.914924E-007
  0.223308E+001  0.182572E+001  0.437568E-004  0.180783E-005  0.180783E-005  0.744810E-007
  0.223460E+001  0.183048E+001  0.436200E-004  0.160376E-005  0.160376E-005  0.587567E-007
  0.223613E+001  0.183524E+001  0.437147E-004  0.140965E-005  0.140965E-005  0.452509E-007
  0.223766E+001  0.184000E+001  0.450692E-004  0.125219E-005  0.125219E-005  0.345874E-007
  0.223921E+001  0.184475E+001  0.446219E-004  0.104053E-005  0.104053E-005  0.240631E-007
  0.224076E+001  0.184951E+001  0.445319E-004  0.842041E-006  0.842041E-006  0.157233E-007
  0.224231E+001  0.185426E+001  0.439274E-004  0.639210E-006  0.639210E-006  0.910498E-008
  0.224387E+001  0.185901E+001  0.440535E-004  0.450133E-006  0.450133E-006  0.440496E-008
  0.224544E+001  0.186376E+001  0.440259E-004  0.260064E-006  0.260064E-006  0.134378E-008
  0.224701E+001  0.186850E+001  0.441521E-004  0.726489E-007  0.726489E-007  0.709646E-010
  0.224859E+001  0.187325E+001  0.446598E-004  0.115910E-006  0.115910E-006  0.112210E-009
  0.225018E+001  0.187799E+001  0.441350E-004  0.300822E-006  0.300822E-006  0.186358E-008
  0.225177E+001  0.188273E+001  0.444043E-004  0.488042E-006  0.488042E-006  0.517895E-008
  0.225337E+001  0.188747E+001  0.443969E-004  0.672496E-006  0.672496E-006  0.100032E-007
  0.225498E+001  0.189220E+001  0.449017E-004  0.865977E-006  0.865977E-006  0.165196E-007
  0.225659E+001  0.189694E+001  0.442282E-004  0.103415E-005  0.103415E-005  0.240006E-007
  0.225821E+001  0.190167E+001  0.446171E-004  0.122528E-005  0.122528E-005  0.334704E-007
  0.225983E+001  0.190640E+001  0.442795E-004  0.139488E-005  0.139488E-005  0.437640E-007
  0.226146E+001  0.191112E+001  0.443061E-004  0.157405E-005  0.157405E-005  0.557450E-007
  0.226310E+001  0.191585E+001  0.446405E-004  0.176497E-005  0.176497E-005  0.696082E-007
  0.226474E+001  0.192057E+001  0.443621E-004  0.193021E-005  0.193021E-005  0.838117E-007
  0.226639E+001  0.192529E+001  0.446852E-004  0.212124E-005  0.212124E-005  0.100526E-006
  0.226804E+001  0.193001E+001  0.443146E-004  0.227756E-005  0.227756E-005  0.116885E-006
  0.226970E+001  0.193472E+001  0.442030E-004  0.244478E-005  0.244478E-005  0.135048E-006
  0.227137E+001  0.193944E+001  0.442217E-004  0.261837E-005  0.261837E-005  0.154866E-006
  0.227304E+001  0.194415E+001  0.441950E-004  0.278776E-005  0.278776E-005  0.175681E-006
  0.227472E+001  0.194886E+001  0.441289E-004  0.295387E-005  0.295387E-005  0.197558E-006
  0.227640E+001  0.195357E+001  0.451929E-004  0.319802E-005  0.319802E-005  0.226139E-006
  0.227810E+001  0.195827E+001  0.451454E-004  0.336804E-005  0.336804E-005  0.251107E-006
  0.227979E+001  0.196298E+001  0.444555E-004  0.348492E-005  0.348492E-005  0.273026E-006
  0.228149E+001  0.196768E+001  0.451533E-004  0.371029E-005  0.371029E-005  0.304717E-006
  0.228320E+001  0.197238E+001  0.447165E-004  0.384309E-005  0.384309E-005  0.330128E-006
  0.228492E+001  0.197707E+001  0.441974E-004  0.396490E-005  0.396490E-005  0.355528E-006
  0.228664E+001  0.198177E+001  0.438361E-004  0.409632E-005  0.409632E-005  0.382628E-006
  0.228836E+001  0.198646E+001  0.444146E-004  0.431515E-005  0.431515E-005  0.419086E-006
  0.229010E+001  0.199115E+001  0.441028E-004  0.444918E-005  0.444918E-005  0.448687E-006
  0.229183E+001  0.199584E+001  0.444063E-004  0.464314E-005  0.464314E-005  0.485332E-006
  0.229358E+001  0.200053E+001  0.435476E-004  0.471425E-005  0.471425E-005  0.510187E-006
  0.229533E+001  0.200521E+001  0.435962E-004  0.487949E-005  0.487949E-005  0.545982E-006
  0.229708E+001  0.200989E+001  0.435777E-004  0.503625E-005  0.503625E-005  0.581884E-006
  0.229884E+001  0.201457E+001  0.436700E-004  0.520594E-005  0.520594E-005  0.620453E-006
  0.230061E+001  0.201925E+001  0.432429E-004  0.531236E-005  0.531236E-005  0.652468E-006
  0.230238E+001  0.202392E+001  0.431597E-004  0.545817E-005  0.545817E-005  0.690113E-006
  0.230416E+001  0.202860E+001  0.430929E-004  0.560541E-005  0.560541E-005  0.728985E-006
  0.230594E+001  0.203327E+001  0.435246E-004  0.581783E-005  0.581783E-005  0.777505E-006
  0.230773E+001  0.203794E+001  0.432671E-004  0.593869E-005  0.593869E-005  0.814974E-006
  0.230953E+001  0.204260E+001  0.432336E-004  0.608918E-005  0.608918E-005  0.857473E-006
  0.231133E+001  0.204727E+001  0.427325E-004  0.617099E-005  0.617099E-005  0.891003E-006
  0.231313E+001  0.205193E+001  0.426704E-004  0.631332E-005  0.631332E-005  0.933942E-006
  0.231494E+001  0.205659E+001  0.426933E-004  0.646806E-005  0.646806E-005  0.979768E-006
  0.231676E+001  0.206125E+001  0.422609E-004  0.655237E-005  0.655237E-005  0.101577E-005
  0.231858E+001  0.206591E+001  0.425413E-004  0.674582E-005  0.674582E-005  0.106954E-005
  0.232041E+001  0.207056E+001  0.420067E-004  0.680916E-005  0.680916E-005  0.110360E-005
  0.232224E+001  0.207521E+001  0.419185E-004  0.694185E-005  0.694185E-005  0.114945E-005
  0.232408E+001  0.207986E+001  0.417440E-004  0.705939E-005  0.705939E-005  0.119368E-005
  0.232592E+001  0.208451E+001  0.419150E-004  0.723459E-005  0.723459E-005  0.124855E-005
  0.232777E+001  0.208916E+001  0.418129E-004  0.736293E-005  0.736293E-005  0.129641E-005
  0.232963E+001  0.209380E+001  0.417200E-004  0.749226E-005  0.749226E-005  0.134535E-005
  0.233148E+001  0.209844E+001  0.416500E-004  0.762364E-005  0.762364E-005  0.139529E-005
  0.233335E+001  0.210308E+001  0.410473E-004  0.765604E-005  0.765604E-005  0.142784E-005
  0.233522E+001  0.210772E+001  0.408729E-004  0.776494E-005  0.776494E-005  0.147502E-005
  0.233709E+001  0.211235E+001  0.407341E-004  0.787885E-005  0.787885E-005  0.152380E-005
  0.233897E+001  0.211699E+001  0.408357E-004  0.803923E-005  0.803923E-005  0.158252E-005
  0.234086E+001  0.212162E+001  0.405130E-004  0.811541E-005  0.811541E-005  0.162551E-005
  0.234275E+001  0.212625E+001  0.403567E-004  0.822265E-005  0.822265E-005  0.167521E-005
  0.234464E+001  0.213087E+001  0.400507E-004  0.829717E-005  0.829717E-005  0.171875E-005
  0.234654E+001  0.213550E+001  0.398660E-004  0.839526E-005  0.839526E-005  0.176779E-005
  0.234844E+001  0.214012E+001  0.400141E-004  0.856271E-005  0.856271E-005  0.183221E-005
  0.235035E+001  0.214474E+001  0.396659E-004  0.862339E-005  0.862339E-005  0.187459E-005
  0.235227E+001  0.214936E+001  0.395025E-004  0.872261E-005  0.872261E-005  0.192591E-005
  0.235419E+001  0.215398E+001  0.392886E-004  0.880884E-005  0.880884E-005  0.197487E-005
  0.235611E+001  0.215859E+001  0.389722E-004  0.886972E-005  0.886972E-005  0.201852E-005
  0.235804E+001  0.216321E+001  0.387763E-004  0.895642E-005  0.895642E-005  0.206858E-005
  0.235997E+001  0.216782E+001  0.388412E-004  0.910234E-005  0.910234E-005  0.213297E-005
  0.236191E+001  0.217243E+001  0.384576E-004  0.914223E-005  0.914223E-005  0.217317E-005
  0.236385E+001  0.217704E+001  0.388934E-004  0.937653E-005  0.937653E-005  0.226038E-005
  0.236580E+001  0.218164E+001  0.380074E-004  0.929078E-005  0.929078E-005  0.227096E-005
  0.236775E+001  0.218624E+001  0.378293E-004  0.937399E-005  0.937399E-005  0.232270E-005
  0.236971E+001  0.219085E+001  0.376347E-004  0.945196E-005  0.945196E-005  0.237372E-005
  0.237167E+001  0.219544E+001  0.374552E-004  0.953194E-005  0.953194E-005  0.242564E-005
  0.237364E+001  0.220004E+001  0.377481E-004  0.973266E-005  0.973266E-005  0.250924E-005
  0.237561E+001  0.220464E+001  0.372215E-004  0.972076E-005  0.972076E-005  0.253853E-005
  0.237758E+001  0.220923E+001  0.367893E-004  0.972982E-005  0.972982E-005  0.257315E-005
  0.237956E+001  0.221382E+001  0.367235E-004  0.983425E-005  0.983425E-005  0.263339E-005
  0.238154E+001  0.221841E+001  0.363645E-004  0.985822E-005  0.985822E-005  0.267237E-005
  0.238353E+001  0.222300E+001  0.361963E-004  0.993230E-005  0.993230E-005  0.272529E-005
  0.238552E+001  0.222759E+001  0.359993E-004  0.999673E-005  0.999673E-005  0.277587E-005
  0.238752E+001  0.223217E+001  0.360754E-004  0.101367E-004  0.101367E-004  0.284811E-005
  0.238952E+001  0.223675E+001  0.360488E-004  0.102474E-004  0.102474E-004  0.291283E-005
  0.239152E+001  0.224134E+001  0.354641E-004  0.101970E-004  0.101970E-004  0.293178E-005
  0.239353E+001  0.224591E+001  0.352058E-004  0.102376E-004  0.102376E-004  0.297691E-005
  0.239554E+001  0.225049E+001  0.348945E-004  0.102605E-004  0.102605E-004  0.301692E-005
  0.239756E+001  0.225507E+001  0.346556E-004  0.103030E-004  0.103030E-004  0.306289E-005
  0.239958E+001  0.225964E+001  0.344685E-004  0.103589E-004  0.103589E-004  0.311302E-005
  0.240160E+001  0.226421E+001  0.343234E-004  0.104258E-004  0.104258E-004  0.316669E-005
  0.240363E+001  0.226878E+001  0.340179E-004  0.104425E-004  0.104425E-004  0.320539E-005
  0.240566E+001  0.227335E+001  0.340564E-004  0.105634E-004  0.105634E-004  0.327632E-005
  0.240770E+001  0.227792E+001  0.336213E-004  0.105361E-004  0.105361E-004  0.330158E-005
  0.240974E+001  0.228248E+001  0.333612E-004  0.105608E-004  0.105608E-004  0.334295E-005
  0.241178E+001  0.228704E+001  0.332063E-004  0.106169E-004  0.106169E-004  0.339432E-005
  0.241383E+001  0.229161E+001  0.331130E-004  0.106918E-004  0.106918E-004  0.345209E-005
  0.241588E+001  0.229617E+001  0.330795E-004  0.107850E-004  0.107850E-004  0.351610E-005
  0.241794E+001  0.230072E+001  0.327571E-004  0.107827E-004  0.107827E-004  0.354923E-005
  0.242000E+001  0.230528E+001  0.325225E-004  0.108070E-004  0.108070E-004  0.359094E-005
  0.242206E+001  0.230984E+001  0.320850E-004  0.107611E-004  0.107611E-004  0.360904E-005
  0.242412E+001  0.231439E+001  0.322442E-004  0.109137E-004  0.109137E-004  0.369385E-005
  0.242619E+001  0.231894E+001  0.318354E-004  0.108732E-004  0.108732E-004  0.371353E-005
  0.242827E+001  0.232349E+001  0.316959E-004  0.109227E-004  0.109227E-004  0.376389E-005
  0.243034E+001  0.232804E+001  0.313696E-004  0.109051E-004  0.109051E-004  0.379085E-005
  0.243242E+001  0.233259E+001  0.312529E-004  0.109589E-004  0.109589E-004  0.384259E-005
  0.243451E+001  0.233713E+001  0.313723E-004  0.110951E-004  0.110951E-004  0.392371E-005
  0.243659E+001  0.234168E+001  0.307809E-004  0.109772E-004  0.109772E-004  0.391460E-005
  0.243868E+001  0.234622E+001  0.304781E-004  0.109592E-004  0.109592E-004  0.394055E-005
  0.244077E+001  0.235076E+001  0.304351E-004  0.110329E-004  0.110329E-004  0.399931E-005
  0.244287E+001  0.235530E+001  0.300741E-004  0.109896E-004  0.109896E-004  0.401561E-005
  0.244497E+001  0.235984E+001  0.298897E-004  0.110083E-004  0.110083E-004  0.405418E-005
  0.244707E+001  0.236437E+001  0.297405E-004  0.110382E-004  0.110382E-004  0.409665E-005
  0.244918E+001  0.236891E+001  0.297912E-004  0.111414E-004  0.111414E-004  0.416652E-005
  0.245128E+001  0.237344E+001  0.293892E-004  0.110729E-004  0.110729E-004  0.417177E-005
  0.245339E+001  0.237798E+001  0.297198E-004  0.112797E-004  0.112797E-004  0.428086E-005
  0.245551E+001  0.238251E+001  0.290032E-004  0.110872E-004  0.110872E-004  0.423823E-005
  0.245763E+001  0.238704E+001  0.289942E-004  0.111622E-004  0.111622E-004  0.429710E-005
  0.245974E+001  0.239157E+001  0.293024E-004  0.113587E-004  0.113587E-004  0.440289E-005
  0.246187E+001  0.239609E+001  0.287558E-004  0.112227E-004  0.112227E-004  0.437982E-005
  0.246399E+001  0.240062E+001  0.284685E-004  0.111842E-004  0.111842E-004  0.439373E-005
  0.246612E+001  0.240514E+001  0.282701E-004  0.111786E-004  0.111786E-004  0.442008E-005
  0.246825E+001  0.240967E+001  0.281206E-004  0.111901E-004  0.111901E-004  0.445274E-005
  0.247038E+001  0.241419E+001  0.280981E-004  0.112505E-004  0.112505E-004  0.450451E-005
  0.247252E+001  0.241871E+001  0.278693E-004  0.112266E-004  0.112266E-004  0.452224E-005
  0.247466E+001  0.242323E+001  0.279035E-004  0.113068E-004  0.113068E-004  0.458148E-005
  0.247680E+001  0.242775E+001  0.277191E-004  0.112967E-004  0.112967E-004  0.460373E-005
  0.247894E+001  0.243227E+001  0.274887E-004  0.112654E-004  0.112654E-004  0.461665E-005
  0.248108E+001  0.243678E+001  0.274421E-004  0.113074E-004  0.113074E-004  0.465901E-005
  0.248323E+001  0.244130E+001  0.273146E-004  0.113144E-004  0.113144E-004  0.468655E-005
  0.248538E+001  0.244581E+001  0.272402E-004  0.113414E-004  0.113414E-004  0.472180E-005
  0.248753E+001  0.245033E+001  0.272281E-004  0.113925E-004  0.113925E-004  0.476659E-005
  0.248968E+001  0.245484E+001  0.273653E-004  0.115047E-004  0.115047E-004  0.483657E-005
  0.249184E+001  0.245935E+001  0.270082E-004  0.114072E-004  0.114072E-004  0.481781E-005
  0.249400E+001  0.246386E+001  0.270941E-004  0.114946E-004  0.114946E-004  0.487635E-005
  0.249616E+001  0.246837E+001  0.271197E-004  0.115548E-004  0.115548E-004  0.492290E-005
  0.249832E+001  0.247288E+001  0.269715E-004  0.115388E-004  0.115388E-004  0.493631E-005
  0.250048E+001  0.247739E+001  0.268800E-004  0.115449E-004  0.115449E-004  0.495832E-005
