  0.180179E+001  0.746375E-001  0.393243E-004  0.512328E-003  0.512328E-003  0.667476E-002
  0.180179E+001  0.746375E-001  0.393243E-004  0.512328E-003  0.512328E-003  0.667476E-002
  0.180202E+001  0.796325E-001  0.169731E-003  0.207067E-002  0.207067E-002  0.252615E-001
  0.180225E+001  0.846268E-001  0.129935E-003  0.149594E-002  0.149594E-002  0.172227E-001
  0.180251E+001  0.896204E-001  0.629029E-004  0.683281E-003  0.683281E-003  0.742212E-002
  0.180277E+001  0.946133E-001  0.717099E-004  0.739507E-003  0.739507E-003  0.762615E-002
  0.180305E+001  0.996054E-001  0.123271E-003  0.120878E-002  0.120878E-002  0.118532E-001
  0.180335E+001  0.104597E+000  0.451385E-004  0.421573E-003  0.421573E-003  0.393730E-002
  0.180366E+001  0.109587E+000  0.480711E-004  0.428919E-003  0.428919E-003  0.382708E-002
  0.180398E+001  0.114577E+000  0.591959E-004  0.505952E-003  0.505952E-003  0.432441E-002
  0.180432E+001  0.119565E+000  0.517886E-004  0.424510E-003  0.424510E-003  0.347970E-002
  0.180467E+001  0.124553E+000  0.567025E-004  0.446767E-003  0.446767E-003  0.352015E-002
  0.180504E+001  0.129539E+000  0.679482E-004  0.515144E-003  0.515144E-003  0.390552E-002
  0.180542E+001  0.134525E+000  0.770131E-004  0.562913E-003  0.562913E-003  0.411450E-002
  0.180581E+001  0.139510E+000  0.611833E-004  0.431917E-003  0.431917E-003  0.304908E-002
  0.180622E+001  0.144493E+000  0.798217E-004  0.544658E-003  0.544658E-003  0.371644E-002
  0.180664E+001  0.149475E+000  0.760649E-004  0.502455E-003  0.502455E-003  0.331902E-002
  0.180707E+001  0.154456E+000  0.685678E-004  0.439093E-003  0.439093E-003  0.281185E-002
  0.180752E+001  0.159436E+000  0.708928E-004  0.440389E-003  0.440389E-003  0.273572E-002
  0.180798E+001  0.164415E+000  0.723741E-004  0.436681E-003  0.436681E-003  0.263479E-002
  0.180846E+001  0.169392E+000  0.976994E-004  0.572891E-003  0.572891E-003  0.335933E-002
  0.180894E+001  0.174368E+000  0.887725E-004  0.506742E-003  0.506742E-003  0.289264E-002
  0.180945E+001  0.179343E+000  0.995727E-004  0.553297E-003  0.553297E-003  0.307451E-002
  0.180996E+001  0.184317E+000  0.817993E-004  0.443133E-003  0.443133E-003  0.240059E-002
  0.181049E+001  0.189289E+000  0.851792E-004  0.450065E-003  0.450065E-003  0.237803E-002
  0.181103E+001  0.194259E+000  0.864179E-004  0.445746E-003  0.445746E-003  0.229917E-002
  0.181158E+001  0.199228E+000  0.107005E-003  0.539250E-003  0.539250E-003  0.271753E-002
  0.181215E+001  0.204196E+000  0.949593E-004  0.467720E-003  0.467720E-003  0.230375E-002
  0.181273E+001  0.209162E+000  0.994073E-004  0.478919E-003  0.478919E-003  0.230731E-002
  0.181333E+001  0.214127E+000  0.105733E-003  0.498429E-003  0.498429E-003  0.234962E-002
  0.181393E+001  0.219090E+000  0.103429E-003  0.477572E-003  0.477572E-003  0.220513E-002
  0.181455E+001  0.224052E+000  0.103238E-003  0.467059E-003  0.467059E-003  0.211302E-002
  0.181518E+001  0.229011E+000  0.111834E-003  0.496033E-003  0.496033E-003  0.220012E-002
  0.181583E+001  0.233970E+000  0.108629E-003  0.472515E-003  0.472515E-003  0.205534E-002
  0.181648E+001  0.238926E+000  0.125547E-003  0.536021E-003  0.536021E-003  0.228853E-002
  0.181715E+001  0.243881E+000  0.124065E-003  0.520050E-003  0.520050E-003  0.217991E-002
  0.181784E+001  0.248835E+000  0.122059E-003  0.502455E-003  0.502455E-003  0.206835E-002
  0.181853E+001  0.253786E+000  0.116581E-003  0.471648E-003  0.471648E-003  0.190814E-002
  0.181924E+001  0.258736E+000  0.124005E-003  0.493167E-003  0.493167E-003  0.196133E-002
  0.181996E+001  0.263684E+000  0.132314E-003  0.517522E-003  0.517522E-003  0.202420E-002
  0.182069E+001  0.268630E+000  0.130825E-003  0.503470E-003  0.503470E-003  0.193757E-002
  0.182143E+001  0.273575E+000  0.127045E-003  0.481265E-003  0.481265E-003  0.182311E-002
  0.182218E+001  0.278518E+000  0.142954E-003  0.533266E-003  0.533266E-003  0.198926E-002
  0.182295E+001  0.283458E+000  0.133529E-003  0.490599E-003  0.490599E-003  0.180250E-002
  0.182373E+001  0.288397E+000  0.135178E-003  0.489355E-003  0.489355E-003  0.177151E-002
  0.182452E+001  0.293335E+000  0.138278E-003  0.493402E-003  0.493402E-003  0.176056E-002
  0.182532E+001  0.298270E+000  0.145590E-003  0.512226E-003  0.512226E-003  0.180216E-002
  0.182614E+001  0.303203E+000  0.149034E-003  0.517098E-003  0.517098E-003  0.179416E-002
  0.182696E+001  0.308134E+000  0.148901E-003  0.509753E-003  0.509753E-003  0.174511E-002
  0.182780E+001  0.313064E+000  0.149551E-003  0.505234E-003  0.505234E-003  0.170685E-002
  0.182865E+001  0.317991E+000  0.155262E-003  0.517780E-003  0.517780E-003  0.172674E-002
  0.182951E+001  0.322917E+000  0.158563E-003  0.522144E-003  0.522144E-003  0.171941E-002
  0.183038E+001  0.327840E+000  0.159360E-003  0.518323E-003  0.518323E-003  0.168586E-002
  0.183126E+001  0.332762E+000  0.161252E-003  0.518179E-003  0.518179E-003  0.166516E-002
  0.183215E+001  0.337682E+000  0.173589E-003  0.551277E-003  0.551277E-003  0.175072E-002
  0.183306E+001  0.342599E+000  0.167726E-003  0.526473E-003  0.526473E-003  0.165255E-002
  0.183397E+001  0.347514E+000  0.179564E-003  0.557303E-003  0.557303E-003  0.172967E-002
  0.183490E+001  0.352428E+000  0.173634E-003  0.532914E-003  0.532914E-003  0.163561E-002
  0.183584E+001  0.357339E+000  0.177416E-003  0.538606E-003  0.538606E-003  0.163512E-002
  0.183679E+001  0.362248E+000  0.184596E-003  0.554446E-003  0.554446E-003  0.166531E-002
  0.183775E+001  0.367156E+000  0.190332E-003  0.565726E-003  0.565726E-003  0.168152E-002
  0.183872E+001  0.372061E+000  0.194151E-003  0.571200E-003  0.571200E-003  0.168049E-002
  0.183970E+001  0.376964E+000  0.195288E-003  0.568816E-003  0.568816E-003  0.165679E-002
  0.184069E+001  0.381864E+000  0.195613E-003  0.564198E-003  0.564198E-003  0.162730E-002
  0.184169E+001  0.386763E+000  0.195968E-003  0.559818E-003  0.559818E-003  0.159922E-002
  0.184270E+001  0.391659E+000  0.199430E-003  0.564372E-003  0.564372E-003  0.159713E-002
  0.184372E+001  0.396554E+000  0.209029E-003  0.586109E-003  0.586109E-003  0.164343E-002
  0.184476E+001  0.401446E+000  0.210801E-003  0.585712E-003  0.585712E-003  0.162741E-002
  0.184580E+001  0.406336E+000  0.209062E-003  0.575767E-003  0.575767E-003  0.158569E-002
  0.184685E+001  0.411224E+000  0.218110E-003  0.595502E-003  0.595502E-003  0.162589E-002
  0.184792E+001  0.416109E+000  0.220015E-003  0.595577E-003  0.595577E-003  0.161222E-002
  0.184899E+001  0.420993E+000  0.220023E-003  0.590664E-003  0.590664E-003  0.158567E-002
  0.185007E+001  0.425874E+000  0.234728E-003  0.625024E-003  0.625024E-003  0.166429E-002
  0.185117E+001  0.430752E+000  0.227362E-003  0.600547E-003  0.600547E-003  0.158627E-002
  0.185227E+001  0.435629E+000  0.233986E-003  0.613224E-003  0.613224E-003  0.160712E-002
  0.185339E+001  0.440503E+000  0.238875E-003  0.621210E-003  0.621210E-003  0.161549E-002
  0.185451E+001  0.445375E+000  0.237796E-003  0.613770E-003  0.613770E-003  0.158419E-002
  0.185564E+001  0.450245E+000  0.249747E-003  0.639881E-003  0.639881E-003  0.163945E-002
  0.185679E+001  0.455113E+000  0.247139E-003  0.628600E-003  0.628600E-003  0.159885E-002
  0.185794E+001  0.459978E+000  0.249512E-003  0.630158E-003  0.630158E-003  0.159151E-002
  0.185910E+001  0.464841E+000  0.260463E-003  0.653265E-003  0.653265E-003  0.163845E-002
  0.186028E+001  0.469701E+000  0.261716E-003  0.651920E-003  0.651920E-003  0.162390E-002
  0.186146E+001  0.474560E+000  0.260928E-003  0.645639E-003  0.645639E-003  0.159757E-002
  0.186265E+001  0.479415E+000  0.264789E-003  0.650926E-003  0.650926E-003  0.160016E-002
  0.186385E+001  0.484269E+000  0.270871E-003  0.661628E-003  0.661628E-003  0.161608E-002
  0.186506E+001  0.489120E+000  0.277107E-003  0.672624E-003  0.672624E-003  0.163267E-002
  0.186628E+001  0.493969E+000  0.282611E-003  0.681779E-003  0.681779E-003  0.164474E-002
  0.186751E+001  0.498815E+000  0.285883E-003  0.685529E-003  0.685529E-003  0.164385E-002
  0.186875E+001  0.503659E+000  0.287945E-003  0.686409E-003  0.686409E-003  0.163627E-002
  0.187000E+001  0.508501E+000  0.289782E-003  0.686804E-003  0.686804E-003  0.162777E-002
  0.187126E+001  0.513340E+000  0.293265E-003  0.691133E-003  0.691133E-003  0.162878E-002
  0.187253E+001  0.518177E+000  0.302176E-003  0.708191E-003  0.708191E-003  0.165974E-002
  0.187380E+001  0.523011E+000  0.305687E-003  0.712568E-003  0.712568E-003  0.166102E-002
  0.187509E+001  0.527843E+000  0.306347E-003  0.710315E-003  0.710315E-003  0.164698E-002
  0.187638E+001  0.532672E+000  0.316178E-003  0.729328E-003  0.729328E-003  0.168234E-002
  0.187769E+001  0.537499E+000  0.316390E-003  0.726104E-003  0.726104E-003  0.166638E-002
  0.187900E+001  0.542324E+000  0.319542E-003  0.729712E-003  0.729712E-003  0.166639E-002
  0.188032E+001  0.547146E+000  0.329186E-003  0.748098E-003  0.748098E-003  0.170011E-002
  0.188166E+001  0.551965E+000  0.338333E-003  0.765219E-003  0.765219E-003  0.173072E-002
  0.188300E+001  0.556782E+000  0.340399E-003  0.766327E-003  0.766327E-003  0.172520E-002
  0.188435E+001  0.561596E+000  0.347069E-003  0.777802E-003  0.777802E-003  0.174310E-002
  0.188570E+001  0.566408E+000  0.347076E-003  0.774396E-003  0.774396E-003  0.172783E-002
  0.188707E+001  0.571218E+000  0.346541E-003  0.769852E-003  0.769852E-003  0.171025E-002
  0.188845E+001  0.576024E+000  0.352091E-003  0.778871E-003  0.778871E-003  0.172296E-002
  0.188983E+001  0.580829E+000  0.360141E-003  0.793406E-003  0.793406E-003  0.174790E-002
  0.189123E+001  0.585630E+000  0.361313E-003  0.792770E-003  0.792770E-003  0.173944E-002
  0.189263E+001  0.590429E+000  0.364359E-003  0.796320E-003  0.796320E-003  0.174038E-002
  0.189404E+001  0.595226E+000  0.373559E-003  0.813302E-003  0.813302E-003  0.177070E-002
  0.189546E+001  0.600020E+000  0.382007E-003  0.828587E-003  0.828587E-003  0.179723E-002
  0.189689E+001  0.604811E+000  0.385906E-003  0.833994E-003  0.833994E-003  0.180237E-002
  0.189833E+001  0.609599E+000  0.385888E-003  0.830991E-003  0.830991E-003  0.178950E-002
  0.189978E+001  0.614385E+000  0.387097E-003  0.830707E-003  0.830707E-003  0.178269E-002
  0.190124E+001  0.619168E+000  0.396779E-003  0.848609E-003  0.848609E-003  0.181496E-002
  0.190270E+001  0.623949E+000  0.397543E-003  0.847466E-003  0.847466E-003  0.180659E-002
  0.190418E+001  0.628727E+000  0.409990E-003  0.871202E-003  0.871202E-003  0.185125E-002
  0.190566E+001  0.633502E+000  0.407741E-003  0.863743E-003  0.863743E-003  0.182972E-002
  0.190715E+001  0.638274E+000  0.411007E-003  0.868041E-003  0.868041E-003  0.183329E-002
  0.190865E+001  0.643044E+000  0.415814E-003  0.875626E-003  0.875626E-003  0.184390E-002
  0.191016E+001  0.647811E+000  0.423309E-003  0.888875E-003  0.888875E-003  0.186648E-002
  0.191167E+001  0.652576E+000  0.432387E-003  0.905450E-003  0.905450E-003  0.189608E-002
  0.191320E+001  0.657337E+000  0.428974E-003  0.895899E-003  0.895899E-003  0.187106E-002
  0.191473E+001  0.662096E+000  0.440981E-003  0.918603E-003  0.918603E-003  0.191353E-002
  0.191628E+001  0.666852E+000  0.441905E-003  0.918216E-003  0.918216E-003  0.190792E-002
  0.191783E+001  0.671605E+000  0.443944E-003  0.920224E-003  0.920224E-003  0.190747E-002
  0.191939E+001  0.676356E+000  0.448396E-003  0.927281E-003  0.927281E-003  0.191761E-002
  0.192096E+001  0.681103E+000  0.456801E-003  0.942531E-003  0.942531E-003  0.194475E-002
  0.192253E+001  0.685848E+000  0.461244E-003  0.949639E-003  0.949639E-003  0.195518E-002
  0.192412E+001  0.690590E+000  0.461416E-003  0.948000E-003  0.948000E-003  0.194771E-002
  0.192571E+001  0.695329E+000  0.467549E-003  0.958672E-003  0.958672E-003  0.196568E-002
  0.192731E+001  0.700066E+000  0.478879E-003  0.980006E-003  0.980006E-003  0.200554E-002
  0.192893E+001  0.704799E+000  0.484142E-003  0.988927E-003  0.988927E-003  0.202002E-002
  0.193054E+001  0.709530E+000  0.484685E-003  0.988287E-003  0.988287E-003  0.201515E-002
  0.193217E+001  0.714258E+000  0.482984E-003  0.983142E-003  0.983142E-003  0.200124E-002
  0.193381E+001  0.718983E+000  0.491360E-003  0.998566E-003  0.998566E-003  0.202934E-002
  0.193545E+001  0.723705E+000  0.490768E-003  0.995826E-003  0.995826E-003  0.202065E-002
  0.193710E+001  0.728424E+000  0.496441E-003  0.100586E-002  0.100586E-002  0.203801E-002
  0.193876E+001  0.733140E+000  0.500323E-003  0.101231E-002  0.101231E-002  0.204823E-002
  0.194043E+001  0.737854E+000  0.502808E-003  0.101600E-002  0.101600E-002  0.205297E-002
  0.194211E+001  0.742565E+000  0.510887E-003  0.103104E-002  0.103104E-002  0.208077E-002
  0.194379E+001  0.747272E+000  0.510732E-003  0.102952E-002  0.102952E-002  0.207530E-002
  0.194548E+001  0.751977E+000  0.518522E-003  0.104408E-002  0.104408E-002  0.210235E-002
  0.194718E+001  0.756679E+000  0.523253E-003  0.105254E-002  0.105254E-002  0.211721E-002
  0.194889E+001  0.761378E+000  0.522928E-003  0.105089E-002  0.105089E-002  0.211189E-002
  0.195061E+001  0.766075E+000  0.525734E-003  0.105560E-002  0.105560E-002  0.211950E-002
  0.195233E+001  0.770768E+000  0.530572E-003  0.106447E-002  0.106447E-002  0.213560E-002
  0.195406E+001  0.775458E+000  0.538272E-003  0.107913E-002  0.107913E-002  0.216344E-002
  0.195580E+001  0.780146E+000  0.540711E-003  0.108331E-002  0.108331E-002  0.217040E-002
  0.195755E+001  0.784831E+000  0.538521E-003  0.107829E-002  0.107829E-002  0.215908E-002
  0.195931E+001  0.789513E+000  0.546049E-003  0.109280E-002  0.109280E-002  0.218702E-002
  0.196107E+001  0.794192E+000  0.544241E-003  0.108871E-002  0.108871E-002  0.217787E-002
  0.196284E+001  0.798868E+000  0.547035E-003  0.109389E-002  0.109389E-002  0.218744E-002
  0.196462E+001  0.803541E+000  0.554540E-003  0.110857E-002  0.110857E-002  0.221614E-002
  0.196640E+001  0.808212E+000  0.552546E-003  0.110434E-002  0.110434E-002  0.220718E-002
  0.196819E+001  0.812880E+000  0.559668E-003  0.111840E-002  0.111840E-002  0.223494E-002
  0.196999E+001  0.817544E+000  0.559924E-003  0.111882E-002  0.111882E-002  0.223559E-002
  0.197180E+001  0.822207E+000  0.558869E-003  0.111670E-002  0.111670E-002  0.223133E-002
  0.197361E+001  0.826866E+000  0.566253E-003  0.113152E-002  0.113152E-002  0.226107E-002
  0.197543E+001  0.831523E+000  0.571664E-003  0.114248E-002  0.114248E-002  0.228327E-002
  0.197726E+001  0.836177E+000  0.567646E-003  0.113468E-002  0.113468E-002  0.226814E-002
  0.197910E+001  0.840828E+000  0.568894E-003  0.113749E-002  0.113749E-002  0.227438E-002
  0.198094E+001  0.845476E+000  0.568651E-003  0.113739E-002  0.113739E-002  0.227497E-002
  0.198279E+001  0.850122E+000  0.572394E-003  0.114536E-002  0.114536E-002  0.229186E-002
  0.198464E+001  0.854765E+000  0.572624E-003  0.114638E-002  0.114638E-002  0.229503E-002
  0.198650E+001  0.859406E+000  0.577287E-003  0.115636E-002  0.115636E-002  0.231631E-002
  0.198837E+001  0.864044E+000  0.574302E-003  0.115112E-002  0.115112E-002  0.230727E-002
  0.199025E+001  0.868679E+000  0.580713E-003  0.116480E-002  0.116480E-002  0.233636E-002
  0.199213E+001  0.873312E+000  0.580060E-003  0.116440E-002  0.116440E-002  0.233740E-002
  0.199401E+001  0.877943E+000  0.578904E-003  0.116308E-002  0.116308E-002  0.233675E-002
  0.199591E+001  0.882571E+000  0.582963E-003  0.117234E-002  0.117234E-002  0.235757E-002
  0.199780E+001  0.887196E+000  0.581534E-003  0.117065E-002  0.117065E-002  0.235655E-002
  0.199971E+001  0.891819E+000  0.578368E-003  0.116556E-002  0.116556E-002  0.234888E-002
  0.200162E+001  0.896440E+000  0.578735E-003  0.116767E-002  0.116767E-002  0.235591E-002
  0.200353E+001  0.901059E+000  0.579807E-003  0.117130E-002  0.117130E-002  0.236622E-002
  0.200545E+001  0.905675E+000  0.580169E-003  0.117361E-002  0.117361E-002  0.237408E-002
  0.200738E+001  0.910290E+000  0.576333E-003  0.116753E-002  0.116753E-002  0.236518E-002
  0.200931E+001  0.914902E+000  0.575581E-003  0.116779E-002  0.116779E-002  0.236931E-002
  0.201124E+001  0.919512E+000  0.582332E-003  0.118339E-002  0.118339E-002  0.240485E-002
  0.201318E+001  0.924121E+000  0.581553E-003  0.118384E-002  0.118384E-002  0.240990E-002
  0.201513E+001  0.928727E+000  0.573278E-003  0.116913E-002  0.116913E-002  0.238430E-002
  0.201708E+001  0.933332E+000  0.574570E-003  0.117403E-002  0.117403E-002  0.239892E-002
  0.201903E+001  0.937935E+000  0.570540E-003  0.116818E-002  0.116818E-002  0.239184E-002
  0.202098E+001  0.942537E+000  0.573124E-003  0.117601E-002  0.117601E-002  0.241307E-002
  0.202294E+001  0.947138E+000  0.568174E-003  0.116853E-002  0.116853E-002  0.240324E-002
  0.202490E+001  0.951737E+000  0.567452E-003  0.116989E-002  0.116989E-002  0.241189E-002
  0.202687E+001  0.956336E+000  0.565024E-003  0.116790E-002  0.116790E-002  0.241405E-002
  0.202883E+001  0.960933E+000  0.559386E-003  0.115942E-002  0.115942E-002  0.240311E-002
  0.203080E+001  0.965531E+000  0.557991E-003  0.115993E-002  0.115993E-002  0.241122E-002
  0.203276E+001  0.970128E+000  0.556421E-003  0.116028E-002  0.116028E-002  0.241947E-002
  0.203473E+001  0.974725E+000  0.549123E-003  0.114891E-002  0.114891E-002  0.240383E-002
  0.203669E+001  0.979323E+000  0.548062E-003  0.115082E-002  0.115082E-002  0.241648E-002
  0.203865E+001  0.983922E+000  0.547036E-003  0.115313E-002  0.115313E-002  0.243075E-002
  0.204061E+001  0.988523E+000  0.536524E-003  0.113575E-002  0.113575E-002  0.240422E-002
  0.204256E+001  0.993127E+000  0.534170E-003  0.113596E-002  0.113596E-002  0.241571E-002
  0.204451E+001  0.997734E+000  0.524425E-003  0.112087E-002  0.112087E-002  0.239569E-002
  0.204644E+001  0.100234E+001  0.516198E-003  0.110942E-002  0.110942E-002  0.238437E-002
  0.204836E+001  0.100696E+001  0.507512E-003  0.109750E-002  0.109750E-002  0.237335E-002
  0.205026E+001  0.101159E+001  0.499817E-003  0.108835E-002  0.108835E-002  0.236987E-002
  0.205214E+001  0.101622E+001  0.486574E-003  0.106783E-002  0.106783E-002  0.234345E-002
  0.205399E+001  0.102087E+001  0.474178E-003  0.104995E-002  0.104995E-002  0.232485E-002
  0.205580E+001  0.102552E+001  0.458743E-003  0.102624E-002  0.102624E-002  0.229577E-002
  0.205757E+001  0.103020E+001  0.440872E-003  0.998112E-003  0.998112E-003  0.225968E-002
  0.205928E+001  0.103490E+001  0.421307E-003  0.967215E-003  0.967215E-003  0.222048E-002
  0.206093E+001  0.103962E+001  0.401418E-003  0.936868E-003  0.936868E-003  0.218655E-002
  0.206249E+001  0.104437E+001  0.368920E-003  0.877780E-003  0.877780E-003  0.208852E-002
  0.206397E+001  0.104915E+001  0.335403E-003  0.816417E-003  0.816417E-003  0.198727E-002
  0.206535E+001  0.105395E+001  0.301888E-003  0.754573E-003  0.754573E-003  0.188606E-002
  0.206664E+001  0.105878E+001  0.264455E-003  0.681684E-003  0.681684E-003  0.175718E-002
  0.206783E+001  0.106364E+001  0.232092E-003  0.619583E-003  0.619583E-003  0.165401E-002
  0.206894E+001  0.106851E+001  0.192273E-003  0.534093E-003  0.534093E-003  0.148359E-002
  0.206998E+001  0.107341E+001  0.156639E-003  0.454997E-003  0.454997E-003  0.132165E-002
  0.207095E+001  0.107831E+001  0.128089E-003  0.390870E-003  0.390870E-003  0.119276E-002
  0.207187E+001  0.108322E+001  0.102691E-003  0.330942E-003  0.330942E-003  0.106652E-002
  0.207275E+001  0.108815E+001  0.814505E-004  0.278798E-003  0.278798E-003  0.954294E-003
  0.207360E+001  0.109307E+001  0.641190E-004  0.234614E-003  0.234614E-003  0.858458E-003
  0.207442E+001  0.109801E+001  0.495655E-004  0.195168E-003  0.195168E-003  0.768479E-003
  0.207521E+001  0.110294E+001  0.363921E-004  0.155278E-003  0.155278E-003  0.662534E-003
  0.207599E+001  0.110788E+001  0.273725E-004  0.127808E-003  0.127808E-003  0.596751E-003
  0.207676E+001  0.111282E+001  0.191108E-004  0.987736E-004  0.987736E-004  0.510490E-003
  0.207752E+001  0.111776E+001  0.140798E-004  0.816666E-004  0.816666E-004  0.473666E-003
  0.207827E+001  0.112271E+001  0.958815E-005  0.634864E-004  0.634864E-004  0.420333E-003
  0.207901E+001  0.112765E+001  0.612102E-005  0.472961E-004  0.472961E-004  0.365403E-003
  0.207975E+001  0.113260E+001  0.378934E-005  0.353009E-004  0.353009E-004  0.328789E-003
  0.208049E+001  0.113754E+001  0.232011E-005  0.273477E-004  0.273477E-004  0.322241E-003
  0.208122E+001  0.114249E+001  0.104521E-005  0.167968E-004  0.167968E-004  0.269708E-003
  0.208195E+001  0.114744E+001  0.430239E-006  0.109642E-004  0.109642E-004  0.278848E-003
  0.208269E+001  0.115238E+001  0.547434E-007  0.354736E-005  0.354736E-005  0.226150E-003
  0.208342E+001  0.115733E+001  0.123030E-007  0.165969E-005  0.165969E-005  0.208212E-003
  0.208416E+001  0.116227E+001  0.201366E-006  0.626525E-005  0.626525E-005  0.194014E-003
  0.208489E+001  0.116722E+001  0.584538E-006  0.103416E-004  0.103416E-004  0.182655E-003
  0.208563E+001  0.117216E+001  0.104954E-005  0.128720E-004  0.128720E-004  0.157715E-003
  0.208637E+001  0.117711E+001  0.172280E-005  0.161174E-004  0.161174E-004  0.150693E-003
  0.208712E+001  0.118205E+001  0.249095E-005  0.187375E-004  0.187375E-004  0.140886E-003
  0.208786E+001  0.118700E+001  0.323607E-005  0.203524E-004  0.203524E-004  0.127957E-003
  0.208861E+001  0.119194E+001  0.396942E-005  0.213641E-004  0.213641E-004  0.114951E-003
  0.208936E+001  0.119688E+001  0.518304E-005  0.243330E-004  0.243330E-004  0.114211E-003
  0.209012E+001  0.120183E+001  0.569654E-005  0.236369E-004  0.236369E-004  0.980560E-004
  0.209088E+001  0.120677E+001  0.657381E-005  0.243955E-004  0.243955E-004  0.905143E-004
  0.209165E+001  0.121171E+001  0.819477E-005  0.274239E-004  0.274239E-004  0.917596E-004
  0.209241E+001  0.121665E+001  0.863767E-005  0.263088E-004  0.263088E-004  0.801188E-004
  0.209318E+001  0.122159E+001  0.102289E-004  0.285088E-004  0.285088E-004  0.794449E-004
  0.209396E+001  0.122653E+001  0.102491E-004  0.262580E-004  0.262580E-004  0.672626E-004
  0.209474E+001  0.123147E+001  0.112750E-004  0.266825E-004  0.266825E-004  0.631354E-004
  0.209553E+001  0.123641E+001  0.125473E-004  0.275150E-004  0.275150E-004  0.603295E-004
  0.209632E+001  0.124134E+001  0.142946E-004  0.291515E-004  0.291515E-004  0.594424E-004
  0.209711E+001  0.124628E+001  0.139673E-004  0.265708E-004  0.265708E-004  0.505401E-004
  0.209791E+001  0.125121E+001  0.152224E-004  0.270604E-004  0.270604E-004  0.480983E-004
  0.209871E+001  0.125615E+001  0.160975E-004  0.268005E-004  0.268005E-004  0.446138E-004
  0.209952E+001  0.126108E+001  0.168012E-004  0.262253E-004  0.262253E-004  0.409298E-004
  0.210033E+001  0.126602E+001  0.189426E-004  0.277636E-004  0.277636E-004  0.406869E-004
  0.210115E+001  0.127095E+001  0.189962E-004  0.261548E-004  0.261548E-004  0.360059E-004
  0.210198E+001  0.127588E+001  0.214464E-004  0.277420E-004  0.277420E-004  0.358806E-004
  0.210280E+001  0.128081E+001  0.216237E-004  0.263130E-004  0.263130E-004  0.320143E-004
  0.210364E+001  0.128574E+001  0.221847E-004  0.253616E-004  0.253616E-004  0.289888E-004
  0.210448E+001  0.129067E+001  0.236205E-004  0.253627E-004  0.253627E-004  0.272289E-004
  0.210532E+001  0.129560E+001  0.238267E-004  0.240141E-004  0.240141E-004  0.241985E-004
  0.210617E+001  0.130053E+001  0.249860E-004  0.235914E-004  0.235914E-004  0.222699E-004
  0.210703E+001  0.130545E+001  0.273878E-004  0.241622E-004  0.241622E-004  0.213118E-004
  0.210789E+001  0.131038E+001  0.274971E-004  0.226084E-004  0.226084E-004  0.185841E-004
  0.210875E+001  0.131530E+001  0.296313E-004  0.226261E-004  0.226261E-004  0.172721E-004
  0.210963E+001  0.132023E+001  0.301334E-004  0.212284E-004  0.212284E-004  0.149500E-004
  0.211051E+001  0.132515E+001  0.327098E-004  0.211197E-004  0.211197E-004  0.136310E-004
  0.211139E+001  0.133007E+001  0.325939E-004  0.191168E-004  0.191168E-004  0.112065E-004
  0.211228E+001  0.133499E+001  0.347123E-004  0.182446E-004  0.182446E-004  0.958307E-005
  0.211318E+001  0.133991E+001  0.362385E-004  0.167426E-004  0.167426E-004  0.772854E-005
  0.211409E+001  0.134483E+001  0.398695E-004  0.157333E-004  0.157333E-004  0.620130E-005
  0.211500E+001  0.134974E+001  0.412393E-004  0.133116E-004  0.133116E-004  0.428856E-005
  0.211592E+001  0.135466E+001  0.449245E-004  0.109581E-004  0.109581E-004  0.266346E-005
  0.211685E+001  0.135957E+001  0.512336E-004  0.796891E-005  0.796891E-005  0.122848E-005
  0.211780E+001  0.136448E+001  0.534782E-004  0.284558E-005  0.284558E-005  0.138423E-006
  0.211876E+001  0.136938E+001  0.611301E-004  0.406949E-005  0.406949E-005  0.255291E-006
  0.211975E+001  0.137429E+001  0.714442E-004  0.151451E-004  0.151451E-004  0.319163E-005
  0.212078E+001  0.137918E+001  0.869284E-004  0.338852E-004  0.338852E-004  0.131863E-004
  0.212189E+001  0.138405E+001  0.102882E-003  0.620823E-004  0.620823E-004  0.374384E-004
  0.212315E+001  0.138889E+001  0.117442E-003  0.979089E-004  0.979089E-004  0.816045E-004
  0.212458E+001  0.139368E+001  0.114959E-003  0.117951E-003  0.117951E-003  0.121007E-003
  0.212616E+001  0.139843E+001  0.112979E-003  0.130751E-003  0.130751E-003  0.151310E-003
  0.212783E+001  0.140314E+001  0.104593E-003  0.129882E-003  0.129882E-003  0.161281E-003
  0.212954E+001  0.140784E+001  0.100101E-003  0.129936E-003  0.129936E-003  0.168660E-003
  0.213127E+001  0.141253E+001  0.962677E-004  0.128808E-003  0.128808E-003  0.172346E-003
  0.213301E+001  0.141722E+001  0.920157E-004  0.125893E-003  0.125893E-003  0.172241E-003
  0.213476E+001  0.142190E+001  0.889652E-004  0.123853E-003  0.123853E-003  0.172420E-003
  0.213651E+001  0.142658E+001  0.868379E-004  0.122610E-003  0.122610E-003  0.173117E-003
  0.213827E+001  0.143126E+001  0.837583E-004  0.119688E-003  0.119688E-003  0.171028E-003
  0.214003E+001  0.143594E+001  0.817443E-004  0.118033E-003  0.118033E-003  0.170432E-003
  0.214180E+001  0.144062E+001  0.796440E-004  0.116081E-003  0.116081E-003  0.169186E-003
  0.214356E+001  0.144530E+001  0.769550E-004  0.113115E-003  0.113115E-003  0.166265E-003
  0.214533E+001  0.144998E+001  0.751411E-004  0.111323E-003  0.111323E-003  0.164927E-003
  0.214709E+001  0.145466E+001  0.740593E-004  0.110532E-003  0.110532E-003  0.164966E-003
  0.214886E+001  0.145933E+001  0.711318E-004  0.106914E-003  0.106914E-003  0.160696E-003
  0.215063E+001  0.146401E+001  0.696319E-004  0.105372E-003  0.105372E-003  0.159455E-003
  0.215240E+001  0.146869E+001  0.682121E-004  0.103903E-003  0.103903E-003  0.158269E-003
  0.215416E+001  0.147336E+001  0.660125E-004  0.101196E-003  0.101196E-003  0.155132E-003
  0.215593E+001  0.147804E+001  0.643245E-004  0.992318E-004  0.992318E-004  0.153082E-003
  0.215770E+001  0.148272E+001  0.627197E-004  0.973601E-004  0.973601E-004  0.151132E-003
  0.215947E+001  0.148739E+001  0.613009E-004  0.957469E-004  0.957469E-004  0.149548E-003
  0.216124E+001  0.149207E+001  0.597316E-004  0.938710E-004  0.938710E-004  0.147522E-003
  0.216301E+001  0.149675E+001  0.581902E-004  0.920121E-004  0.920121E-004  0.145492E-003
  0.216478E+001  0.150142E+001  0.576160E-004  0.916663E-004  0.916663E-004  0.145840E-003
  0.216655E+001  0.150610E+001  0.559849E-004  0.896235E-004  0.896235E-004  0.143474E-003
  0.216832E+001  0.151078E+001  0.544084E-004  0.876435E-004  0.876435E-004  0.141180E-003
  0.217008E+001  0.151545E+001  0.527795E-004  0.855518E-004  0.855518E-004  0.138673E-003
  0.217185E+001  0.152013E+001  0.515511E-004  0.840920E-004  0.840920E-004  0.137173E-003
  0.217362E+001  0.152481E+001  0.503482E-004  0.826582E-004  0.826582E-004  0.135702E-003
  0.217539E+001  0.152948E+001  0.485651E-004  0.802505E-004  0.802505E-004  0.132608E-003
  0.217716E+001  0.153416E+001  0.473182E-004  0.787070E-004  0.787070E-004  0.130917E-003
  0.217893E+001  0.153884E+001  0.460936E-004  0.771847E-004  0.771847E-004  0.129247E-003
  0.218070E+001  0.154351E+001  0.451074E-004  0.760483E-004  0.760483E-004  0.128213E-003
  0.218247E+001  0.154819E+001  0.439215E-004  0.745627E-004  0.745627E-004  0.126580E-003
  0.218424E+001  0.155287E+001  0.427838E-004  0.731441E-004  0.731441E-004  0.125048E-003
  0.218600E+001  0.155754E+001  0.415814E-004  0.715967E-004  0.715967E-004  0.123278E-003
  0.218777E+001  0.156222E+001  0.403711E-004  0.700223E-004  0.700223E-004  0.121451E-003
  0.218954E+001  0.156690E+001  0.391853E-004  0.684734E-004  0.684734E-004  0.119652E-003
  0.219131E+001  0.157157E+001  0.383173E-004  0.674671E-004  0.674671E-004  0.118792E-003
  0.219308E+001  0.157625E+001  0.374728E-004  0.664938E-004  0.664938E-004  0.117990E-003
  0.219484E+001  0.158093E+001  0.363817E-004  0.650679E-004  0.650679E-004  0.116372E-003
  0.219661E+001  0.158561E+001  0.350611E-004  0.632152E-004  0.632152E-004  0.113977E-003
  0.219838E+001  0.159028E+001  0.340981E-004  0.619894E-004  0.619894E-004  0.112694E-003
  0.220015E+001  0.159496E+001  0.335078E-004  0.614332E-004  0.614332E-004  0.112631E-003
  0.220191E+001  0.159964E+001  0.320432E-004  0.592551E-004  0.592551E-004  0.109576E-003
  0.220368E+001  0.160432E+001  0.309491E-004  0.577404E-004  0.577404E-004  0.107723E-003
  0.220544E+001  0.160899E+001  0.301984E-004  0.568493E-004  0.568493E-004  0.107020E-003
  0.220721E+001  0.161367E+001  0.290814E-004  0.552563E-004  0.552563E-004  0.104989E-003
  0.220898E+001  0.161835E+001  0.284696E-004  0.546097E-004  0.546097E-004  0.104751E-003
  0.221074E+001  0.162303E+001  0.273689E-004  0.530086E-004  0.530086E-004  0.102668E-003
  0.221251E+001  0.162771E+001  0.264764E-004  0.517937E-004  0.517937E-004  0.101319E-003
  0.221427E+001  0.163238E+001  0.255408E-004  0.504738E-004  0.504738E-004  0.997459E-004
  0.221604E+001  0.163706E+001  0.252055E-004  0.503360E-004  0.503360E-004  0.100522E-003
  0.221780E+001  0.164174E+001  0.238685E-004  0.481783E-004  0.481783E-004  0.972466E-004
  0.221956E+001  0.164642E+001  0.232567E-004  0.474612E-004  0.474612E-004  0.968558E-004
  0.222133E+001  0.165110E+001  0.223404E-004  0.461105E-004  0.461105E-004  0.951712E-004
  0.222309E+001  0.165578E+001  0.214760E-004  0.448419E-004  0.448419E-004  0.936291E-004
  0.222485E+001  0.166046E+001  0.209489E-004  0.442638E-004  0.442638E-004  0.935264E-004
  0.222661E+001  0.166513E+001  0.200762E-004  0.429408E-004  0.429408E-004  0.918449E-004
  0.222838E+001  0.166981E+001  0.194751E-004  0.421841E-004  0.421841E-004  0.913719E-004
  0.223014E+001  0.167449E+001  0.185586E-004  0.407208E-004  0.407208E-004  0.893475E-004
  0.223190E+001  0.167917E+001  0.177734E-004  0.395187E-004  0.395187E-004  0.878684E-004
  0.223366E+001  0.168385E+001  0.170590E-004  0.384518E-004  0.384518E-004  0.866716E-004
  0.223542E+001  0.168853E+001  0.163776E-004  0.374386E-004  0.374386E-004  0.855825E-004
  0.223718E+001  0.169321E+001  0.157100E-004  0.364363E-004  0.364363E-004  0.845057E-004
  0.223894E+001  0.169789E+001  0.150528E-004  0.354366E-004  0.354366E-004  0.834225E-004
  0.224070E+001  0.170257E+001  0.144163E-004  0.344642E-004  0.344642E-004  0.823903E-004
  0.224246E+001  0.170725E+001  0.138226E-004  0.335730E-004  0.335730E-004  0.815426E-004
  0.224422E+001  0.171193E+001  0.133038E-004  0.328460E-004  0.328460E-004  0.810927E-004
  0.224598E+001  0.171661E+001  0.129031E-004  0.323993E-004  0.323993E-004  0.813524E-004
  0.224773E+001  0.172130E+001  0.122062E-004  0.311857E-004  0.311857E-004  0.796751E-004
  0.224949E+001  0.172598E+001  0.114434E-004  0.297687E-004  0.297687E-004  0.774382E-004
  0.225125E+001  0.173066E+001  0.108947E-004  0.288744E-004  0.288744E-004  0.765252E-004
  0.225300E+001  0.173534E+001  0.104191E-004  0.281485E-004  0.281485E-004  0.760455E-004
  0.225476E+001  0.174002E+001  0.979978E-005  0.270093E-004  0.270093E-004  0.744394E-004
  0.225651E+001  0.174470E+001  0.935777E-005  0.263270E-004  0.263270E-004  0.740668E-004
  0.225827E+001  0.174938E+001  0.880868E-005  0.253195E-004  0.253195E-004  0.727762E-004
  0.226002E+001  0.175407E+001  0.843516E-005  0.247882E-004  0.247882E-004  0.728432E-004
  0.226178E+001  0.175875E+001  0.783275E-005  0.235560E-004  0.235560E-004  0.708403E-004
  0.226353E+001  0.176343E+001  0.735305E-005  0.226478E-004  0.226478E-004  0.697549E-004
  0.226528E+001  0.176811E+001  0.693661E-005  0.219025E-004  0.219025E-004  0.691557E-004
  0.226704E+001  0.177280E+001  0.649667E-005  0.210540E-004  0.210540E-004  0.682286E-004
  0.226879E+001  0.177748E+001  0.606222E-005  0.201830E-004  0.201830E-004  0.671934E-004
  0.227054E+001  0.178216E+001  0.565346E-005  0.193592E-004  0.193592E-004  0.662899E-004
  0.227229E+001  0.178685E+001  0.527558E-005  0.186042E-004  0.186042E-004  0.656047E-004
  0.227404E+001  0.179153E+001  0.488581E-005  0.177677E-004  0.177677E-004  0.646116E-004
  0.227579E+001  0.179621E+001  0.451494E-005  0.169566E-004  0.169566E-004  0.636805E-004
  0.227754E+001  0.180090E+001  0.417418E-005  0.162158E-004  0.162158E-004  0.629916E-004
  0.227929E+001  0.180558E+001  0.383030E-005  0.154179E-004  0.154179E-004  0.620577E-004
  0.228104E+001  0.181027E+001  0.350621E-005  0.146512E-004  0.146512E-004  0.612185E-004
  0.228279E+001  0.181495E+001  0.323288E-005  0.140526E-004  0.140526E-004  0.610797E-004
  0.228453E+001  0.181964E+001  0.297002E-005  0.134565E-004  0.134565E-004  0.609644E-004
  0.228628E+001  0.182432E+001  0.262452E-005  0.124283E-004  0.124283E-004  0.588490E-004
  0.228803E+001  0.182901E+001  0.235875E-005  0.117066E-004  0.117066E-004  0.580949E-004
  0.228977E+001  0.183369E+001  0.211839E-005  0.110496E-004  0.110496E-004  0.576298E-004
  0.229152E+001  0.183838E+001  0.186669E-005  0.102714E-004  0.102714E-004  0.565113E-004
  0.229326E+001  0.184306E+001  0.165274E-005  0.962769E-005  0.962769E-005  0.560768E-004
  0.229501E+001  0.184775E+001  0.143431E-005  0.888768E-005  0.888768E-005  0.550640E-004
  0.229675E+001  0.185243E+001  0.123760E-005  0.819589E-005  0.819589E-005  0.542669E-004
  0.229850E+001  0.185712E+001  0.107342E-005  0.764514E-005  0.764514E-005  0.544395E-004
  0.230024E+001  0.186181E+001  0.888662E-006  0.685132E-005  0.685132E-005  0.528084E-004
  0.230198E+001  0.186649E+001  0.735986E-006  0.619276E-005  0.619276E-005  0.520914E-004
  0.230372E+001  0.187118E+001  0.599534E-006  0.556050E-005  0.556050E-005  0.515524E-004
  0.230546E+001  0.187587E+001  0.480982E-006  0.497777E-005  0.497777E-005  0.514912E-004
  0.230720E+001  0.188055E+001  0.365547E-006  0.428750E-005  0.428750E-005  0.502561E-004
  0.230894E+001  0.188524E+001  0.271400E-006  0.368165E-005  0.368165E-005  0.499001E-004
  0.231068E+001  0.188993E+001  0.190301E-006  0.306965E-005  0.306965E-005  0.494531E-004
  0.231242E+001  0.189462E+001  0.122721E-006  0.245021E-005  0.245021E-005  0.488245E-004
  0.231416E+001  0.189930E+001  0.683655E-007  0.180010E-005  0.180010E-005  0.472297E-004
  0.231590E+001  0.190399E+001  0.308545E-007  0.120275E-005  0.120275E-005  0.465137E-004
  0.231764E+001  0.190868E+001  0.800871E-008  0.615647E-006  0.615647E-006  0.458991E-004
  0.231938E+001  0.191337E+001  0.224616E-009  0.353355E-007  0.353355E-007  0.455441E-004
  0.232111E+001  0.191806E+001  0.621852E-008  0.540239E-006  0.540239E-006  0.450840E-004
  0.232285E+001  0.192275E+001  0.272147E-007  0.109828E-005  0.109828E-005  0.439060E-004
  0.232459E+001  0.192744E+001  0.632914E-007  0.166155E-005  0.166155E-005  0.434401E-004
  0.232632E+001  0.193212E+001  0.113198E-006  0.219832E-005  0.219832E-005  0.425922E-004
  0.232806E+001  0.193681E+001  0.181909E-006  0.279134E-005  0.279134E-005  0.427694E-004
  0.232979E+001  0.194150E+001  0.257954E-006  0.326655E-005  0.326655E-005  0.413216E-004
  0.233153E+001  0.194619E+001  0.362184E-006  0.389168E-005  0.389168E-005  0.417846E-004
  0.233326E+001  0.195088E+001  0.463191E-006  0.431685E-005  0.431685E-005  0.402080E-004
  0.233499E+001  0.195557E+001  0.585817E-006  0.481140E-005  0.481140E-005  0.394977E-004
  0.233673E+001  0.196026E+001  0.743587E-006  0.544633E-005  0.544633E-005  0.398758E-004
  0.233846E+001  0.196495E+001  0.885533E-006  0.584698E-005  0.584698E-005  0.385937E-004
  0.234019E+001  0.196964E+001  0.104707E-005  0.628444E-005  0.628444E-005  0.377083E-004
  0.234192E+001  0.197433E+001  0.122749E-005  0.674376E-005  0.674376E-005  0.370408E-004
  0.234365E+001  0.197902E+001  0.142546E-005  0.721114E-005  0.721114E-005  0.364719E-004
  0.234538E+001  0.198372E+001  0.167010E-005  0.781926E-005  0.781926E-005  0.366024E-004
  0.234711E+001  0.198841E+001  0.190433E-005  0.828831E-005  0.828831E-005  0.360677E-004
  0.234884E+001  0.199310E+001  0.214730E-005  0.872172E-005  0.872172E-005  0.354200E-004
  0.235057E+001  0.199779E+001  0.239762E-005  0.911938E-005  0.911938E-005  0.346811E-004
  0.235230E+001  0.200248E+001  0.265599E-005  0.948881E-005  0.948881E-005  0.338956E-004
  0.235403E+001  0.200717E+001  0.292584E-005  0.984514E-005  0.984514E-005  0.331241E-004
  0.235576E+001  0.201186E+001  0.321397E-005  0.102109E-004  0.102109E-004  0.324371E-004
  0.235749E+001  0.201655E+001  0.353132E-005  0.106164E-004  0.106164E-004  0.319133E-004
  0.235922E+001  0.202125E+001  0.385430E-005  0.109869E-004  0.109869E-004  0.313157E-004
  0.236095E+001  0.202594E+001  0.421964E-005  0.114259E-004  0.114259E-004  0.309364E-004
  0.236267E+001  0.203063E+001  0.461352E-005  0.118901E-004  0.118901E-004  0.306413E-004
  0.236440E+001  0.203532E+001  0.492514E-005  0.120964E-004  0.120964E-004  0.297070E-004
  0.236613E+001  0.204001E+001  0.533019E-005  0.124933E-004  0.124933E-004  0.292805E-004
  0.236786E+001  0.204471E+001  0.573267E-005  0.128397E-004  0.128397E-004  0.287557E-004
  0.236958E+001  0.204940E+001  0.616715E-005  0.132185E-004  0.132185E-004  0.283303E-004
  0.237131E+001  0.205409E+001  0.654391E-005  0.134341E-004  0.134341E-004  0.275773E-004
  0.237304E+001  0.205878E+001  0.712585E-005  0.140259E-004  0.140259E-004  0.276059E-004
  0.237476E+001  0.206348E+001  0.751217E-005  0.141941E-004  0.141941E-004  0.268179E-004
  0.237649E+001  0.206817E+001  0.790363E-005  0.143450E-004  0.143450E-004  0.260347E-004
  0.237821E+001  0.207286E+001  0.848237E-005  0.148043E-004  0.148043E-004  0.258365E-004
  0.237994E+001  0.207755E+001  0.887463E-005  0.149024E-004  0.149024E-004  0.250230E-004
  0.238167E+001  0.208225E+001  0.941527E-005  0.152227E-004  0.152227E-004  0.246110E-004
  0.238339E+001  0.208694E+001  0.993360E-005  0.154778E-004  0.154778E-004  0.241151E-004
  0.238512E+001  0.209163E+001  0.104900E-004  0.157582E-004  0.157582E-004  0.236710E-004
  0.238684E+001  0.209633E+001  0.112095E-004  0.162477E-004  0.162477E-004  0.235494E-004
  0.238857E+001  0.210102E+001  0.115229E-004  0.161212E-004  0.161212E-004  0.225537E-004
  0.239030E+001  0.210571E+001  0.123482E-004  0.166840E-004  0.166840E-004  0.225413E-004
  0.239202E+001  0.211040E+001  0.126742E-004  0.165491E-004  0.165491E-004  0.216079E-004
  0.239375E+001  0.211510E+001  0.133131E-004  0.168039E-004  0.168039E-004  0.212090E-004
  0.239547E+001  0.211979E+001  0.139324E-004  0.170098E-004  0.170098E-004  0.207661E-004
  0.239720E+001  0.212448E+001  0.145533E-004  0.171898E-004  0.171898E-004  0.203032E-004
  0.239892E+001  0.212917E+001  0.151725E-004  0.173480E-004  0.173480E-004  0.198346E-004
  0.240065E+001  0.213387E+001  0.157636E-004  0.174502E-004  0.174502E-004  0.193166E-004
  0.240238E+001  0.213856E+001  0.165393E-004  0.177320E-004  0.177320E-004  0.190102E-004
  0.240410E+001  0.214325E+001  0.171066E-004  0.177712E-004  0.177712E-004  0.184610E-004
  0.240583E+001  0.214794E+001  0.177855E-004  0.179049E-004  0.179049E-004  0.180246E-004
  0.240756E+001  0.215264E+001  0.184903E-004  0.180435E-004  0.180435E-004  0.176069E-004
  0.240928E+001  0.215733E+001  0.192913E-004  0.182555E-004  0.182555E-004  0.172747E-004
  0.241101E+001  0.216202E+001  0.197931E-004  0.181644E-004  0.181644E-004  0.166692E-004
  0.241274E+001  0.216671E+001  0.206179E-004  0.183535E-004  0.183535E-004  0.163372E-004
  0.241447E+001  0.217141E+001  0.212721E-004  0.183710E-004  0.183710E-004  0.158650E-004
  0.241619E+001  0.217610E+001  0.225146E-004  0.188706E-004  0.188706E-004  0.158159E-004
  0.241792E+001  0.218079E+001  0.229458E-004  0.186646E-004  0.186646E-004  0.151816E-004
  0.241965E+001  0.218548E+001  0.235351E-004  0.185816E-004  0.185816E-004  0.146703E-004
  0.242138E+001  0.219017E+001  0.242217E-004  0.185644E-004  0.185644E-004  0.142279E-004
  0.242311E+001  0.219486E+001  0.249621E-004  0.185743E-004  0.185743E-004  0.138206E-004
  0.242484E+001  0.219955E+001  0.257357E-004  0.185935E-004  0.185935E-004  0.134330E-004
  0.242657E+001  0.220424E+001  0.265540E-004  0.186288E-004  0.186288E-004  0.130685E-004
  0.242831E+001  0.220894E+001  0.274609E-004  0.187048E-004  0.187048E-004  0.127402E-004
  0.243004E+001  0.221363E+001  0.280833E-004  0.185765E-004  0.185765E-004  0.122875E-004
  0.243177E+001  0.221832E+001  0.289025E-004  0.185671E-004  0.185671E-004  0.119272E-004
  0.243350E+001  0.222301E+001  0.301876E-004  0.188337E-004  0.188337E-004  0.117498E-004
  0.243524E+001  0.222770E+001  0.304824E-004  0.184666E-004  0.184666E-004  0.111869E-004
  0.243697E+001  0.223238E+001  0.312756E-004  0.184010E-004  0.184010E-004  0.108258E-004
  0.243871E+001  0.223707E+001  0.324608E-004  0.185442E-004  0.185442E-004  0.105935E-004
  0.244044E+001  0.224176E+001  0.330899E-004  0.183574E-004  0.183574E-004  0.101839E-004
  0.244218E+001  0.224645E+001  0.337441E-004  0.181754E-004  0.181754E-004  0.978942E-005
  0.244392E+001  0.225114E+001  0.346145E-004  0.181003E-004  0.181003E-004  0.946449E-005
  0.244566E+001  0.225583E+001  0.354914E-004  0.180157E-004  0.180157E-004  0.914461E-005
  0.244740E+001  0.226052E+001  0.362909E-004  0.178806E-004  0.178806E-004  0.880952E-005
  0.244914E+001  0.226520E+001  0.374017E-004  0.178847E-004  0.178847E-004  0.855175E-005
  0.245088E+001  0.226989E+001  0.379471E-004  0.176082E-004  0.176082E-004  0.817021E-005
  0.245262E+001  0.227458E+001  0.390588E-004  0.175846E-004  0.175846E-004  0.791645E-005
  0.245437E+001  0.227926E+001  0.405251E-004  0.176956E-004  0.176956E-004  0.772666E-005
  0.245611E+001  0.228395E+001  0.404939E-004  0.171496E-004  0.171496E-004  0.726273E-005
  0.245786E+001  0.228863E+001  0.422209E-004  0.173358E-004  0.173358E-004  0.711779E-005
  0.245960E+001  0.229332E+001  0.425484E-004  0.169368E-004  0.169368E-004  0.674161E-005
  0.246135E+001  0.229800E+001  0.430310E-004  0.165988E-004  0.165988E-004  0.640254E-005
  0.246310E+001  0.230269E+001  0.439742E-004  0.164331E-004  0.164331E-004  0.614077E-005
  0.246485E+001  0.230737E+001  0.447739E-004  0.162049E-004  0.162049E-004  0.586473E-005
  0.246660E+001  0.231205E+001  0.457202E-004  0.160210E-004  0.160210E-004  0.561376E-005
  0.246836E+001  0.231674E+001  0.465317E-004  0.157784E-004  0.157784E-004  0.535003E-005
  0.247011E+001  0.232142E+001  0.474732E-004  0.155745E-004  0.155745E-004  0.510927E-005
  0.247187E+001  0.232610E+001  0.482414E-004  0.153032E-004  0.153032E-004  0.485427E-005
  0.247363E+001  0.233078E+001  0.496365E-004  0.152186E-004  0.152186E-004  0.466579E-005
  0.247538E+001  0.233546E+001  0.506589E-004  0.150081E-004  0.150081E-004  0.444602E-005
  0.247715E+001  0.234014E+001  0.512359E-004  0.146540E-004  0.146540E-004  0.419093E-005
  0.247891E+001  0.234482E+001  0.515182E-004  0.142203E-004  0.142203E-004  0.392492E-005
  0.248067E+001  0.234950E+001  0.528189E-004  0.140624E-004  0.140624E-004  0.374371E-005
  0.248244E+001  0.235417E+001  0.535018E-004  0.137279E-004  0.137279E-004  0.352221E-005
  0.248421E+001  0.235885E+001  0.546462E-004  0.135045E-004  0.135045E-004  0.333711E-005
  0.248598E+001  0.236353E+001  0.551742E-004  0.131230E-004  0.131230E-004  0.312104E-005
  0.248775E+001  0.236820E+001  0.561700E-004  0.128485E-004  0.128485E-004  0.293877E-005
  0.248952E+001  0.237288E+001  0.564229E-004  0.124022E-004  0.124022E-004  0.272590E-005
  0.249130E+001  0.237755E+001  0.580621E-004  0.122506E-004  0.122506E-004  0.258455E-005
  0.249307E+001  0.238223E+001  0.590119E-004  0.119431E-004  0.119431E-004  0.241688E-005
  0.249485E+001  0.238690E+001  0.592646E-004  0.114905E-004  0.114905E-004  0.222764E-005
  0.249663E+001  0.239157E+001  0.604003E-004  0.112067E-004  0.112067E-004  0.207908E-005
  0.249842E+001  0.239624E+001  0.603280E-004  0.106960E-004  0.106960E-004  0.189617E-005
  0.250021E+001  0.240091E+001  0.622544E-004  0.105335E-004  0.105335E-004  0.178207E-005
