  0.201999E+001  0.932506E-001  0.704274E-003  0.405841E-004  0.405841E-004  0.233819E-005
  0.201999E+001  0.932506E-001  0.704274E-003  0.405841E-004  0.405841E-004  0.233819E-005
  0.202002E+001  0.982505E-001  0.950635E-003  0.573372E-004  0.573372E-004  0.345773E-005
  0.202006E+001  0.103250E+000  0.630820E-003  0.401948E-004  0.401948E-004  0.256055E-005
  0.202010E+001  0.108250E+000  0.611419E-003  0.409370E-004  0.409370E-004  0.274026E-005
  0.202014E+001  0.113250E+000  0.579548E-003  0.405928E-004  0.405928E-004  0.284250E-005
  0.202018E+001  0.118250E+000  0.560117E-003  0.408893E-004  0.408893E-004  0.298422E-005
  0.202023E+001  0.123250E+000  0.746081E-003  0.571091E-004  0.571091E-004  0.437064E-005
  0.202027E+001  0.128249E+000  0.511565E-003  0.405477E-004  0.405477E-004  0.321304E-005
  0.202032E+001  0.133249E+000  0.499068E-003  0.411924E-004  0.411924E-004  0.339907E-005
  0.202037E+001  0.138249E+000  0.488850E-003  0.418908E-004  0.418908E-004  0.358878E-005
  0.202042E+001  0.143249E+000  0.455784E-003  0.404444E-004  0.404444E-004  0.358787E-005
  0.202047E+001  0.148248E+000  0.466792E-003  0.427962E-004  0.427962E-004  0.392257E-005
  0.202053E+001  0.153248E+000  0.443223E-003  0.421495E-004  0.421495E-004  0.400723E-005
  0.202058E+001  0.158248E+000  0.494073E-003  0.483490E-004  0.483490E-004  0.473017E-005
  0.202064E+001  0.163247E+000  0.438895E-003  0.443591E-004  0.443591E-004  0.448217E-005
  0.202070E+001  0.168247E+000  0.442634E-003  0.461169E-004  0.461169E-004  0.480355E-005
  0.202077E+001  0.173247E+000  0.399422E-003  0.430227E-004  0.430227E-004  0.463278E-005
  0.202083E+001  0.178246E+000  0.371748E-003  0.411330E-004  0.411330E-004  0.454991E-005
  0.202090E+001  0.183246E+000  0.365127E-003  0.416175E-004  0.416175E-004  0.474219E-005
  0.202097E+001  0.188245E+000  0.373835E-003  0.438222E-004  0.438222E-004  0.513554E-005
  0.202104E+001  0.193245E+000  0.359201E-003  0.432411E-004  0.432411E-004  0.520392E-005
  0.202111E+001  0.198244E+000  0.332888E-003  0.410988E-004  0.410988E-004  0.507256E-005
  0.202118E+001  0.203244E+000  0.335743E-003  0.424619E-004  0.424619E-004  0.536859E-005
  0.202126E+001  0.208243E+000  0.316654E-003  0.411108E-004  0.411108E-004  0.533569E-005
  0.202134E+001  0.213243E+000  0.319602E-003  0.425412E-004  0.425412E-004  0.566081E-005
  0.202142E+001  0.218242E+000  0.312411E-003  0.425847E-004  0.425847E-004  0.580296E-005
  0.202150E+001  0.223241E+000  0.296319E-003  0.413197E-004  0.413197E-004  0.575994E-005
  0.202158E+001  0.228241E+000  0.296465E-003  0.422501E-004  0.422501E-004  0.601931E-005
  0.202167E+001  0.233240E+000  0.284739E-003  0.415415E-004  0.415415E-004  0.605870E-005
  0.202176E+001  0.238239E+000  0.289162E-003  0.431440E-004  0.431440E-004  0.643525E-005
  0.202185E+001  0.243238E+000  0.284372E-003  0.433515E-004  0.433515E-004  0.660675E-005
  0.202194E+001  0.248237E+000  0.269822E-003  0.419913E-004  0.419913E-004  0.653284E-005
  0.202203E+001  0.253237E+000  0.263821E-003  0.418810E-004  0.418810E-004  0.664636E-005
  0.202213E+001  0.258236E+000  0.260984E-003  0.423192E-004  0.423192E-004  0.685994E-005
  0.202223E+001  0.263235E+000  0.266988E-003  0.441848E-004  0.441848E-004  0.731004E-005
  0.202233E+001  0.268234E+000  0.262829E-003  0.443589E-004  0.443589E-004  0.748432E-005
  0.202243E+001  0.273233E+000  0.248718E-003  0.427789E-004  0.427789E-004  0.735548E-005
  0.202253E+001  0.278232E+000  0.239928E-003  0.420279E-004  0.420279E-004  0.735950E-005
  0.202264E+001  0.283230E+000  0.240738E-003  0.429956E-004  0.429956E-004  0.767647E-005
  0.202274E+001  0.288229E+000  0.243830E-003  0.442962E-004  0.442962E-004  0.804465E-005
  0.202285E+001  0.293228E+000  0.239873E-003  0.443746E-004  0.443746E-004  0.820632E-005
  0.202297E+001  0.298227E+000  0.228412E-003  0.430692E-004  0.430692E-004  0.811838E-005
  0.202308E+001  0.303226E+000  0.221888E-003  0.425532E-004  0.425532E-004  0.815800E-005
  0.202320E+001  0.308224E+000  0.220227E-003  0.429966E-004  0.429966E-004  0.839176E-005
  0.202332E+001  0.313223E+000  0.220882E-003  0.438776E-004  0.438776E-004  0.871328E-005
  0.202344E+001  0.318221E+000  0.216093E-003  0.436522E-004  0.436522E-004  0.881507E-005
  0.202356E+001  0.323220E+000  0.208968E-003  0.429052E-004  0.429052E-004  0.880623E-005
  0.202368E+001  0.328218E+000  0.211101E-003  0.440334E-004  0.440334E-004  0.918179E-005
  0.202381E+001  0.333217E+000  0.203375E-003  0.431324E-004  0.431324E-004  0.914449E-005
  0.202394E+001  0.338215E+000  0.200462E-003  0.432057E-004  0.432057E-004  0.930893E-005
  0.202407E+001  0.343213E+000  0.198265E-003  0.434071E-004  0.434071E-004  0.950003E-005
  0.202420E+001  0.348211E+000  0.201168E-003  0.447191E-004  0.447191E-004  0.993757E-005
  0.202434E+001  0.353210E+000  0.192962E-003  0.435848E-004  0.435848E-004  0.984115E-005
  0.202448E+001  0.358208E+000  0.191660E-003  0.439677E-004  0.439677E-004  0.100829E-004
  0.202462E+001  0.363206E+000  0.189366E-003  0.441022E-004  0.441022E-004  0.102676E-004
  0.202476E+001  0.368204E+000  0.186138E-003  0.439927E-004  0.439927E-004  0.103938E-004
  0.202490E+001  0.373202E+000  0.188571E-003  0.452112E-004  0.452112E-004  0.108360E-004
  0.202505E+001  0.378200E+000  0.182228E-003  0.443494E-004  0.443494E-004  0.107896E-004
  0.202520E+001  0.383197E+000  0.179928E-003  0.444332E-004  0.444332E-004  0.109689E-004
  0.202535E+001  0.388195E+000  0.178277E-003  0.446563E-004  0.446563E-004  0.111819E-004
  0.202550E+001  0.393193E+000  0.180224E-003  0.457756E-004  0.457756E-004  0.116226E-004
  0.202566E+001  0.398190E+000  0.174291E-003  0.449135E-004  0.449135E-004  0.115697E-004
  0.202582E+001  0.403188E+000  0.172927E-003  0.451954E-004  0.451954E-004  0.118078E-004
  0.202598E+001  0.408185E+000  0.171045E-003  0.453240E-004  0.453240E-004  0.120057E-004
  0.202614E+001  0.413183E+000  0.169387E-003  0.454936E-004  0.454936E-004  0.122141E-004
  0.202631E+001  0.418180E+000  0.169565E-003  0.461830E-004  0.461830E-004  0.125740E-004
  0.202647E+001  0.423177E+000  0.167828E-003  0.463025E-004  0.463025E-004  0.127699E-004
  0.202664E+001  0.428174E+000  0.165893E-003  0.463858E-004  0.463858E-004  0.129653E-004
  0.202682E+001  0.433171E+000  0.165946E-003  0.470486E-004  0.470486E-004  0.133343E-004
  0.202699E+001  0.438168E+000  0.161467E-003  0.463694E-004  0.463694E-004  0.133112E-004
  0.202717E+001  0.443165E+000  0.161600E-003  0.470285E-004  0.470285E-004  0.136812E-004
  0.202735E+001  0.448162E+000  0.160942E-003  0.474508E-004  0.474508E-004  0.139849E-004
  0.202753E+001  0.453158E+000  0.158221E-003  0.472475E-004  0.472475E-004  0.141037E-004
  0.202771E+001  0.458155E+000  0.156353E-003  0.472773E-004  0.472773E-004  0.142901E-004
  0.202790E+001  0.463152E+000  0.155337E-003  0.475820E-004  0.475820E-004  0.145696E-004
  0.202809E+001  0.468148E+000  0.154692E-003  0.479896E-004  0.479896E-004  0.148821E-004
  0.202828E+001  0.473144E+000  0.152797E-003  0.479955E-004  0.479955E-004  0.150704E-004
  0.202847E+001  0.478141E+000  0.151936E-003  0.483123E-004  0.483123E-004  0.153564E-004
  0.202867E+001  0.483137E+000  0.150448E-003  0.484471E-004  0.484471E-004  0.155950E-004
  0.202887E+001  0.488133E+000  0.149727E-003  0.488164E-004  0.488164E-004  0.159100E-004
  0.202907E+001  0.493129E+000  0.148274E-003  0.489353E-004  0.489353E-004  0.161441E-004
  0.202927E+001  0.498125E+000  0.148155E-003  0.494850E-004  0.494850E-004  0.165221E-004
  0.202948E+001  0.503120E+000  0.146267E-003  0.494617E-004  0.494617E-004  0.167195E-004
  0.202969E+001  0.508116E+000  0.145416E-003  0.497746E-004  0.497746E-004  0.170309E-004
  0.202990E+001  0.513111E+000  0.144478E-003  0.500477E-004  0.500477E-004  0.173300E-004
  0.203012E+001  0.518107E+000  0.145421E-003  0.509981E-004  0.509981E-004  0.178779E-004
  0.203033E+001  0.523102E+000  0.143053E-003  0.507507E-004  0.507507E-004  0.179978E-004
  0.203055E+001  0.528097E+000  0.142124E-003  0.510258E-004  0.510258E-004  0.183123E-004
  0.203077E+001  0.533092E+000  0.142245E-003  0.516722E-004  0.516722E-004  0.187633E-004
  0.203100E+001  0.538087E+000  0.140462E-003  0.516446E-004  0.516446E-004  0.189811E-004
  0.203123E+001  0.543082E+000  0.140465E-003  0.522638E-004  0.522638E-004  0.194387E-004
  0.203146E+001  0.548077E+000  0.139603E-003  0.525555E-004  0.525555E-004  0.197776E-004
  0.203169E+001  0.553071E+000  0.138282E-003  0.526632E-004  0.526632E-004  0.200484E-004
  0.203193E+001  0.558066E+000  0.138824E-003  0.535021E-004  0.535021E-004  0.206114E-004
  0.203216E+001  0.563060E+000  0.138013E-003  0.537904E-004  0.537904E-004  0.209565E-004
  0.203241E+001  0.568054E+000  0.137693E-003  0.543159E-004  0.543159E-004  0.214178E-004
  0.203265E+001  0.573048E+000  0.135878E-003  0.542148E-004  0.542148E-004  0.216230E-004
  0.203290E+001  0.578042E+000  0.136110E-003  0.549480E-004  0.549480E-004  0.221741E-004
  0.203315E+001  0.583036E+000  0.135722E-003  0.554295E-004  0.554295E-004  0.226288E-004
  0.203340E+001  0.588030E+000  0.134451E-003  0.555416E-004  0.555416E-004  0.229352E-004
  0.203365E+001  0.593023E+000  0.134514E-003  0.561989E-004  0.561989E-004  0.234702E-004
  0.203391E+001  0.598016E+000  0.133561E-003  0.564524E-004  0.564524E-004  0.238513E-004
  0.203417E+001  0.603010E+000  0.133392E-003  0.570314E-004  0.570314E-004  0.243739E-004
  0.203444E+001  0.608003E+000  0.133063E-003  0.575643E-004  0.575643E-004  0.248930E-004
  0.203470E+001  0.612995E+000  0.132857E-003  0.581230E-004  0.581230E-004  0.254179E-004
  0.203497E+001  0.617988E+000  0.132445E-003  0.586140E-004  0.586140E-004  0.259294E-004
  0.203525E+001  0.622981E+000  0.132179E-003  0.591912E-004  0.591912E-004  0.264959E-004
  0.203552E+001  0.627973E+000  0.131460E-003  0.595367E-004  0.595367E-004  0.269526E-004
  0.203580E+001  0.632965E+000  0.131046E-003  0.600395E-004  0.600395E-004  0.274965E-004
  0.203608E+001  0.637957E+000  0.131029E-003  0.607238E-004  0.607238E-004  0.281303E-004
  0.203637E+001  0.642949E+000  0.130880E-003  0.613715E-004  0.613715E-004  0.287664E-004
  0.203666E+001  0.647941E+000  0.131345E-003  0.623106E-004  0.623106E-004  0.295486E-004
  0.203695E+001  0.652933E+000  0.130849E-003  0.627955E-004  0.627955E-004  0.301239E-004
  0.203724E+001  0.657924E+000  0.130087E-003  0.631475E-004  0.631475E-004  0.306410E-004
  0.203754E+001  0.662915E+000  0.130318E-003  0.640055E-004  0.640055E-004  0.314237E-004
  0.203784E+001  0.667906E+000  0.130187E-003  0.646890E-004  0.646890E-004  0.321306E-004
  0.203814E+001  0.672897E+000  0.129849E-003  0.652698E-004  0.652698E-004  0.327951E-004
  0.203845E+001  0.677887E+000  0.130127E-003  0.661874E-004  0.661874E-004  0.336519E-004
  0.203876E+001  0.682878E+000  0.130177E-003  0.669945E-004  0.669945E-004  0.344644E-004
  0.203907E+001  0.687868E+000  0.129849E-003  0.676089E-004  0.676089E-004  0.351881E-004
  0.203939E+001  0.692858E+000  0.130483E-003  0.687555E-004  0.687555E-004  0.362149E-004
  0.203971E+001  0.697848E+000  0.130729E-003  0.697073E-004  0.697073E-004  0.371545E-004
  0.204003E+001  0.702837E+000  0.130258E-003  0.702798E-004  0.702798E-004  0.379037E-004
  0.204035E+001  0.707827E+000  0.130701E-003  0.713502E-004  0.713502E-004  0.389346E-004
  0.204068E+001  0.712816E+000  0.130728E-003  0.722271E-004  0.722271E-004  0.398894E-004
  0.204102E+001  0.717805E+000  0.131180E-003  0.733743E-004  0.733743E-004  0.410249E-004
  0.204135E+001  0.722794E+000  0.130996E-003  0.741469E-004  0.741469E-004  0.419522E-004
  0.204169E+001  0.727782E+000  0.131225E-003  0.751869E-004  0.751869E-004  0.430620E-004
  0.204203E+001  0.732770E+000  0.131946E-003  0.765220E-004  0.765220E-004  0.443612E-004
  0.204238E+001  0.737758E+000  0.131862E-003  0.774290E-004  0.774290E-004  0.454480E-004
  0.204273E+001  0.742746E+000  0.132253E-003  0.786254E-004  0.786254E-004  0.467247E-004
  0.204308E+001  0.747733E+000  0.132964E-003  0.800281E-004  0.800281E-004  0.481480E-004
  0.204344E+001  0.752721E+000  0.133160E-003  0.811643E-004  0.811643E-004  0.494520E-004
  0.204380E+001  0.757708E+000  0.133680E-003  0.825133E-004  0.825133E-004  0.509107E-004
  0.204416E+001  0.762694E+000  0.134694E-003  0.841886E-004  0.841886E-004  0.526003E-004
  0.204453E+001  0.767681E+000  0.134925E-003  0.854248E-004  0.854248E-004  0.540633E-004
  0.204490E+001  0.772667E+000  0.135714E-003  0.870331E-004  0.870331E-004  0.557923E-004
  0.204528E+001  0.777653E+000  0.136311E-003  0.885725E-004  0.885725E-004  0.575304E-004
  0.204566E+001  0.782639E+000  0.137258E-003  0.903655E-004  0.903655E-004  0.594701E-004
  0.204604E+001  0.787624E+000  0.137808E-003  0.919234E-004  0.919234E-004  0.612929E-004
  0.204642E+001  0.792609E+000  0.139156E-003  0.940450E-004  0.940450E-004  0.635332E-004
  0.204681E+001  0.797594E+000  0.140057E-003  0.959315E-004  0.959315E-004  0.656827E-004
  0.204721E+001  0.802578E+000  0.140620E-003  0.976494E-004  0.976494E-004  0.677840E-004
  0.204761E+001  0.807563E+000  0.141966E-003  0.999478E-004  0.999478E-004  0.703393E-004
  0.204801E+001  0.812546E+000  0.142884E-003  0.101985E-003  0.101985E-003  0.727654E-004
  0.204841E+001  0.817530E+000  0.144158E-003  0.104318E-003  0.104318E-003  0.754594E-004
  0.204882E+001  0.822513E+000  0.145383E-003  0.106696E-003  0.106696E-003  0.782746E-004
  0.204924E+001  0.827496E+000  0.146911E-003  0.109385E-003  0.109385E-003  0.814147E-004
  0.204965E+001  0.832479E+000  0.148396E-003  0.112061E-003  0.112061E-003  0.845913E-004
  0.205008E+001  0.837461E+000  0.149978E-003  0.114946E-003  0.114946E-003  0.880644E-004
  0.205050E+001  0.842443E+000  0.151353E-003  0.117693E-003  0.117693E-003  0.914862E-004
  0.205093E+001  0.847424E+000  0.153146E-003  0.120871E-003  0.120871E-003  0.953638E-004
  0.205137E+001  0.852405E+000  0.155093E-003  0.124288E-003  0.124288E-003  0.995664E-004
  0.205181E+001  0.857386E+000  0.157207E-003  0.127922E-003  0.127922E-003  0.104056E-003
  0.205225E+001  0.862366E+000  0.159058E-003  0.131427E-003  0.131427E-003  0.108558E-003
  0.205270E+001  0.867346E+000  0.161416E-003  0.135488E-003  0.135488E-003  0.113687E-003
  0.205315E+001  0.872325E+000  0.163788E-003  0.139664E-003  0.139664E-003  0.119054E-003
  0.205361E+001  0.877304E+000  0.166428E-003  0.144231E-003  0.144231E-003  0.124952E-003
  0.205407E+001  0.882283E+000  0.169177E-003  0.149013E-003  0.149013E-003  0.131210E-003
  0.205454E+001  0.887261E+000  0.172208E-003  0.154231E-003  0.154231E-003  0.138086E-003
  0.205501E+001  0.892239E+000  0.175349E-003  0.159694E-003  0.159694E-003  0.145390E-003
  0.205549E+001  0.897216E+000  0.178828E-003  0.165681E-003  0.165681E-003  0.153452E-003
  0.205597E+001  0.902192E+000  0.182479E-003  0.172003E-003  0.172003E-003  0.162079E-003
  0.205646E+001  0.907168E+000  0.186417E-003  0.178851E-003  0.178851E-003  0.171540E-003
  0.205695E+001  0.912144E+000  0.190959E-003  0.186493E-003  0.186493E-003  0.182078E-003
  0.205745E+001  0.917119E+000  0.195567E-003  0.194506E-003  0.194506E-003  0.193395E-003
  0.205796E+001  0.922093E+000  0.200257E-003  0.202927E-003  0.202927E-003  0.205575E-003
  0.205847E+001  0.927067E+000  0.205756E-003  0.212452E-003  0.212452E-003  0.219305E-003
  0.205899E+001  0.932040E+000  0.211521E-003  0.222648E-003  0.222648E-003  0.234299E-003
  0.205952E+001  0.937012E+000  0.217892E-003  0.233919E-003  0.233919E-003  0.251061E-003
  0.206005E+001  0.941984E+000  0.224725E-003  0.246080E-003  0.246080E-003  0.269397E-003
  0.206059E+001  0.946954E+000  0.232334E-003  0.259619E-003  0.259619E-003  0.290039E-003
  0.206114E+001  0.951924E+000  0.240503E-003  0.274373E-003  0.274373E-003  0.312939E-003
  0.206170E+001  0.956893E+000  0.249370E-003  0.290572E-003  0.290572E-003  0.338505E-003
  0.206227E+001  0.961860E+000  0.259156E-003  0.308563E-003  0.308563E-003  0.367312E-003
  0.206285E+001  0.966826E+000  0.269964E-003  0.328579E-003  0.328579E-003  0.399839E-003
  0.206344E+001  0.971791E+000  0.281764E-003  0.350697E-003  0.350697E-003  0.436410E-003
  0.206404E+001  0.976755E+000  0.294836E-003  0.375391E-003  0.375391E-003  0.477868E-003
  0.206466E+001  0.981717E+000  0.309039E-003  0.402771E-003  0.402771E-003  0.524843E-003
  0.206529E+001  0.986676E+000  0.324960E-003  0.433617E-003  0.433617E-003  0.578514E-003
  0.206595E+001  0.991634E+000  0.342427E-003  0.468218E-003  0.468218E-003  0.640125E-003
  0.206662E+001  0.996588E+000  0.360935E-003  0.505718E-003  0.505718E-003  0.708481E-003
  0.206732E+001  0.100154E+001  0.381771E-003  0.548435E-003  0.548435E-003  0.787761E-003
  0.206804E+001  0.100649E+001  0.403707E-003  0.594614E-003  0.594614E-003  0.875700E-003
  0.206880E+001  0.101143E+001  0.427368E-003  0.645667E-003  0.645667E-003  0.975374E-003
  0.206960E+001  0.101636E+001  0.452208E-003  0.700854E-003  0.700854E-003  0.108612E-002
  0.207045E+001  0.102129E+001  0.477807E-003  0.759678E-003  0.759678E-003  0.120774E-002
  0.207136E+001  0.102621E+001  0.503640E-003  0.821307E-003  0.821307E-003  0.133925E-002
  0.207233E+001  0.103111E+001  0.527819E-003  0.882202E-003  0.882202E-003  0.147444E-002
  0.207338E+001  0.103600E+001  0.550035E-003  0.941538E-003  0.941538E-003  0.161162E-002
  0.207452E+001  0.104087E+001  0.569220E-003  0.996798E-003  0.996798E-003  0.174549E-002
  0.207577E+001  0.104571E+001  0.584187E-003  0.104523E-002  0.104523E-002  0.187006E-002
  0.207711E+001  0.105053E+001  0.594804E-003  0.108524E-002  0.108524E-002  0.198000E-002
  0.207857E+001  0.105531E+001  0.601368E-003  0.111703E-002  0.111703E-002  0.207480E-002
  0.208012E+001  0.106006E+001  0.604259E-003  0.114037E-002  0.114037E-002  0.215208E-002
  0.208176E+001  0.106479E+001  0.604420E-003  0.115684E-002  0.115684E-002  0.221413E-002
  0.208349E+001  0.106948E+001  0.602699E-003  0.116808E-002  0.116808E-002  0.226378E-002
  0.208528E+001  0.107415E+001  0.599490E-003  0.117473E-002  0.117473E-002  0.230192E-002
  0.208713E+001  0.107879E+001  0.595524E-003  0.117848E-002  0.117848E-002  0.233204E-002
  0.208903E+001  0.108342E+001  0.591018E-003  0.117991E-002  0.117991E-002  0.235555E-002
  0.209097E+001  0.108803E+001  0.586238E-003  0.117973E-002  0.117973E-002  0.237404E-002
  0.209294E+001  0.109262E+001  0.581324E-003  0.117838E-002  0.117838E-002  0.238861E-002
  0.209494E+001  0.109720E+001  0.576362E-003  0.117618E-002  0.117618E-002  0.240020E-002
  0.209697E+001  0.110177E+001  0.571512E-003  0.117361E-002  0.117361E-002  0.240999E-002
  0.209901E+001  0.110634E+001  0.566490E-003  0.117011E-002  0.117011E-002  0.241691E-002
  0.210107E+001  0.111089E+001  0.561631E-003  0.116652E-002  0.116652E-002  0.242288E-002
  0.210315E+001  0.111544E+001  0.556805E-003  0.116264E-002  0.116264E-002  0.242763E-002
  0.210524E+001  0.111998E+001  0.552062E-003  0.115859E-002  0.115859E-002  0.243147E-002
  0.210735E+001  0.112452E+001  0.547379E-003  0.115442E-002  0.115442E-002  0.243463E-002
  0.210946E+001  0.112905E+001  0.542721E-003  0.115002E-002  0.115002E-002  0.243688E-002
  0.211158E+001  0.113358E+001  0.538201E-003  0.114572E-002  0.114572E-002  0.243900E-002
  0.211372E+001  0.113810E+001  0.533620E-003  0.114114E-002  0.114114E-002  0.244029E-002
  0.211586E+001  0.114262E+001  0.529103E-003  0.113651E-002  0.113651E-002  0.244120E-002
  0.211800E+001  0.114713E+001  0.524646E-003  0.113186E-002  0.113186E-002  0.244181E-002
  0.212016E+001  0.115164E+001  0.520223E-003  0.112718E-002  0.112718E-002  0.244226E-002
  0.212232E+001  0.115615E+001  0.515796E-003  0.112237E-002  0.112237E-002  0.244224E-002
  0.212449E+001  0.116066E+001  0.511418E-003  0.111757E-002  0.111757E-002  0.244214E-002
  0.212666E+001  0.116516E+001  0.507049E-003  0.111269E-002  0.111269E-002  0.244173E-002
  0.212884E+001  0.116966E+001  0.502726E-003  0.110784E-002  0.110784E-002  0.244130E-002
  0.213102E+001  0.117416E+001  0.498382E-003  0.110286E-002  0.110286E-002  0.244047E-002
  0.213321E+001  0.117866E+001  0.494069E-003  0.109789E-002  0.109789E-002  0.243962E-002
  0.213540E+001  0.118315E+001  0.489788E-003  0.109291E-002  0.109291E-002  0.243869E-002
  0.213760E+001  0.118764E+001  0.485481E-003  0.108783E-002  0.108783E-002  0.243749E-002
  0.213980E+001  0.119213E+001  0.481214E-003  0.108277E-002  0.108277E-002  0.243629E-002
  0.214201E+001  0.119662E+001  0.476928E-003  0.107763E-002  0.107763E-002  0.243490E-002
  0.214422E+001  0.120110E+001  0.472679E-003  0.107251E-002  0.107251E-002  0.243351E-002
  0.214643E+001  0.120558E+001  0.468417E-003  0.106731E-002  0.106731E-002  0.243190E-002
  0.214865E+001  0.121007E+001  0.464172E-003  0.106212E-002  0.106212E-002  0.243031E-002
  0.215087E+001  0.121455E+001  0.459952E-003  0.105693E-002  0.105693E-002  0.242871E-002
  0.215310E+001  0.121902E+001  0.455709E-003  0.105166E-002  0.105166E-002  0.242694E-002
  0.215533E+001  0.122350E+001  0.451459E-003  0.104633E-002  0.104633E-002  0.242501E-002
  0.215756E+001  0.122797E+001  0.447231E-003  0.104100E-002  0.104100E-002  0.242306E-002
  0.215979E+001  0.123245E+001  0.443044E-003  0.103572E-002  0.103572E-002  0.242122E-002
  0.216203E+001  0.123692E+001  0.438790E-003  0.103026E-002  0.103026E-002  0.241899E-002
  0.216427E+001  0.124139E+001  0.434614E-003  0.102494E-002  0.102494E-002  0.241708E-002
  0.216652E+001  0.124585E+001  0.430338E-003  0.101936E-002  0.101936E-002  0.241459E-002
  0.216877E+001  0.125032E+001  0.426123E-003  0.101389E-002  0.101389E-002  0.241234E-002
  0.217102E+001  0.125478E+001  0.421932E-003  0.100842E-002  0.100842E-002  0.241011E-002
  0.217327E+001  0.125925E+001  0.417737E-003  0.100291E-002  0.100291E-002  0.240777E-002
  0.217553E+001  0.126371E+001  0.413510E-003  0.997298E-003  0.997298E-003  0.240523E-002
  0.217779E+001  0.126817E+001  0.409318E-003  0.991725E-003  0.991725E-003  0.240279E-002
  0.218005E+001  0.127263E+001  0.405149E-003  0.986169E-003  0.986169E-003  0.240039E-002
  0.218232E+001  0.127708E+001  0.400988E-003  0.980612E-003  0.980612E-003  0.239804E-002
  0.218459E+001  0.128154E+001  0.396805E-003  0.974956E-003  0.974956E-003  0.239544E-002
  0.218686E+001  0.128600E+001  0.392598E-003  0.969200E-003  0.969200E-003  0.239261E-002
  0.218913E+001  0.129045E+001  0.388435E-003  0.963510E-003  0.963510E-003  0.238994E-002
  0.219141E+001  0.129490E+001  0.384303E-003  0.957875E-003  0.957875E-003  0.238746E-002
  0.219368E+001  0.129935E+001  0.380149E-003  0.952122E-003  0.952122E-003  0.238464E-002
  0.219597E+001  0.130380E+001  0.376009E-003  0.946399E-003  0.946399E-003  0.238200E-002
  0.219825E+001  0.130825E+001  0.371840E-003  0.940542E-003  0.940542E-003  0.237898E-002
  0.220053E+001  0.131270E+001  0.367792E-003  0.934945E-003  0.934945E-003  0.237663E-002
  0.220282E+001  0.131714E+001  0.363607E-003  0.928975E-003  0.928975E-003  0.237338E-002
  0.220511E+001  0.132158E+001  0.359487E-003  0.923126E-003  0.923126E-003  0.237044E-002
  0.220741E+001  0.132603E+001  0.355371E-003  0.917262E-003  0.917262E-003  0.236753E-002
  0.220970E+001  0.133047E+001  0.351292E-003  0.911425E-003  0.911425E-003  0.236464E-002
  0.221200E+001  0.133491E+001  0.347191E-003  0.905508E-003  0.905508E-003  0.236159E-002
  0.221430E+001  0.133935E+001  0.343116E-003  0.899607E-003  0.899607E-003  0.235860E-002
  0.221660E+001  0.134379E+001  0.339073E-003  0.893745E-003  0.893745E-003  0.235571E-002
  0.221891E+001  0.134823E+001  0.334988E-003  0.887743E-003  0.887743E-003  0.235252E-002
  0.222121E+001  0.135266E+001  0.330973E-003  0.881854E-003  0.881854E-003  0.234958E-002
  0.222352E+001  0.135710E+001  0.326955E-003  0.875932E-003  0.875932E-003  0.234661E-002
  0.222583E+001  0.136153E+001  0.322925E-003  0.869925E-003  0.869925E-003  0.234342E-002
  0.222815E+001  0.136596E+001  0.318895E-003  0.863888E-003  0.863888E-003  0.234020E-002
  0.223046E+001  0.137039E+001  0.314893E-003  0.857851E-003  0.857851E-003  0.233694E-002
  0.223278E+001  0.137483E+001  0.310916E-003  0.851851E-003  0.851851E-003  0.233383E-002
  0.223510E+001  0.137925E+001  0.306936E-003  0.845791E-003  0.845791E-003  0.233057E-002
  0.223742E+001  0.138368E+001  0.302976E-003  0.839729E-003  0.839729E-003  0.232731E-002
  0.223975E+001  0.138811E+001  0.299046E-003  0.833715E-003  0.833715E-003  0.232424E-002
  0.224207E+001  0.139254E+001  0.295110E-003  0.827607E-003  0.827607E-003  0.232086E-002
  0.224440E+001  0.139696E+001  0.291189E-003  0.821506E-003  0.821506E-003  0.231755E-002
  0.224673E+001  0.140139E+001  0.287281E-003  0.815385E-003  0.815385E-003  0.231420E-002
  0.224906E+001  0.140581E+001  0.283399E-003  0.809276E-003  0.809276E-003  0.231088E-002
  0.225139E+001  0.141023E+001  0.279540E-003  0.803174E-003  0.803174E-003  0.230758E-002
  0.225373E+001  0.141465E+001  0.275685E-003  0.797046E-003  0.797046E-003  0.230427E-002
  0.225607E+001  0.141907E+001  0.271871E-003  0.790973E-003  0.790973E-003  0.230112E-002
  0.225840E+001  0.142349E+001  0.268037E-003  0.784759E-003  0.784759E-003  0.229750E-002
  0.226075E+001  0.142791E+001  0.264233E-003  0.778613E-003  0.778613E-003  0.229420E-002
  0.226309E+001  0.143233E+001  0.260429E-003  0.772377E-003  0.772377E-003  0.229058E-002
  0.226543E+001  0.143674E+001  0.256667E-003  0.766204E-003  0.766204E-003  0.228714E-002
  0.226778E+001  0.144116E+001  0.252912E-003  0.760005E-003  0.760005E-003  0.228369E-002
  0.227013E+001  0.144557E+001  0.249201E-003  0.753871E-003  0.753871E-003  0.228043E-002
  0.227248E+001  0.144999E+001  0.245467E-003  0.747599E-003  0.747599E-003  0.227676E-002
  0.227483E+001  0.145440E+001  0.241774E-003  0.741385E-003  0.741385E-003  0.227325E-002
  0.227718E+001  0.145881E+001  0.238103E-003  0.735164E-003  0.735164E-003  0.226972E-002
  0.227954E+001  0.146322E+001  0.234457E-003  0.728972E-003  0.728972E-003  0.226635E-002
  0.228189E+001  0.146763E+001  0.230820E-003  0.722713E-003  0.722713E-003  0.226270E-002
  0.228425E+001  0.147204E+001  0.227200E-003  0.716457E-003  0.716457E-003  0.225911E-002
  0.228661E+001  0.147645E+001  0.223609E-003  0.710219E-003  0.710219E-003  0.225558E-002
  0.228897E+001  0.148086E+001  0.220060E-003  0.704037E-003  0.704037E-003  0.225222E-002
  0.229134E+001  0.148526E+001  0.216485E-003  0.697713E-003  0.697713E-003  0.224847E-002
  0.229370E+001  0.148967E+001  0.212959E-003  0.691451E-003  0.691451E-003  0.224484E-002
  0.229607E+001  0.149407E+001  0.209440E-003  0.685153E-003  0.685153E-003  0.224115E-002
  0.229844E+001  0.149847E+001  0.205972E-003  0.678942E-003  0.678942E-003  0.223774E-002
  0.230081E+001  0.150288E+001  0.202487E-003  0.672592E-003  0.672592E-003  0.223386E-002
  0.230318E+001  0.150728E+001  0.199048E-003  0.666308E-003  0.666308E-003  0.223019E-002
  0.230555E+001  0.151168E+001  0.195633E-003  0.660025E-003  0.660025E-003  0.222651E-002
  0.230793E+001  0.151608E+001  0.192246E-003  0.653769E-003  0.653769E-003  0.222298E-002
  0.231030E+001  0.152048E+001  0.188872E-003  0.647450E-003  0.647450E-003  0.221915E-002
  0.231268E+001  0.152488E+001  0.185520E-003  0.641142E-003  0.641142E-003  0.221542E-002
  0.231506E+001  0.152928E+001  0.182197E-003  0.634843E-003  0.634843E-003  0.221170E-002
  0.231744E+001  0.153367E+001  0.178905E-003  0.628558E-003  0.628558E-003  0.220801E-002
  0.231982E+001  0.153807E+001  0.175634E-003  0.622259E-003  0.622259E-003  0.220426E-002
  0.232220E+001  0.154246E+001  0.172394E-003  0.615975E-003  0.615975E-003  0.220054E-002
  0.232459E+001  0.154686E+001  0.169163E-003  0.609647E-003  0.609647E-003  0.219671E-002
  0.232698E+001  0.155125E+001  0.165974E-003  0.603378E-003  0.603378E-003  0.219308E-002
  0.232936E+001  0.155564E+001  0.162806E-003  0.597062E-003  0.597062E-003  0.218918E-002
  0.233175E+001  0.156004E+001  0.159678E-003  0.590817E-003  0.590817E-003  0.218559E-002
  0.233414E+001  0.156443E+001  0.156565E-003  0.584524E-003  0.584524E-003  0.218180E-002
  0.233654E+001  0.156882E+001  0.153450E-003  0.578146E-003  0.578146E-003  0.217774E-002
  0.233893E+001  0.157321E+001  0.150393E-003  0.571858E-003  0.571858E-003  0.217390E-002
  0.234133E+001  0.157760E+001  0.147355E-003  0.565557E-003  0.565557E-003  0.217007E-002
  0.234372E+001  0.158199E+001  0.144367E-003  0.559319E-003  0.559319E-003  0.216636E-002
  0.234612E+001  0.158637E+001  0.141376E-003  0.552982E-003  0.552982E-003  0.216232E-002
  0.234852E+001  0.159076E+001  0.138426E-003  0.546695E-003  0.546695E-003  0.215843E-002
  0.235092E+001  0.159515E+001  0.135511E-003  0.540432E-003  0.540432E-003  0.215460E-002
  0.235332E+001  0.159953E+001  0.132621E-003  0.534157E-003  0.534157E-003  0.215067E-002
  0.235573E+001  0.160392E+001  0.129752E-003  0.527870E-003  0.527870E-003  0.214674E-002
  0.235813E+001  0.160830E+001  0.126926E-003  0.521618E-003  0.521618E-003  0.214281E-002
  0.236054E+001  0.161268E+001  0.124130E-003  0.515390E-003  0.515390E-003  0.213903E-002
  0.236294E+001  0.161706E+001  0.121359E-003  0.509126E-003  0.509126E-003  0.213494E-002
  0.236535E+001  0.162145E+001  0.118626E-003  0.502915E-003  0.502915E-003  0.213112E-002
  0.236776E+001  0.162583E+001  0.115915E-003  0.496677E-003  0.496677E-003  0.212712E-002
  0.237017E+001  0.163021E+001  0.113244E-003  0.490477E-003  0.490477E-003  0.212321E-002
  0.237259E+001  0.163459E+001  0.110583E-003  0.484214E-003  0.484214E-003  0.211906E-002
  0.237500E+001  0.163897E+001  0.107974E-003  0.478027E-003  0.478027E-003  0.211507E-002
  0.237742E+001  0.164334E+001  0.105404E-003  0.471900E-003  0.471900E-003  0.211136E-002
  0.237983E+001  0.164772E+001  0.102846E-003  0.465665E-003  0.465665E-003  0.210700E-002
  0.238225E+001  0.165210E+001  0.100328E-003  0.459500E-003  0.459500E-003  0.210296E-002
  0.238467E+001  0.165647E+001  0.978527E-004  0.453385E-003  0.453385E-003  0.209905E-002
  0.238709E+001  0.166085E+001  0.953998E-004  0.447234E-003  0.447234E-003  0.209488E-002
  0.238951E+001  0.166522E+001  0.929899E-004  0.441138E-003  0.441138E-003  0.209086E-002
  0.239193E+001  0.166960E+001  0.906119E-004  0.435046E-003  0.435046E-003  0.208674E-002
  0.239435E+001  0.167397E+001  0.882749E-004  0.429002E-003  0.429002E-003  0.208274E-002
  0.239678E+001  0.167834E+001  0.859574E-004  0.422922E-003  0.422922E-003  0.207854E-002
  0.239921E+001  0.168272E+001  0.836800E-004  0.416883E-003  0.416883E-003  0.207440E-002
  0.240163E+001  0.168709E+001  0.814543E-004  0.410924E-003  0.410924E-003  0.207041E-002
  0.240406E+001  0.169146E+001  0.792481E-004  0.404925E-003  0.404925E-003  0.206617E-002
  0.240649E+001  0.169583E+001  0.770830E-004  0.398974E-003  0.398974E-003  0.206200E-002
  0.240892E+001  0.170020E+001  0.749582E-004  0.393066E-003  0.393066E-003  0.205787E-002
  0.241135E+001  0.170457E+001  0.728762E-004  0.387215E-003  0.387215E-003  0.205386E-002
  0.241379E+001  0.170893E+001  0.708170E-004  0.381336E-003  0.381336E-003  0.204961E-002
  0.241622E+001  0.171330E+001  0.688012E-004  0.375496E-003  0.375496E-003  0.204522E-002
  0.241866E+001  0.171767E+001  0.668252E-004  0.369717E-003  0.369717E-003  0.204104E-002
  0.242109E+001  0.172203E+001  0.648946E-004  0.363990E-003  0.363990E-003  0.203678E-002
  0.242353E+001  0.172640E+001  0.629985E-004  0.358296E-003  0.358296E-003  0.203254E-002
  0.242597E+001  0.173077E+001  0.611447E-004  0.352656E-003  0.352656E-003  0.202830E-002
  0.242841E+001  0.173513E+001  0.593315E-004  0.347063E-003  0.347063E-003  0.202401E-002
  0.243085E+001  0.173949E+001  0.575622E-004  0.341535E-003  0.341535E-003  0.201975E-002
  0.243329E+001  0.174386E+001  0.558380E-004  0.336081E-003  0.336081E-003  0.201555E-002
  0.243574E+001  0.174822E+001  0.541485E-004  0.330658E-003  0.330658E-003  0.201123E-002
  0.243818E+001  0.175258E+001  0.525077E-004  0.325312E-003  0.325312E-003  0.200681E-002
  0.244062E+001  0.175694E+001  0.509170E-004  0.320072E-003  0.320072E-003  0.200255E-002
  0.244307E+001  0.176130E+001  0.493625E-004  0.314871E-003  0.314871E-003  0.199812E-002
  0.244552E+001  0.176566E+001  0.478591E-004  0.309783E-003  0.309783E-003  0.199381E-002
  0.244797E+001  0.177002E+001  0.464042E-004  0.304794E-003  0.304794E-003  0.198949E-002
  0.245042E+001  0.177438E+001  0.449974E-004  0.299901E-003  0.299901E-003  0.198508E-002
  0.245287E+001  0.177874E+001  0.436404E-004  0.295115E-003  0.295115E-003  0.198061E-002
  0.245532E+001  0.178310E+001  0.423364E-004  0.290458E-003  0.290458E-003  0.197612E-002
  0.245777E+001  0.178745E+001  0.410881E-004  0.285951E-003  0.285951E-003  0.197170E-002
  0.246022E+001  0.179181E+001  0.398973E-004  0.281604E-003  0.281604E-003  0.196732E-002
  0.246268E+001  0.179617E+001  0.387570E-004  0.277383E-003  0.277383E-003  0.196274E-002
  0.246513E+001  0.180052E+001  0.376855E-004  0.273384E-003  0.273384E-003  0.195831E-002
  0.246759E+001  0.180488E+001  0.366724E-004  0.269563E-003  0.269563E-003  0.195377E-002
  0.247005E+001  0.180923E+001  0.357276E-004  0.265972E-003  0.265972E-003  0.194923E-002
  0.247251E+001  0.181359E+001  0.348547E-004  0.262630E-003  0.262630E-003  0.194463E-002
  0.247497E+001  0.181794E+001  0.340606E-004  0.259583E-003  0.259583E-003  0.194010E-002
  0.247743E+001  0.182229E+001  0.333501E-004  0.256855E-003  0.256855E-003  0.193555E-002
  0.247989E+001  0.182664E+001  0.327295E-004  0.254480E-003  0.254480E-003  0.193092E-002
  0.248235E+001  0.183100E+001  0.322084E-004  0.252507E-003  0.252507E-003  0.192622E-002
  0.248481E+001  0.183535E+001  0.318012E-004  0.251022E-003  0.251022E-003  0.192166E-002
  0.248728E+001  0.183970E+001  0.315137E-004  0.250034E-003  0.250034E-003  0.191677E-002
  0.248974E+001  0.184405E+001  0.313752E-004  0.249698E-003  0.249698E-003  0.191208E-002
  0.249221E+001  0.184840E+001  0.314012E-004  0.250071E-003  0.250071E-003  0.190721E-002
  0.249467E+001  0.185275E+001  0.316291E-004  0.251326E-003  0.251326E-003  0.190256E-002
  0.249714E+001  0.185710E+001  0.320897E-004  0.253555E-003  0.253555E-003  0.189751E-002
  0.249961E+001  0.186144E+001  0.328446E-004  0.257019E-003  0.257019E-003  0.189253E-002
  0.250208E+001  0.186579E+001  0.339667E-004  0.261959E-003  0.261959E-003  0.188749E-002
