  0.224999E-001  0.274275E-001  0.551471E-001  0.149987E-002  0.149987E-002  0.407879E-004
  0.224999E-001  0.274275E-001  0.551471E-001  0.149987E-002  0.149987E-002  0.407879E-004
  0.269379E-001  0.328408E-001  0.459496E-001  0.149942E-002  0.149942E-002  0.489244E-004
  0.313751E-001  0.382548E-001  0.393379E-001  0.149890E-002  0.149890E-002  0.571095E-004
  0.358113E-001  0.436696E-001  0.343505E-001  0.149832E-002  0.149832E-002  0.653518E-004
  0.402463E-001  0.490854E-001  0.304500E-001  0.149768E-002  0.149768E-002  0.736601E-004
  0.446799E-001  0.545023E-001  0.273127E-001  0.149697E-002  0.149697E-002  0.820438E-004
  0.491122E-001  0.599204E-001  0.247315E-001  0.149619E-002  0.149619E-002  0.905134E-004
  0.535428E-001  0.653397E-001  0.225684E-001  0.149536E-002  0.149536E-002  0.990788E-004
  0.579716E-001  0.707606E-001  0.207273E-001  0.149447E-002  0.149447E-002  0.107751E-003
  0.623985E-001  0.761830E-001  0.191397E-001  0.149352E-002  0.149352E-002  0.116542E-003
  0.668233E-001  0.816072E-001  0.177550E-001  0.149253E-002  0.149253E-002  0.125464E-003
  0.712458E-001  0.870331E-001  0.165355E-001  0.149150E-002  0.149150E-002  0.134531E-003
  0.756659E-001  0.924611E-001  0.154521E-001  0.149042E-002  0.149042E-002  0.143757E-003
  0.800833E-001  0.978912E-001  0.144822E-001  0.148932E-002  0.148932E-002  0.153157E-003
  0.844980E-001  0.103324E+000  0.136082E-001  0.148820E-002  0.148820E-002  0.162750E-003
  0.889096E-001  0.108758E+000  0.128157E-001  0.148707E-002  0.148707E-002  0.172552E-003
  0.933181E-001  0.114196E+000  0.120927E-001  0.148589E-002  0.148589E-002  0.182578E-003
  0.977232E-001  0.119636E+000  0.114304E-001  0.148474E-002  0.148474E-002  0.192857E-003
  0.102125E+000  0.125079E+000  0.108209E-001  0.148362E-002  0.148362E-002  0.203414E-003
  0.106522E+000  0.130525E+000  0.102575E-001  0.148250E-002  0.148250E-002  0.214264E-003
  0.110916E+000  0.135974E+000  0.973453E-002  0.148142E-002  0.148142E-002  0.225443E-003
  0.115306E+000  0.141427E+000  0.924822E-002  0.148047E-002  0.148047E-002  0.236995E-003
  0.119690E+000  0.146884E+000  0.879384E-002  0.147954E-002  0.147954E-002  0.248927E-003
  0.124071E+000  0.152344E+000  0.836718E-002  0.147854E-002  0.147854E-002  0.261267E-003
  0.128446E+000  0.157808E+000  0.796721E-002  0.147776E-002  0.147776E-002  0.274095E-003
  0.132816E+000  0.163277E+000  0.759047E-002  0.147709E-002  0.147709E-002  0.287437E-003
  0.137180E+000  0.168750E+000  0.723516E-002  0.147659E-002  0.147659E-002  0.301352E-003
  0.141538E+000  0.174227E+000  0.689894E-002  0.147623E-002  0.147623E-002  0.315883E-003
  0.145890E+000  0.179710E+000  0.658069E-002  0.147614E-002  0.147614E-002  0.331120E-003
  0.150236E+000  0.185198E+000  0.627802E-002  0.147616E-002  0.147616E-002  0.347090E-003
  0.154574E+000  0.190691E+000  0.599067E-002  0.147651E-002  0.147651E-002  0.363914E-003
  0.158906E+000  0.196190E+000  0.571712E-002  0.147720E-002  0.147720E-002  0.381684E-003
  0.163229E+000  0.201696E+000  0.545571E-002  0.147805E-002  0.147805E-002  0.400432E-003
  0.167544E+000  0.207208E+000  0.520650E-002  0.147938E-002  0.147938E-002  0.420353E-003
  0.171850E+000  0.212726E+000  0.496819E-002  0.148109E-002  0.148109E-002  0.441534E-003
  0.176147E+000  0.218252E+000  0.474022E-002  0.148329E-002  0.148329E-002  0.464142E-003
  0.180434E+000  0.223786E+000  0.452181E-002  0.148597E-002  0.148597E-002  0.488326E-003
  0.184710E+000  0.229328E+000  0.431245E-002  0.148924E-002  0.148924E-002  0.514284E-003
  0.188975E+000  0.234879E+000  0.411160E-002  0.149314E-002  0.149314E-002  0.542240E-003
  0.193228E+000  0.240439E+000  0.391863E-002  0.149770E-002  0.149770E-002  0.572422E-003
  0.197468E+000  0.246009E+000  0.373326E-002  0.150305E-002  0.150305E-002  0.605143E-003
  0.201693E+000  0.251589E+000  0.355501E-002  0.150922E-002  0.150922E-002  0.640709E-003
  0.205904E+000  0.257181E+000  0.338353E-002  0.151633E-002  0.151633E-002  0.679545E-003
  0.210098E+000  0.262786E+000  0.321843E-002  0.152444E-002  0.152444E-002  0.722065E-003
  0.214275E+000  0.268403E+000  0.305924E-002  0.153360E-002  0.153360E-002  0.768791E-003
  0.218432E+000  0.274035E+000  0.290570E-002  0.154389E-002  0.154389E-002  0.820317E-003
  0.222568E+000  0.279682E+000  0.275763E-002  0.155550E-002  0.155550E-002  0.877409E-003
  0.226681E+000  0.285346E+000  0.261463E-002  0.156847E-002  0.156847E-002  0.940900E-003
  0.230769E+000  0.291029E+000  0.247650E-002  0.158298E-002  0.158298E-002  0.101184E-002
  0.234829E+000  0.296731E+000  0.234258E-002  0.159888E-002  0.159888E-002  0.109127E-002
  0.238859E+000  0.302455E+000  0.221287E-002  0.161645E-002  0.161645E-002  0.118078E-002
  0.242854E+000  0.308203E+000  0.208697E-002  0.163567E-002  0.163567E-002  0.128196E-002
  0.246810E+000  0.313977E+000  0.196441E-002  0.165642E-002  0.165642E-002  0.139672E-002
  0.250725E+000  0.319781E+000  0.184502E-002  0.167890E-002  0.167890E-002  0.152773E-002
  0.254592E+000  0.325616E+000  0.172842E-002  0.170293E-002  0.170293E-002  0.167782E-002
  0.258405E+000  0.331486E+000  0.161406E-002  0.172814E-002  0.172814E-002  0.185028E-002
  0.262158E+000  0.337395E+000  0.150163E-002  0.175427E-002  0.175427E-002  0.204941E-002
  0.265844E+000  0.343346E+000  0.139072E-002  0.178078E-002  0.178078E-002  0.228024E-002
  0.269453E+000  0.349343E+000  0.128080E-002  0.180660E-002  0.180660E-002  0.254824E-002
  0.272978E+000  0.355391E+000  0.117166E-002  0.183086E-002  0.183086E-002  0.286093E-002
  0.276407E+000  0.361494E+000  0.106260E-002  0.185121E-002  0.185121E-002  0.322507E-002
  0.279730E+000  0.367655E+000  0.953671E-003  0.186579E-002  0.186579E-002  0.365027E-002
  0.282936E+000  0.373878E+000  0.844676E-003  0.187133E-002  0.187133E-002  0.414580E-002
  0.286014E+000  0.380165E+000  0.735817E-003  0.186394E-002  0.186394E-002  0.472164E-002
  0.288954E+000  0.386517E+000  0.627639E-003  0.183888E-002  0.183888E-002  0.538760E-002
  0.291748E+000  0.392935E+000  0.521102E-003  0.179054E-002  0.179054E-002  0.615236E-002
  0.294390E+000  0.399418E+000  0.417736E-003  0.171279E-002  0.171279E-002  0.702263E-002
  0.296877E+000  0.405961E+000  0.319573E-003  0.159902E-002  0.159902E-002  0.800076E-002
  0.299209E+000  0.412561E+000  0.229303E-003  0.144353E-002  0.144353E-002  0.908729E-002
  0.301389E+000  0.419213E+000  0.149759E-003  0.123997E-002  0.123997E-002  0.102663E-001
  0.303425E+000  0.425910E+000  0.842727E-004  0.985853E-003  0.985853E-003  0.115323E-001
  0.305326E+000  0.432647E+000  0.358740E-004  0.679279E-003  0.679279E-003  0.128608E-001
  0.307103E+000  0.439418E+000  0.726726E-005  0.321687E-003  0.321687E-003  0.142319E-001
  0.308770E+000  0.446217E+000  0.446061E-006  0.837657E-004  0.837657E-004  0.156005E-001
  0.310338E+000  0.453039E+000  0.165545E-004  0.529760E-003  0.529760E-003  0.169493E-001
  0.311820E+000  0.459880E+000  0.556702E-004  0.100780E-002  0.100780E-002  0.182430E-001
  0.313229E+000  0.466737E+000  0.116926E-003  0.150841E-002  0.150841E-002  0.194587E-001
  0.314577E+000  0.473606E+000  0.198407E-003  0.201937E-002  0.201937E-002  0.205526E-001
  0.315872E+000  0.480485E+000  0.297481E-003  0.253047E-002  0.253047E-002  0.215248E-001
  0.317126E+000  0.487372E+000  0.410972E-003  0.303046E-002  0.303046E-002  0.223461E-001
  0.318346E+000  0.494265E+000  0.535682E-003  0.351230E-002  0.351230E-002  0.230290E-001
  0.319540E+000  0.501162E+000  0.668348E-003  0.396920E-002  0.396920E-002  0.235723E-001
  0.320714E+000  0.508063E+000  0.805050E-003  0.439182E-002  0.439182E-002  0.239588E-001
  0.321874E+000  0.514966E+000  0.943506E-003  0.478024E-002  0.478024E-002  0.242189E-001
  0.323026E+000  0.521871E+000  0.108093E-002  0.513065E-002  0.513065E-002  0.243527E-001
  0.324173E+000  0.528776E+000  0.121506E-002  0.544205E-002  0.544205E-002  0.243740E-001
  0.325320E+000  0.535681E+000  0.134465E-002  0.571643E-002  0.571643E-002  0.243020E-001
  0.326470E+000  0.542586E+000  0.146864E-002  0.595583E-002  0.595583E-002  0.241529E-001
  0.327625E+000  0.549490E+000  0.158468E-002  0.615642E-002  0.615642E-002  0.239174E-001
  0.328789E+000  0.556393E+000  0.169461E-002  0.632964E-002  0.632964E-002  0.236421E-001
  0.329964E+000  0.563294E+000  0.179507E-002  0.646652E-002  0.646652E-002  0.232948E-001
  0.331152E+000  0.570192E+000  0.188717E-002  0.657456E-002  0.657456E-002  0.229046E-001
  0.332354E+000  0.577088E+000  0.197277E-002  0.666267E-002  0.666267E-002  0.225020E-001
  0.333571E+000  0.583981E+000  0.205018E-002  0.672689E-002  0.672689E-002  0.220717E-001
  0.334806E+000  0.590872E+000  0.211992E-002  0.677025E-002  0.677025E-002  0.216217E-001
  0.336059E+000  0.597759E+000  0.218285E-002  0.679689E-002  0.679689E-002  0.211639E-001
  0.337331E+000  0.604642E+000  0.223926E-002  0.680854E-002  0.680854E-002  0.207016E-001
  0.338623E+000  0.611522E+000  0.228979E-002  0.680778E-002  0.680778E-002  0.202403E-001
  0.339936E+000  0.618398E+000  0.233319E-002  0.679141E-002  0.679141E-002  0.197684E-001
  0.341270E+000  0.625269E+000  0.237188E-002  0.676701E-002  0.676701E-002  0.193064E-001
  0.342626E+000  0.632137E+000  0.240619E-002  0.673561E-002  0.673561E-002  0.188549E-001
  0.344003E+000  0.639000E+000  0.243572E-002  0.669634E-002  0.669634E-002  0.184097E-001
  0.345404E+000  0.645858E+000  0.246072E-002  0.664976E-002  0.664976E-002  0.179700E-001
  0.346826E+000  0.652712E+000  0.248140E-002  0.659678E-002  0.659678E-002  0.175374E-001
  0.348272E+000  0.659561E+000  0.249777E-002  0.653727E-002  0.653727E-002  0.171096E-001
  0.349741E+000  0.666405E+000  0.251144E-002  0.647554E-002  0.647554E-002  0.166966E-001
  0.351233E+000  0.673245E+000  0.252243E-002  0.641153E-002  0.641153E-002  0.162969E-001
  0.352748E+000  0.680079E+000  0.253074E-002  0.634511E-002  0.634511E-002  0.159085E-001
  0.354286E+000  0.686908E+000  0.253748E-002  0.627894E-002  0.627894E-002  0.155371E-001
  0.355848E+000  0.693731E+000  0.253968E-002  0.620550E-002  0.620550E-002  0.151626E-001
  0.357432E+000  0.700549E+000  0.254100E-002  0.613387E-002  0.613387E-002  0.148069E-001
  0.359040E+000  0.707362E+000  0.254038E-002  0.606115E-002  0.606115E-002  0.144614E-001
  0.360670E+000  0.714170E+000  0.253801E-002  0.598779E-002  0.598779E-002  0.141267E-001
  0.362323E+000  0.720972E+000  0.253436E-002  0.591472E-002  0.591472E-002  0.138039E-001
  0.363999E+000  0.727768E+000  0.252845E-002  0.583955E-002  0.583955E-002  0.134866E-001
  0.365697E+000  0.734559E+000  0.252180E-002  0.576568E-002  0.576568E-002  0.131823E-001
  0.367417E+000  0.741345E+000  0.251493E-002  0.569419E-002  0.569419E-002  0.128925E-001
  0.369160E+000  0.748124E+000  0.250576E-002  0.562017E-002  0.562017E-002  0.126055E-001
  0.370924E+000  0.754898E+000  0.249588E-002  0.554721E-002  0.554721E-002  0.123289E-001
  0.372709E+000  0.761667E+000  0.248497E-002  0.547443E-002  0.547443E-002  0.120603E-001
  0.374516E+000  0.768430E+000  0.247334E-002  0.540244E-002  0.540244E-002  0.118004E-001
  0.376344E+000  0.775187E+000  0.246107E-002  0.533128E-002  0.533128E-002  0.115489E-001
  0.378193E+000  0.781938E+000  0.244900E-002  0.526270E-002  0.526270E-002  0.113091E-001
  0.380062E+000  0.788684E+000  0.243529E-002  0.519263E-002  0.519263E-002  0.110719E-001
  0.381951E+000  0.795424E+000  0.242123E-002  0.512377E-002  0.512377E-002  0.108428E-001
  0.383860E+000  0.802159E+000  0.240741E-002  0.505725E-002  0.505725E-002  0.106238E-001
  0.385789E+000  0.808888E+000  0.239264E-002  0.499052E-002  0.499052E-002  0.104091E-001
  0.387738E+000  0.815611E+000  0.237831E-002  0.492635E-002  0.492635E-002  0.102043E-001
  0.389705E+000  0.822329E+000  0.236230E-002  0.486034E-002  0.486034E-002  0.999995E-002
  0.391691E+000  0.829041E+000  0.234679E-002  0.479689E-002  0.479689E-002  0.980496E-002
  0.393696E+000  0.835748E+000  0.233161E-002  0.473558E-002  0.473558E-002  0.961811E-002
  0.395718E+000  0.842450E+000  0.231583E-002  0.467444E-002  0.467444E-002  0.943523E-002
  0.397759E+000  0.849146E+000  0.229924E-002  0.461300E-002  0.461300E-002  0.925513E-002
  0.399817E+000  0.855836E+000  0.228323E-002  0.455401E-002  0.455401E-002  0.908319E-002
  0.401893E+000  0.862521E+000  0.226674E-002  0.449526E-002  0.449526E-002  0.891475E-002
  0.403986E+000  0.869201E+000  0.225095E-002  0.443908E-002  0.443908E-002  0.875429E-002
  0.406095E+000  0.875876E+000  0.223398E-002  0.438170E-002  0.438170E-002  0.859421E-002
  0.408221E+000  0.882545E+000  0.221806E-002  0.432743E-002  0.432743E-002  0.844280E-002
  0.410362E+000  0.889210E+000  0.220192E-002  0.427376E-002  0.427376E-002  0.829504E-002
  0.412520E+000  0.895869E+000  0.218485E-002  0.421925E-002  0.421925E-002  0.814795E-002
  0.414693E+000  0.902523E+000  0.216886E-002  0.416777E-002  0.416777E-002  0.800897E-002
  0.416882E+000  0.909172E+000  0.215188E-002  0.411529E-002  0.411529E-002  0.787014E-002
  0.419086E+000  0.915816E+000  0.213581E-002  0.406539E-002  0.406539E-002  0.773826E-002
  0.421304E+000  0.922455E+000  0.211929E-002  0.401549E-002  0.401549E-002  0.760828E-002
  0.423537E+000  0.929090E+000  0.210310E-002  0.396699E-002  0.396699E-002  0.748276E-002
  0.425784E+000  0.935719E+000  0.208729E-002  0.391996E-002  0.391996E-002  0.736173E-002
  0.428044E+000  0.942344E+000  0.207115E-002  0.387306E-002  0.387306E-002  0.724261E-002
  0.430319E+000  0.948964E+000  0.205491E-002  0.382664E-002  0.382664E-002  0.712594E-002
  0.432607E+000  0.955580E+000  0.203904E-002  0.378159E-002  0.378159E-002  0.701331E-002
  0.434908E+000  0.962191E+000  0.202329E-002  0.373741E-002  0.373741E-002  0.690371E-002
  0.437222E+000  0.968797E+000  0.200785E-002  0.369441E-002  0.369441E-002  0.679766E-002
  0.439548E+000  0.975399E+000  0.199219E-002  0.365162E-002  0.365162E-002  0.669329E-002
  0.441887E+000  0.981997E+000  0.197683E-002  0.360994E-002  0.360994E-002  0.659218E-002
  0.444238E+000  0.988590E+000  0.196155E-002  0.356895E-002  0.356895E-002  0.649352E-002
  0.446601E+000  0.995179E+000  0.194642E-002  0.352875E-002  0.352875E-002  0.639743E-002
  0.448976E+000  0.100176E+001  0.193556E-002  0.349678E-002  0.349678E-002  0.631729E-002
  0.451362E+000  0.100835E+001  0.192119E-002  0.345894E-002  0.345894E-002  0.622752E-002
  0.453759E+000  0.101492E+001  0.190209E-002  0.341306E-002  0.341306E-002  0.612431E-002
  0.456168E+000  0.102149E+001  0.189308E-002  0.338573E-002  0.338573E-002  0.605532E-002
  0.458587E+000  0.102806E+001  0.187593E-002  0.334428E-002  0.334428E-002  0.596194E-002
  0.461016E+000  0.103463E+001  0.186044E-002  0.330622E-002  0.330622E-002  0.587553E-002
  0.463456E+000  0.104119E+001  0.184545E-002  0.326946E-002  0.326946E-002  0.579228E-002
  0.465907E+000  0.104775E+001  0.183195E-002  0.323573E-002  0.323573E-002  0.571519E-002
  0.468367E+000  0.105430E+001  0.181711E-002  0.320001E-002  0.320001E-002  0.563537E-002
  0.470836E+000  0.106085E+001  0.180391E-002  0.316756E-002  0.316756E-002  0.556204E-002
  0.473316E+000  0.106740E+001  0.179254E-002  0.313864E-002  0.313864E-002  0.549557E-002
  0.475805E+000  0.107394E+001  0.177672E-002  0.310226E-002  0.310226E-002  0.541673E-002
  0.478302E+000  0.108048E+001  0.176578E-002  0.307474E-002  0.307474E-002  0.535401E-002
  0.480809E+000  0.108701E+001  0.175177E-002  0.304218E-002  0.304218E-002  0.528313E-002
  0.483325E+000  0.109355E+001  0.174085E-002  0.301526E-002  0.301526E-002  0.522263E-002
  0.485849E+000  0.110007E+001  0.172818E-002  0.298562E-002  0.298562E-002  0.515797E-002
  0.488382E+000  0.110660E+001  0.171279E-002  0.295155E-002  0.295155E-002  0.508624E-002
  0.490923E+000  0.111312E+001  0.170222E-002  0.292608E-002  0.292608E-002  0.502985E-002
  0.493472E+000  0.111964E+001  0.168926E-002  0.289675E-002  0.289675E-002  0.496735E-002
  0.496029E+000  0.112616E+001  0.167656E-002  0.286812E-002  0.286812E-002  0.490653E-002
  0.498594E+000  0.113267E+001  0.166542E-002  0.284240E-002  0.284240E-002  0.485116E-002
  0.501166E+000  0.113918E+001  0.165320E-002  0.281508E-002  0.281508E-002  0.479352E-002
  0.503746E+000  0.114569E+001  0.164138E-002  0.278865E-002  0.278865E-002  0.473785E-002
  0.506333E+000  0.115219E+001  0.163150E-002  0.276576E-002  0.276576E-002  0.468857E-002
  0.508927E+000  0.115869E+001  0.162104E-002  0.274207E-002  0.274207E-002  0.463836E-002
  0.511529E+000  0.116519E+001  0.161040E-002  0.271828E-002  0.271828E-002  0.458834E-002
  0.514137E+000  0.117169E+001  0.159687E-002  0.268983E-002  0.268983E-002  0.453084E-002
  0.516752E+000  0.117818E+001  0.158739E-002  0.266839E-002  0.266839E-002  0.448552E-002
  0.519374E+000  0.118467E+001  0.157881E-002  0.264862E-002  0.264862E-002  0.444334E-002
  0.522002E+000  0.119116E+001  0.156611E-002  0.262214E-002  0.262214E-002  0.439025E-002
  0.524636E+000  0.119765E+001  0.155622E-002  0.260053E-002  0.260053E-002  0.434563E-002
  0.527276E+000  0.120413E+001  0.154507E-002  0.257698E-002  0.257698E-002  0.429810E-002
  0.529923E+000  0.121061E+001  0.153483E-002  0.255513E-002  0.255513E-002  0.425370E-002
  0.532576E+000  0.121709E+001  0.152515E-002  0.253437E-002  0.253437E-002  0.421139E-002
  0.535234E+000  0.122356E+001  0.151751E-002  0.251713E-002  0.251713E-002  0.417522E-002
  0.537898E+000  0.123004E+001  0.150743E-002  0.249600E-002  0.249600E-002  0.413286E-002
  0.540568E+000  0.123651E+001  0.149685E-002  0.247417E-002  0.247417E-002  0.408961E-002
  0.543243E+000  0.124298E+001  0.148884E-002  0.245675E-002  0.245675E-002  0.405389E-002
  0.545923E+000  0.124944E+001  0.147878E-002  0.243605E-002  0.243605E-002  0.401301E-002
  0.548609E+000  0.125591E+001  0.147086E-002  0.241902E-002  0.241902E-002  0.397841E-002
  0.551300E+000  0.126237E+001  0.146064E-002  0.239834E-002  0.239834E-002  0.393803E-002
  0.553996E+000  0.126883E+001  0.145197E-002  0.238033E-002  0.238033E-002  0.390226E-002
  0.556697E+000  0.127529E+001  0.144448E-002  0.236435E-002  0.236435E-002  0.387002E-002
  0.559403E+000  0.128174E+001  0.143688E-002  0.234832E-002  0.234832E-002  0.383790E-002
  0.562113E+000  0.128820E+001  0.142863E-002  0.233133E-002  0.233133E-002  0.380440E-002
  0.564828E+000  0.129465E+001  0.141924E-002  0.231258E-002  0.231258E-002  0.376824E-002
  0.567548E+000  0.130110E+001  0.141092E-002  0.229569E-002  0.229569E-002  0.373529E-002
  0.570272E+000  0.130755E+001  0.140469E-002  0.228230E-002  0.228230E-002  0.370821E-002
  0.573001E+000  0.131399E+001  0.139703E-002  0.226667E-002  0.226667E-002  0.367764E-002
  0.575734E+000  0.132044E+001  0.138784E-002  0.224865E-002  0.224865E-002  0.364339E-002
  0.578471E+000  0.132688E+001  0.138028E-002  0.223338E-002  0.223338E-002  0.361376E-002
  0.581212E+000  0.133332E+001  0.137318E-002  0.221895E-002  0.221895E-002  0.358564E-002
  0.583957E+000  0.133976E+001  0.136562E-002  0.220385E-002  0.220385E-002  0.355658E-002
  0.586706E+000  0.134620E+001  0.135924E-002  0.219073E-002  0.219073E-002  0.353088E-002
  0.589459E+000  0.135263E+001  0.135328E-002  0.217837E-002  0.217837E-002  0.350654E-002
  0.592216E+000  0.135907E+001  0.134517E-002  0.216264E-002  0.216264E-002  0.347689E-002
  0.594977E+000  0.136550E+001  0.133858E-002  0.214943E-002  0.214943E-002  0.345144E-002
  0.597741E+000  0.137193E+001  0.133242E-002  0.213697E-002  0.213697E-002  0.342734E-002
  0.600509E+000  0.137836E+001  0.132605E-002  0.212425E-002  0.212425E-002  0.340293E-002
  0.603280E+000  0.138479E+001  0.131867E-002  0.210999E-002  0.210999E-002  0.337617E-002
  0.606055E+000  0.139122E+001  0.131321E-002  0.209886E-002  0.209886E-002  0.335456E-002
  0.608833E+000  0.139764E+001  0.130717E-002  0.208688E-002  0.208688E-002  0.333167E-002
  0.611614E+000  0.140407E+001  0.130302E-002  0.207798E-002  0.207798E-002  0.331382E-002
  0.614399E+000  0.141049E+001  0.129465E-002  0.206239E-002  0.206239E-002  0.328541E-002
  0.617186E+000  0.141691E+001  0.128923E-002  0.205158E-002  0.205158E-002  0.326473E-002
  0.619977E+000  0.142333E+001  0.128362E-002  0.204052E-002  0.204052E-002  0.324375E-002
  0.622771E+000  0.142975E+001  0.127924E-002  0.203148E-002  0.203148E-002  0.322605E-002
  0.625568E+000  0.143616E+001  0.127347E-002  0.202028E-002  0.202028E-002  0.320504E-002
  0.628368E+000  0.144258E+001  0.126666E-002  0.200748E-002  0.200748E-002  0.318158E-002
  0.631171E+000  0.144899E+001  0.126413E-002  0.200152E-002  0.200152E-002  0.316904E-002
  0.633976E+000  0.145541E+001  0.125764E-002  0.198933E-002  0.198933E-002  0.314673E-002
  0.636784E+000  0.146182E+001  0.125169E-002  0.197807E-002  0.197807E-002  0.312597E-002
  0.639595E+000  0.146823E+001  0.124644E-002  0.196795E-002  0.196795E-002  0.310710E-002
  0.642409E+000  0.147464E+001  0.124152E-002  0.195839E-002  0.195839E-002  0.308920E-002
  0.645225E+000  0.148105E+001  0.123755E-002  0.195039E-002  0.195039E-002  0.307382E-002
  0.648044E+000  0.148746E+001  0.123478E-002  0.194431E-002  0.194431E-002  0.306154E-002
  0.650865E+000  0.149386E+001  0.122774E-002  0.193156E-002  0.193156E-002  0.303884E-002
  0.653689E+000  0.150027E+001  0.122439E-002  0.192464E-002  0.192464E-002  0.302539E-002
  0.656515E+000  0.150667E+001  0.121891E-002  0.191443E-002  0.191443E-002  0.300682E-002
  0.659344E+000  0.151307E+001  0.121761E-002  0.191081E-002  0.191081E-002  0.299868E-002
  0.662174E+000  0.151948E+001  0.121324E-002  0.190243E-002  0.190243E-002  0.298311E-002
  0.665007E+000  0.152588E+001  0.120824E-002  0.189307E-002  0.189307E-002  0.296608E-002
  0.667843E+000  0.153228E+001  0.120305E-002  0.188348E-002  0.188348E-002  0.294874E-002
  0.670680E+000  0.153868E+001  0.120070E-002  0.187835E-002  0.187835E-002  0.293846E-002
  0.673520E+000  0.154507E+001  0.119763E-002  0.187214E-002  0.187214E-002  0.292654E-002
  0.676362E+000  0.155147E+001  0.119201E-002  0.186197E-002  0.186197E-002  0.290847E-002
  0.679205E+000  0.155787E+001  0.118847E-002  0.185508E-002  0.185508E-002  0.289560E-002
  0.682051E+000  0.156426E+001  0.118517E-002  0.184860E-002  0.184860E-002  0.288342E-002
  0.684899E+000  0.157066E+001  0.118107E-002  0.184092E-002  0.184092E-002  0.286941E-002
  0.687749E+000  0.157705E+001  0.117792E-002  0.183474E-002  0.183474E-002  0.285779E-002
  0.690600E+000  0.158344E+001  0.117562E-002  0.182989E-002  0.182989E-002  0.284831E-002
  0.693454E+000  0.158984E+001  0.117219E-002  0.182334E-002  0.182334E-002  0.283621E-002
  0.696309E+000  0.159623E+001  0.116888E-002  0.181698E-002  0.181698E-002  0.282445E-002
  0.699166E+000  0.160262E+001  0.116592E-002  0.181121E-002  0.181121E-002  0.281366E-002
  0.702025E+000  0.160901E+001  0.116326E-002  0.180593E-002  0.180593E-002  0.280367E-002
  0.704886E+000  0.161540E+001  0.116089E-002  0.180112E-002  0.180112E-002  0.279445E-002
  0.707748E+000  0.162178E+001  0.115750E-002  0.179476E-002  0.179476E-002  0.278286E-002
  0.710613E+000  0.162817E+001  0.115438E-002  0.178883E-002  0.178883E-002  0.277199E-002
  0.713478E+000  0.163456E+001  0.115187E-002  0.178389E-002  0.178389E-002  0.276268E-002
  0.716346E+000  0.164094E+001  0.115104E-002  0.178156E-002  0.178156E-002  0.275746E-002
  0.719215E+000  0.164733E+001  0.114614E-002  0.177295E-002  0.177295E-002  0.274256E-002
  0.722085E+000  0.165371E+001  0.114492E-002  0.177007E-002  0.177007E-002  0.273655E-002
  0.724957E+000  0.166010E+001  0.114268E-002  0.176562E-002  0.176562E-002  0.272815E-002
  0.727831E+000  0.166648E+001  0.113939E-002  0.175957E-002  0.175957E-002  0.271732E-002
  0.730706E+000  0.167286E+001  0.113835E-002  0.175702E-002  0.175702E-002  0.271193E-002
  0.733582E+000  0.167924E+001  0.113686E-002  0.175379E-002  0.175379E-002  0.270551E-002
  0.736460E+000  0.168563E+001  0.113574E-002  0.175115E-002  0.175115E-002  0.270003E-002
  0.739339E+000  0.169201E+001  0.113404E-002  0.174764E-002  0.174764E-002  0.269325E-002
  0.742220E+000  0.169839E+001  0.113160E-002  0.174301E-002  0.174301E-002  0.268475E-002
  0.745102E+000  0.170476E+001  0.113024E-002  0.174005E-002  0.174005E-002  0.267888E-002
  0.747985E+000  0.171114E+001  0.112675E-002  0.173384E-002  0.173384E-002  0.266802E-002
  0.750870E+000  0.171752E+001  0.112458E-002  0.172967E-002  0.172967E-002  0.266034E-002
  0.753756E+000  0.172390E+001  0.112290E-002  0.172628E-002  0.172628E-002  0.265388E-002
  0.756643E+000  0.173028E+001  0.112361E-002  0.172657E-002  0.172657E-002  0.265310E-002
  0.759531E+000  0.173665E+001  0.112000E-002  0.172024E-002  0.172024E-002  0.264218E-002
  0.762421E+000  0.174303E+001  0.111934E-002  0.171846E-002  0.171846E-002  0.263827E-002
  0.765312E+000  0.174940E+001  0.111827E-002  0.171607E-002  0.171607E-002  0.263345E-002
  0.768204E+000  0.175578E+001  0.111675E-002  0.171301E-002  0.171301E-002  0.262762E-002
  0.771097E+000  0.176215E+001  0.111515E-002  0.170983E-002  0.170983E-002  0.262163E-002
  0.773991E+000  0.176852E+001  0.111590E-002  0.171027E-002  0.171027E-002  0.262122E-002
  0.776887E+000  0.177490E+001  0.111309E-002  0.170526E-002  0.170526E-002  0.261248E-002
  0.779783E+000  0.178127E+001  0.111194E-002  0.170281E-002  0.170281E-002  0.260767E-002
  0.782681E+000  0.178764E+001  0.111205E-002  0.170232E-002  0.170232E-002  0.260589E-002
  0.785580E+000  0.179401E+001  0.111339E-002  0.170370E-002  0.170370E-002  0.260699E-002
  0.788479E+000  0.180039E+001  0.111245E-002  0.170162E-002  0.170162E-002  0.260281E-002
  0.791380E+000  0.180676E+001  0.111056E-002  0.169808E-002  0.169808E-002  0.259644E-002
  0.794282E+000  0.181313E+001  0.110938E-002  0.169566E-002  0.169566E-002  0.259178E-002
  0.797185E+000  0.181950E+001  0.110866E-002  0.169394E-002  0.169394E-002  0.258822E-002
  0.800088E+000  0.182587E+001  0.111041E-002  0.169602E-002  0.169602E-002  0.259047E-002
  0.802993E+000  0.183223E+001  0.110843E-002  0.169241E-002  0.169241E-002  0.258405E-002
  0.805899E+000  0.183860E+001  0.110734E-002  0.169015E-002  0.169015E-002  0.257972E-002
  0.808806E+000  0.184497E+001  0.110635E-002  0.168808E-002  0.168808E-002  0.257569E-002
  0.811713E+000  0.185134E+001  0.110608E-002  0.168710E-002  0.168710E-002  0.257335E-002
  0.814622E+000  0.185771E+001  0.110689E-002  0.168779E-002  0.168779E-002  0.257356E-002
  0.817531E+000  0.186407E+001  0.110598E-002  0.168588E-002  0.168588E-002  0.256982E-002
  0.820441E+000  0.187044E+001  0.110566E-002  0.168486E-002  0.168486E-002  0.256746E-002
  0.823352E+000  0.187680E+001  0.110679E-002  0.168606E-002  0.168606E-002  0.256850E-002
  0.826264E+000  0.188317E+001  0.110533E-002  0.168332E-002  0.168332E-002  0.256355E-002
  0.829177E+000  0.188954E+001  0.110842E-002  0.168753E-002  0.168753E-002  0.256920E-002
  0.832091E+000  0.189590E+001  0.110549E-002  0.168257E-002  0.168257E-002  0.256091E-002
  0.835005E+000  0.190226E+001  0.110697E-002  0.168434E-002  0.168434E-002  0.256287E-002
  0.837921E+000  0.190863E+001  0.110606E-002  0.168249E-002  0.168249E-002  0.255933E-002
  0.840837E+000  0.191499E+001  0.110677E-002  0.168309E-002  0.168309E-002  0.255954E-002
  0.843754E+000  0.192136E+001  0.110870E-002  0.168557E-002  0.168557E-002  0.256261E-002
  0.846672E+000  0.192772E+001  0.110706E-002  0.168264E-002  0.168264E-002  0.255747E-002
  0.849590E+000  0.193408E+001  0.110749E-002  0.168285E-002  0.168285E-002  0.255712E-002
  0.852509E+000  0.194044E+001  0.110854E-002  0.168402E-002  0.168402E-002  0.255823E-002
  0.855429E+000  0.194680E+001  0.111042E-002  0.168645E-002  0.168645E-002  0.256128E-002
  0.858350E+000  0.195317E+001  0.111074E-002  0.168651E-002  0.168651E-002  0.256075E-002
  0.861272E+000  0.195953E+001  0.111005E-002  0.168506E-002  0.168506E-002  0.255791E-002
  0.864194E+000  0.196589E+001  0.111065E-002  0.168557E-002  0.168557E-002  0.255808E-002
  0.867117E+000  0.197225E+001  0.111130E-002  0.168615E-002  0.168615E-002  0.255837E-002
  0.870040E+000  0.197861E+001  0.111240E-002  0.168744E-002  0.168744E-002  0.255974E-002
  0.872965E+000  0.198497E+001  0.111296E-002  0.168791E-002  0.168791E-002  0.255987E-002
  0.875890E+000  0.199133E+001  0.111395E-002  0.168904E-002  0.168904E-002  0.256101E-002
  0.878816E+000  0.199769E+001  0.111494E-002  0.169018E-002  0.169018E-002  0.256219E-002
  0.881742E+000  0.200405E+001  0.111688E-002  0.169275E-002  0.169275E-002  0.256554E-002
  0.884669E+000  0.201041E+001  0.111929E-002  0.169604E-002  0.169604E-002  0.257000E-002
  0.887597E+000  0.201676E+001  0.111990E-002  0.169662E-002  0.169662E-002  0.257035E-002
  0.890525E+000  0.202312E+001  0.111926E-002  0.169532E-002  0.169532E-002  0.256786E-002
  0.893454E+000  0.202948E+001  0.112038E-002  0.169668E-002  0.169668E-002  0.256942E-002
  0.896384E+000  0.203584E+001  0.112250E-002  0.169956E-002  0.169956E-002  0.257329E-002
  0.899314E+000  0.204219E+001  0.112399E-002  0.170149E-002  0.170149E-002  0.257572E-002
  0.902245E+000  0.204855E+001  0.112404E-002  0.170126E-002  0.170126E-002  0.257489E-002
  0.905177E+000  0.205491E+001  0.112601E-002  0.170393E-002  0.170393E-002  0.257846E-002
  0.908109E+000  0.206126E+001  0.112809E-002  0.170677E-002  0.170677E-002  0.258231E-002
  0.911042E+000  0.206762E+001  0.112820E-002  0.170665E-002  0.170665E-002  0.258167E-002
  0.913975E+000  0.207398E+001  0.113311E-002  0.171378E-002  0.171378E-002  0.259202E-002
  0.916910E+000  0.208033E+001  0.113160E-002  0.171120E-002  0.171120E-002  0.258769E-002
  0.919844E+000  0.208669E+001  0.113482E-002  0.171579E-002  0.171579E-002  0.259420E-002
  0.922779E+000  0.209304E+001  0.113428E-002  0.171471E-002  0.171471E-002  0.259215E-002
  0.925715E+000  0.209940E+001  0.113876E-002  0.172121E-002  0.172121E-002  0.260157E-002
  0.928652E+000  0.210575E+001  0.113759E-002  0.171917E-002  0.171917E-002  0.259808E-002
  0.931589E+000  0.211210E+001  0.114168E-002  0.172510E-002  0.172510E-002  0.260666E-002
  0.934526E+000  0.211846E+001  0.114186E-002  0.172511E-002  0.172511E-002  0.260628E-002
  0.937464E+000  0.212481E+001  0.114272E-002  0.172617E-002  0.172617E-002  0.260751E-002
  0.940403E+000  0.213116E+001  0.114660E-002  0.173178E-002  0.173178E-002  0.261562E-002
  0.943342E+000  0.213752E+001  0.114755E-002  0.173297E-002  0.173297E-002  0.261705E-002
  0.946282E+000  0.214387E+001  0.114815E-002  0.173365E-002  0.173365E-002  0.261773E-002
  0.949223E+000  0.215022E+001  0.115154E-002  0.173854E-002  0.173854E-002  0.262477E-002
  0.952164E+000  0.215657E+001  0.115609E-002  0.174518E-002  0.174518E-002  0.263445E-002
  0.955105E+000  0.216293E+001  0.115495E-002  0.174325E-002  0.174325E-002  0.263119E-002
  0.958047E+000  0.216928E+001  0.115605E-002  0.174469E-002  0.174469E-002  0.263305E-002
  0.960990E+000  0.217563E+001  0.115792E-002  0.174730E-002  0.174730E-002  0.263667E-002
  0.963933E+000  0.218198E+001  0.116028E-002  0.175065E-002  0.175065E-002  0.264142E-002
  0.966876E+000  0.218833E+001  0.116215E-002  0.175327E-002  0.175327E-002  0.264506E-002
  0.969821E+000  0.219468E+001  0.116588E-002  0.175871E-002  0.175871E-002  0.265297E-002
  0.972765E+000  0.220103E+001  0.116711E-002  0.176036E-002  0.176036E-002  0.265518E-002
  0.975710E+000  0.220738E+001  0.116905E-002  0.176310E-002  0.176310E-002  0.265902E-002
  0.978656E+000  0.221373E+001  0.117158E-002  0.176673E-002  0.176673E-002  0.266422E-002
  0.981602E+000  0.222008E+001  0.117315E-002  0.176893E-002  0.176893E-002  0.266725E-002
  0.984549E+000  0.222643E+001  0.117531E-002  0.177201E-002  0.177201E-002  0.267164E-002
  0.987497E+000  0.223278E+001  0.117807E-002  0.177599E-002  0.177599E-002  0.267737E-002
  0.990444E+000  0.223913E+001  0.117895E-002  0.177715E-002  0.177715E-002  0.267888E-002
  0.993393E+000  0.224548E+001  0.118122E-002  0.178041E-002  0.178041E-002  0.268355E-002
  0.996341E+000  0.225183E+001  0.118386E-002  0.178423E-002  0.178423E-002  0.268907E-002
  0.999291E+000  0.225818E+001  0.118620E-002  0.178760E-002  0.178760E-002  0.269390E-002
  0.100224E+001  0.226453E+001  0.119206E-002  0.179627E-002  0.179627E-002  0.270674E-002
  0.100519E+001  0.227087E+001  0.119023E-002  0.179338E-002  0.179338E-002  0.270216E-002
  0.100814E+001  0.227722E+001  0.119329E-002  0.179784E-002  0.179784E-002  0.270867E-002
  0.101109E+001  0.228357E+001  0.120272E-002  0.181191E-002  0.181191E-002  0.272965E-002
  0.101404E+001  0.228992E+001  0.122393E-002  0.184372E-002  0.184372E-002  0.277736E-002
  0.101700E+001  0.229626E+001  0.120833E-002  0.182008E-002  0.182008E-002  0.274156E-002
  0.101995E+001  0.230261E+001  0.120148E-002  0.180964E-002  0.180964E-002  0.272563E-002
  0.102290E+001  0.230896E+001  0.121827E-002  0.183479E-002  0.183479E-002  0.276333E-002
  0.102586E+001  0.231530E+001  0.121562E-002  0.183068E-002  0.183068E-002  0.275695E-002
  0.102881E+001  0.232165E+001  0.121033E-002  0.182261E-002  0.182261E-002  0.274461E-002
  0.103177E+001  0.232799E+001  0.123224E-002  0.185548E-002  0.185548E-002  0.279393E-002
  0.103472E+001  0.233434E+001  0.121349E-002  0.182714E-002  0.182714E-002  0.275109E-002
  0.103768E+001  0.234069E+001  0.121610E-002  0.183095E-002  0.183095E-002  0.275667E-002
  0.104063E+001  0.234703E+001  0.122075E-002  0.183785E-002  0.183785E-002  0.276690E-002
  0.104359E+001  0.235338E+001  0.122070E-002  0.183768E-002  0.183768E-002  0.276649E-002
  0.104655E+001  0.235972E+001  0.123089E-002  0.185291E-002  0.185291E-002  0.278927E-002
  0.104950E+001  0.236606E+001  0.122540E-002  0.184456E-002  0.184456E-002  0.277656E-002
  0.105246E+001  0.237241E+001  0.122869E-002  0.184942E-002  0.184942E-002  0.278374E-002
  0.105542E+001  0.237875E+001  0.123033E-002  0.185180E-002  0.185180E-002  0.278718E-002
  0.105838E+001  0.238510E+001  0.123106E-002  0.185281E-002  0.185281E-002  0.278858E-002
  0.106134E+001  0.239144E+001  0.123672E-002  0.186124E-002  0.186124E-002  0.280115E-002
  0.106430E+001  0.239778E+001  0.124654E-002  0.187595E-002  0.187595E-002  0.282317E-002
  0.106726E+001  0.240413E+001  0.123839E-002  0.186361E-002  0.186361E-002  0.280448E-002
  0.107022E+001  0.241047E+001  0.124211E-002  0.186913E-002  0.186913E-002  0.281268E-002
  0.107318E+001  0.241681E+001  0.124511E-002  0.187357E-002  0.187357E-002  0.281925E-002
  0.107614E+001  0.242316E+001  0.124773E-002  0.187746E-002  0.187746E-002  0.282501E-002
  0.107910E+001  0.242950E+001  0.125217E-002  0.188407E-002  0.188407E-002  0.283486E-002
  0.108206E+001  0.243584E+001  0.125968E-002  0.189531E-002  0.189531E-002  0.285168E-002
  0.108503E+001  0.244218E+001  0.125882E-002  0.189396E-002  0.189396E-002  0.284956E-002
  0.108799E+001  0.244853E+001  0.125787E-002  0.189247E-002  0.189247E-002  0.284724E-002
  0.109095E+001  0.245487E+001  0.127419E-002  0.191697E-002  0.191697E-002  0.288402E-002
  0.109392E+001  0.246121E+001  0.125689E-002  0.189089E-002  0.189089E-002  0.284471E-002
  0.109688E+001  0.246755E+001  0.126285E-002  0.189982E-002  0.189982E-002  0.285806E-002
  0.109985E+001  0.247389E+001  0.126539E-002  0.190360E-002  0.190360E-002  0.286369E-002
  0.110281E+001  0.248023E+001  0.126384E-002  0.190123E-002  0.190123E-002  0.286007E-002
  0.110578E+001  0.248657E+001  0.126953E-002  0.190975E-002  0.190975E-002  0.287282E-002
  0.110874E+001  0.249291E+001  0.126961E-002  0.190982E-002  0.190982E-002  0.287288E-002
  0.111171E+001  0.249925E+001  0.126857E-002  0.190823E-002  0.190823E-002  0.287043E-002
  0.111468E+001  0.250559E+001  0.128238E-002  0.192897E-002  0.192897E-002  0.290159E-002
  0.111764E+001  0.251193E+001  0.127414E-002  0.191656E-002  0.191656E-002  0.288287E-002
  0.112061E+001  0.251827E+001  0.127269E-002  0.191435E-002  0.191435E-002  0.287951E-002
  0.112358E+001  0.252461E+001  0.127723E-002  0.192115E-002  0.192115E-002  0.288970E-002
  0.112655E+001  0.253095E+001  0.128462E-002  0.193225E-002  0.193225E-002  0.290637E-002
  0.112952E+001  0.253729E+001  0.129244E-002  0.194400E-002  0.194400E-002  0.292402E-002
  0.113248E+001  0.254363E+001  0.128919E-002  0.193909E-002  0.193909E-002  0.291661E-002
  0.113545E+001  0.254997E+001  0.128902E-002  0.193881E-002  0.193881E-002  0.291618E-002
  0.113842E+001  0.255631E+001  0.129075E-002  0.194141E-002  0.194141E-002  0.292006E-002
  0.114139E+001  0.256265E+001  0.129446E-002  0.194699E-002  0.194699E-002  0.292844E-002
  0.114436E+001  0.256899E+001  0.130084E-002  0.195658E-002  0.195658E-002  0.294286E-002
  0.114733E+001  0.257533E+001  0.131118E-002  0.197212E-002  0.197212E-002  0.296623E-002
  0.115031E+001  0.258166E+001  0.131190E-002  0.197320E-002  0.197320E-002  0.296786E-002
  0.115328E+001  0.258800E+001  0.129965E-002  0.195478E-002  0.195478E-002  0.294014E-002
  0.115625E+001  0.259434E+001  0.129148E-002  0.194249E-002  0.194249E-002  0.292166E-002
  0.115922E+001  0.260068E+001  0.129034E-002  0.194079E-002  0.194079E-002  0.291911E-002
  0.116219E+001  0.260702E+001  0.129971E-002  0.195489E-002  0.195489E-002  0.294032E-002
  0.116516E+001  0.261335E+001  0.129595E-002  0.194923E-002  0.194923E-002  0.293184E-002
  0.116814E+001  0.261969E+001  0.130038E-002  0.195590E-002  0.195590E-002  0.294189E-002
  0.117111E+001  0.262603E+001  0.129376E-002  0.194596E-002  0.194596E-002  0.292696E-002
  0.117408E+001  0.263237E+001  0.130921E-002  0.196921E-002  0.196921E-002  0.296195E-002
  0.117706E+001  0.263870E+001  0.130941E-002  0.196953E-002  0.196953E-002  0.296245E-002
  0.118003E+001  0.264504E+001  0.129562E-002  0.194882E-002  0.194882E-002  0.293132E-002
  0.118300E+001  0.265138E+001  0.131428E-002  0.197690E-002  0.197690E-002  0.297359E-002
  0.118598E+001  0.265771E+001  0.130405E-002  0.196153E-002  0.196153E-002  0.295051E-002
  0.118895E+001  0.266405E+001  0.130045E-002  0.195614E-002  0.195614E-002  0.294243E-002
  0.119193E+001  0.267039E+001  0.129863E-002  0.195343E-002  0.195343E-002  0.293839E-002
  0.119490E+001  0.267672E+001  0.129780E-002  0.195220E-002  0.195220E-002  0.293659E-002
  0.119788E+001  0.268306E+001  0.130320E-002  0.196036E-002  0.196036E-002  0.294890E-002
  0.120085E+001  0.268940E+001  0.130739E-002  0.196669E-002  0.196669E-002  0.295848E-002
  0.120383E+001  0.269573E+001  0.130583E-002  0.196438E-002  0.196438E-002  0.295505E-002
  0.120680E+001  0.270207E+001  0.130673E-002  0.196577E-002  0.196577E-002  0.295719E-002
  0.120978E+001  0.270840E+001  0.130477E-002  0.196285E-002  0.196285E-002  0.295285E-002
  0.121275E+001  0.271474E+001  0.130979E-002  0.197044E-002  0.197044E-002  0.296432E-002
  0.121573E+001  0.272108E+001  0.130129E-002  0.195769E-002  0.195769E-002  0.294520E-002
  0.121871E+001  0.272741E+001  0.130795E-002  0.196774E-002  0.196774E-002  0.296038E-002
  0.122168E+001  0.273375E+001  0.130740E-002  0.196697E-002  0.196697E-002  0.295928E-002
  0.122466E+001  0.274008E+001  0.129959E-002  0.195526E-002  0.195526E-002  0.294172E-002
  0.122764E+001  0.274642E+001  0.130387E-002  0.196173E-002  0.196173E-002  0.295153E-002
  0.123061E+001  0.275275E+001  0.129605E-002  0.195002E-002  0.195002E-002  0.293397E-002
  0.123359E+001  0.275909E+001  0.129559E-002  0.194936E-002  0.194936E-002  0.293305E-002
  0.123657E+001  0.276542E+001  0.131951E-002  0.198541E-002  0.198541E-002  0.298737E-002
  0.123954E+001  0.277176E+001  0.129776E-002  0.195273E-002  0.195273E-002  0.293827E-002
  0.124252E+001  0.277810E+001  0.129470E-002  0.194818E-002  0.194818E-002  0.293148E-002
  0.124550E+001  0.278443E+001  0.130073E-002  0.195729E-002  0.195729E-002  0.294527E-002
  0.124847E+001  0.279077E+001  0.130854E-002  0.196910E-002  0.196910E-002  0.296311E-002
  0.125145E+001  0.279710E+001  0.129008E-002  0.194137E-002  0.194137E-002  0.292147E-002
  0.125443E+001  0.280344E+001  0.128921E-002  0.194011E-002  0.194011E-002  0.291965E-002
  0.125741E+001  0.280977E+001  0.130927E-002  0.197036E-002  0.197036E-002  0.296526E-002
  0.126038E+001  0.281611E+001  0.129293E-002  0.194582E-002  0.194582E-002  0.292841E-002
  0.126336E+001  0.282244E+001  0.128749E-002  0.193770E-002  0.193770E-002  0.291626E-002
  0.126634E+001  0.282878E+001  0.128790E-002  0.193837E-002  0.193837E-002  0.291736E-002
  0.126931E+001  0.283511E+001  0.128427E-002  0.193296E-002  0.193296E-002  0.290931E-002
  0.127229E+001  0.284145E+001  0.128136E-002  0.192864E-002  0.192864E-002  0.290289E-002
  0.127527E+001  0.284778E+001  0.128986E-002  0.194148E-002  0.194148E-002  0.292231E-002
  0.127824E+001  0.285412E+001  0.129068E-002  0.194278E-002  0.194278E-002  0.292435E-002
  0.128122E+001  0.286046E+001  0.128403E-002  0.193283E-002  0.193283E-002  0.290946E-002
  0.128420E+001  0.286679E+001  0.127551E-002  0.192007E-002  0.192007E-002  0.289034E-002
  0.128718E+001  0.287313E+001  0.127680E-002  0.192208E-002  0.192208E-002  0.289345E-002
  0.129015E+001  0.287946E+001  0.127004E-002  0.191196E-002  0.191196E-002  0.287832E-002
  0.129313E+001  0.288580E+001  0.126744E-002  0.190809E-002  0.190809E-002  0.287259E-002
  0.129610E+001  0.289213E+001  0.127161E-002  0.191444E-002  0.191444E-002  0.288224E-002
  0.129908E+001  0.289847E+001  0.126441E-002  0.190366E-002  0.190366E-002  0.286610E-002
  0.130206E+001  0.290481E+001  0.126057E-002  0.189794E-002  0.189794E-002  0.285759E-002
  0.130503E+001  0.291114E+001  0.126315E-002  0.190189E-002  0.190189E-002  0.286363E-002
  0.130801E+001  0.291748E+001  0.125588E-002  0.189100E-002  0.189100E-002  0.284733E-002
  0.131098E+001  0.292381E+001  0.126000E-002  0.189727E-002  0.189727E-002  0.285686E-002
  0.131396E+001  0.293015E+001  0.125071E-002  0.188336E-002  0.188336E-002  0.283600E-002
  0.131694E+001  0.293649E+001  0.125043E-002  0.188300E-002  0.188300E-002  0.283556E-002
  0.131991E+001  0.294282E+001  0.124487E-002  0.187468E-002  0.187468E-002  0.282313E-002
  0.132289E+001  0.294916E+001  0.124950E-002  0.188172E-002  0.188172E-002  0.283382E-002
  0.132586E+001  0.295549E+001  0.124157E-002  0.186985E-002  0.186985E-002  0.281605E-002
  0.132883E+001  0.296183E+001  0.124410E-002  0.187372E-002  0.187372E-002  0.282197E-002
  0.133181E+001  0.296817E+001  0.123311E-002  0.185723E-002  0.185723E-002  0.279723E-002
  0.133478E+001  0.297450E+001  0.122973E-002  0.185219E-002  0.185219E-002  0.278974E-002
  0.133776E+001  0.298084E+001  0.124119E-002  0.186953E-002  0.186953E-002  0.281595E-002
  0.134073E+001  0.298718E+001  0.122330E-002  0.184265E-002  0.184265E-002  0.277556E-002
  0.134370E+001  0.299352E+001  0.122723E-002  0.184863E-002  0.184863E-002  0.278467E-002
  0.134667E+001  0.299985E+001  0.122060E-002  0.183871E-002  0.183871E-002  0.276981E-002
  0.134965E+001  0.300619E+001  0.122068E-002  0.183889E-002  0.183889E-002  0.277019E-002
  0.135262E+001  0.301253E+001  0.120944E-002  0.182201E-002  0.182201E-002  0.274485E-002
  0.135559E+001  0.301887E+001  0.120720E-002  0.181870E-002  0.181870E-002  0.273996E-002
  0.135856E+001  0.302521E+001  0.121022E-002  0.182332E-002  0.182332E-002  0.274702E-002
  0.136153E+001  0.303154E+001  0.119830E-002  0.180542E-002  0.180542E-002  0.272014E-002
  0.136450E+001  0.303788E+001  0.119646E-002  0.180271E-002  0.180271E-002  0.271615E-002
  0.136747E+001  0.304422E+001  0.119451E-002  0.179984E-002  0.179984E-002  0.271191E-002
  0.137044E+001  0.305056E+001  0.119124E-002  0.179497E-002  0.179497E-002  0.270467E-002
  0.137341E+001  0.305690E+001  0.118622E-002  0.178746E-002  0.178746E-002  0.269346E-002
  0.137638E+001  0.306324E+001  0.117988E-002  0.177798E-002  0.177798E-002  0.267925E-002
  0.137935E+001  0.306958E+001  0.117358E-002  0.176853E-002  0.176853E-002  0.266511E-002
  0.138232E+001  0.307592E+001  0.116961E-002  0.176261E-002  0.176261E-002  0.265627E-002
  0.138528E+001  0.308226E+001  0.118692E-002  0.178877E-002  0.178877E-002  0.269578E-002
  0.138825E+001  0.308860E+001  0.116622E-002  0.175762E-002  0.175762E-002  0.264893E-002
  0.139122E+001  0.309494E+001  0.115553E-002  0.174158E-002  0.174158E-002  0.262484E-002
  0.139418E+001  0.310128E+001  0.116737E-002  0.175947E-002  0.175947E-002  0.265190E-002
  0.139715E+001  0.310762E+001  0.114648E-002  0.172805E-002  0.172805E-002  0.260462E-002
  0.140012E+001  0.311396E+001  0.115348E-002  0.173865E-002  0.173865E-002  0.262068E-002
  0.140308E+001  0.312030E+001  0.113708E-002  0.171398E-002  0.171398E-002  0.258359E-002
  0.140604E+001  0.312664E+001  0.113456E-002  0.171024E-002  0.171024E-002  0.257803E-002
  0.140901E+001  0.313298E+001  0.114068E-002  0.171952E-002  0.171952E-002  0.259210E-002
  0.141197E+001  0.313933E+001  0.112279E-002  0.169260E-002  0.169260E-002  0.255160E-002
  0.141493E+001  0.314567E+001  0.112001E-002  0.168847E-002  0.168847E-002  0.254545E-002
  0.141789E+001  0.315201E+001  0.111608E-002  0.168261E-002  0.168261E-002  0.253669E-002
  0.142085E+001  0.315835E+001  0.111003E-002  0.167353E-002  0.167353E-002  0.252308E-002
  0.142382E+001  0.316470E+001  0.110806E-002  0.167062E-002  0.167062E-002  0.251877E-002
  0.142677E+001  0.317104E+001  0.110620E-002  0.166785E-002  0.166785E-002  0.251467E-002
  0.142973E+001  0.317738E+001  0.109237E-002  0.164705E-002  0.164705E-002  0.248338E-002
  0.143269E+001  0.318373E+001  0.109046E-002  0.164422E-002  0.164422E-002  0.247919E-002
  0.143565E+001  0.319007E+001  0.107976E-002  0.162813E-002  0.162813E-002  0.245500E-002
  0.143861E+001  0.319642E+001  0.107441E-002  0.162012E-002  0.162012E-002  0.244299E-002
  0.144156E+001  0.320276E+001  0.107332E-002  0.161851E-002  0.161851E-002  0.244063E-002
  0.144452E+001  0.320911E+001  0.106337E-002  0.160355E-002  0.160355E-002  0.241815E-002
  0.144748E+001  0.321545E+001  0.107520E-002  0.162144E-002  0.162144E-002  0.244519E-002
  0.145043E+001  0.322180E+001  0.105102E-002  0.158502E-002  0.158502E-002  0.239034E-002
  0.145338E+001  0.322815E+001  0.106190E-002  0.160147E-002  0.160147E-002  0.241520E-002
  0.145634E+001  0.323449E+001  0.104748E-002  0.157976E-002  0.157976E-002  0.238252E-002
  0.145929E+001  0.324084E+001  0.103328E-002  0.155839E-002  0.155839E-002  0.235036E-002
  0.146224E+001  0.324719E+001  0.103022E-002  0.155381E-002  0.155381E-002  0.234351E-002
  0.146519E+001  0.325353E+001  0.102113E-002  0.154014E-002  0.154014E-002  0.232295E-002
  0.146814E+001  0.325988E+001  0.101536E-002  0.153147E-002  0.153147E-002  0.230993E-002
  0.147109E+001  0.326623E+001  0.100928E-002  0.152234E-002  0.152234E-002  0.229621E-002
  0.147404E+001  0.327258E+001  0.100258E-002  0.151227E-002  0.151227E-002  0.228108E-002
  0.147699E+001  0.327893E+001  0.997452E-003  0.150457E-002  0.150457E-002  0.226952E-002
  0.147993E+001  0.328528E+001  0.100495E-002  0.151591E-002  0.151591E-002  0.228668E-002
  0.148288E+001  0.329163E+001  0.985324E-003  0.148634E-002  0.148634E-002  0.224212E-002
  0.148583E+001  0.329798E+001  0.980568E-003  0.147920E-002  0.147920E-002  0.223139E-002
  0.148877E+001  0.330433E+001  0.971796E-003  0.146600E-002  0.146600E-002  0.221152E-002
  0.149171E+001  0.331068E+001  0.974984E-003  0.147084E-002  0.147084E-002  0.221887E-002
  0.149466E+001  0.331703E+001  0.961169E-003  0.145003E-002  0.145003E-002  0.218752E-002
  0.149760E+001  0.332338E+001  0.952066E-003  0.143632E-002  0.143632E-002  0.216689E-002
  0.150054E+001  0.332973E+001  0.945110E-003  0.142585E-002  0.142585E-002  0.215114E-002
  0.150348E+001  0.333609E+001  0.940536E-003  0.141898E-002  0.141898E-002  0.214080E-002
  0.150642E+001  0.334244E+001  0.931191E-003  0.140491E-002  0.140491E-002  0.211961E-002
  0.150936E+001  0.334879E+001  0.926275E-003  0.139751E-002  0.139751E-002  0.210849E-002
  0.151230E+001  0.335515E+001  0.918398E-003  0.138565E-002  0.138565E-002  0.209063E-002
  0.151523E+001  0.336150E+001  0.915758E-003  0.138169E-002  0.138169E-002  0.208469E-002
  0.151817E+001  0.336786E+001  0.905409E-003  0.136610E-002  0.136610E-002  0.206119E-002
  0.152110E+001  0.337421E+001  0.906648E-003  0.136799E-002  0.136799E-002  0.206408E-002
  0.152404E+001  0.338057E+001  0.890459E-003  0.134358E-002  0.134358E-002  0.202728E-002
  0.152697E+001  0.338692E+001  0.884260E-003  0.133425E-002  0.133425E-002  0.201322E-002
  0.152990E+001  0.339328E+001  0.890530E-003  0.134372E-002  0.134372E-002  0.202755E-002
  0.153284E+001  0.339963E+001  0.882455E-003  0.133156E-002  0.133156E-002  0.200922E-002
  0.153577E+001  0.340599E+001  0.867834E-003  0.130951E-002  0.130951E-002  0.197597E-002
  0.153870E+001  0.341235E+001  0.858576E-003  0.129556E-002  0.129556E-002  0.195494E-002
  0.154163E+001  0.341871E+001  0.852383E-003  0.128622E-002  0.128622E-002  0.194088E-002
  0.154455E+001  0.342506E+001  0.840812E-003  0.126878E-002  0.126878E-002  0.191457E-002
  0.154748E+001  0.343142E+001  0.835322E-003  0.126051E-002  0.126051E-002  0.190211E-002
  0.155041E+001  0.343778E+001  0.840154E-003  0.126781E-002  0.126781E-002  0.191315E-002
  0.155333E+001  0.344414E+001  0.819523E-003  0.123669E-002  0.123669E-002  0.186620E-002
  0.155625E+001  0.345050E+001  0.815858E-003  0.123117E-002  0.123117E-002  0.185788E-002
  0.155918E+001  0.345686E+001  0.811415E-003  0.122447E-002  0.122447E-002  0.184779E-002
  0.156210E+001  0.346322E+001  0.800094E-003  0.120739E-002  0.120739E-002  0.182204E-002
  0.156502E+001  0.346959E+001  0.792885E-003  0.119652E-002  0.119652E-002  0.180564E-002
  0.156794E+001  0.347595E+001  0.784472E-003  0.118383E-002  0.118383E-002  0.178650E-002
  0.157086E+001  0.348231E+001  0.776039E-003  0.117111E-002  0.117111E-002  0.176731E-002
  0.157378E+001  0.348867E+001  0.772463E-003  0.116572E-002  0.116572E-002  0.175918E-002
  0.157670E+001  0.349504E+001  0.764423E-003  0.115359E-002  0.115359E-002  0.174089E-002
  0.157961E+001  0.350140E+001  0.755443E-003  0.114004E-002  0.114004E-002  0.172045E-002
  0.158253E+001  0.350776E+001  0.755400E-003  0.113998E-002  0.113998E-002  0.172035E-002
  0.158544E+001  0.351413E+001  0.741224E-003  0.111859E-002  0.111859E-002  0.168808E-002
  0.158835E+001  0.352049E+001  0.735849E-003  0.111048E-002  0.111048E-002  0.167584E-002
  0.159127E+001  0.352686E+001  0.727467E-003  0.109783E-002  0.109783E-002  0.165675E-002
  0.159418E+001  0.353322E+001  0.723047E-003  0.109116E-002  0.109116E-002  0.164669E-002
  0.159709E+001  0.353959E+001  0.711820E-003  0.107422E-002  0.107422E-002  0.162111E-002
  0.160000E+001  0.354596E+001  0.703813E-003  0.106213E-002  0.106213E-002  0.160287E-002
  0.160291E+001  0.355232E+001  0.707122E-003  0.106712E-002  0.106712E-002  0.161040E-002
  0.160581E+001  0.355869E+001  0.692021E-003  0.104433E-002  0.104433E-002  0.157600E-002
  0.160872E+001  0.356506E+001  0.682005E-003  0.102921E-002  0.102921E-002  0.155318E-002
  0.161163E+001  0.357143E+001  0.678785E-003  0.102435E-002  0.102435E-002  0.154584E-002
  0.161453E+001  0.357780E+001  0.668359E-003  0.100861E-002  0.100861E-002  0.152208E-002
  0.161743E+001  0.358417E+001  0.669766E-003  0.101073E-002  0.101073E-002  0.152527E-002
  0.162034E+001  0.359054E+001  0.654513E-003  0.987706E-003  0.987706E-003  0.149052E-002
  0.162324E+001  0.359691E+001  0.646258E-003  0.975242E-003  0.975242E-003  0.147170E-002
  0.162614E+001  0.360328E+001  0.639103E-003  0.964439E-003  0.964439E-003  0.145539E-002
  0.162904E+001  0.360965E+001  0.632270E-003  0.954121E-003  0.954121E-003  0.143981E-002
  0.163194E+001  0.361602E+001  0.627468E-003  0.946866E-003  0.946866E-003  0.142885E-002
  0.163483E+001  0.362239E+001  0.622776E-003  0.939778E-003  0.939778E-003  0.141814E-002
  0.163773E+001  0.362876E+001  0.610963E-003  0.921943E-003  0.921943E-003  0.139121E-002
  0.164063E+001  0.363514E+001  0.604342E-003  0.911944E-003  0.911944E-003  0.137611E-002
  0.164352E+001  0.364151E+001  0.598525E-003  0.903156E-003  0.903156E-003  0.136283E-002
  0.164642E+001  0.364788E+001  0.598622E-003  0.903293E-003  0.903293E-003  0.136303E-002
  0.164931E+001  0.365426E+001  0.583222E-003  0.880044E-003  0.880044E-003  0.132793E-002
  0.165220E+001  0.366063E+001  0.576376E-003  0.869703E-003  0.869703E-003  0.131231E-002
  0.165509E+001  0.366701E+001  0.573478E-003  0.865320E-003  0.865320E-003  0.130568E-002
  0.165798E+001  0.367338E+001  0.563405E-003  0.850110E-003  0.850110E-003  0.128271E-002
  0.166087E+001  0.367976E+001  0.558076E-003  0.842058E-003  0.842058E-003  0.127055E-002
  0.166376E+001  0.368614E+001  0.551496E-003  0.832117E-003  0.832117E-003  0.125553E-002
  0.166665E+001  0.369251E+001  0.544428E-003  0.821440E-003  0.821440E-003  0.123940E-002
  0.166954E+001  0.369889E+001  0.541843E-003  0.817528E-003  0.817528E-003  0.123348E-002
  0.167242E+001  0.370527E+001  0.530477E-003  0.800367E-003  0.800367E-003  0.120757E-002
  0.167531E+001  0.371165E+001  0.523971E-003  0.790538E-003  0.790538E-003  0.119272E-002
  0.167819E+001  0.371802E+001  0.517295E-003  0.780452E-003  0.780452E-003  0.117748E-002
  0.168107E+001  0.372440E+001  0.510410E-003  0.770051E-003  0.770051E-003  0.116177E-002
  0.168395E+001  0.373078E+001  0.507565E-003  0.765745E-003  0.765745E-003  0.115525E-002
  0.168684E+001  0.373716E+001  0.501738E-003  0.756939E-003  0.756939E-003  0.114195E-002
  0.168972E+001  0.374354E+001  0.494445E-003  0.745923E-003  0.745923E-003  0.112531E-002
  0.169260E+001  0.374992E+001  0.489352E-003  0.738225E-003  0.738225E-003  0.111367E-002
  0.169547E+001  0.375630E+001  0.481483E-003  0.726340E-003  0.726340E-003  0.109572E-002
  0.169835E+001  0.376268E+001  0.472176E-003  0.712286E-003  0.712286E-003  0.107450E-002
  0.170123E+001  0.376906E+001  0.467207E-003  0.704774E-003  0.704774E-003  0.106314E-002
  0.170411E+001  0.377545E+001  0.461284E-003  0.695826E-003  0.695826E-003  0.104962E-002
  0.170698E+001  0.378183E+001  0.454136E-003  0.685028E-003  0.685028E-003  0.103331E-002
  0.170986E+001  0.378821E+001  0.453292E-003  0.683740E-003  0.683740E-003  0.103134E-002
  0.171273E+001  0.379459E+001  0.443221E-003  0.668533E-003  0.668533E-003  0.100838E-002
  0.171560E+001  0.380098E+001  0.437844E-003  0.660408E-003  0.660408E-003  0.996104E-003
  0.171847E+001  0.380736E+001  0.432554E-003  0.652413E-003  0.652413E-003  0.984023E-003
  0.172135E+001  0.381374E+001  0.434550E-003  0.655408E-003  0.655408E-003  0.988516E-003
  0.172422E+001  0.382013E+001  0.421623E-003  0.635895E-003  0.635895E-003  0.959062E-003
  0.172709E+001  0.382651E+001  0.421232E-003  0.635290E-003  0.635290E-003  0.958126E-003
  0.172995E+001  0.383290E+001  0.411454E-003  0.620527E-003  0.620527E-003  0.935838E-003
  0.173282E+001  0.383928E+001  0.401412E-003  0.605366E-003  0.605366E-003  0.912949E-003
  0.173569E+001  0.384567E+001  0.395861E-003  0.596980E-003  0.596980E-003  0.900278E-003
  0.173856E+001  0.385206E+001  0.391081E-003  0.589755E-003  0.589755E-003  0.889360E-003
  0.174142E+001  0.385844E+001  0.385161E-003  0.580812E-003  0.580812E-003  0.875850E-003
  0.174429E+001  0.386483E+001  0.380596E-003  0.573913E-003  0.573913E-003  0.865422E-003
  0.174715E+001  0.387122E+001  0.376403E-003  0.567575E-003  0.567575E-003  0.855842E-003
  0.175002E+001  0.387760E+001  0.376293E-003  0.567393E-003  0.567393E-003  0.855543E-003
  0.175288E+001  0.388399E+001  0.364711E-003  0.549913E-003  0.549913E-003  0.829162E-003
  0.175574E+001  0.389038E+001  0.358783E-003  0.540960E-003  0.540960E-003  0.815639E-003
  0.175860E+001  0.389677E+001  0.355349E-003  0.535767E-003  0.535767E-003  0.807786E-003
  0.176146E+001  0.390316E+001  0.352319E-003  0.531182E-003  0.531182E-003  0.800849E-003
  0.176432E+001  0.390955E+001  0.348408E-003  0.525271E-003  0.525271E-003  0.791914E-003
  0.176718E+001  0.391594E+001  0.343103E-003  0.517257E-003  0.517257E-003  0.779808E-003
  0.177004E+001  0.392232E+001  0.333748E-003  0.503137E-003  0.503137E-003  0.758499E-003
  0.177290E+001  0.392871E+001  0.329635E-003  0.496922E-003  0.496922E-003  0.749106E-003
  0.177576E+001  0.393511E+001  0.324151E-003  0.488639E-003  0.488639E-003  0.736597E-003
  0.177861E+001  0.394150E+001  0.326307E-003  0.491874E-003  0.491874E-003  0.741450E-003
  0.178147E+001  0.394789E+001  0.315684E-003  0.475846E-003  0.475846E-003  0.717267E-003
  0.178433E+001  0.395428E+001  0.311159E-003  0.469010E-003  0.469010E-003  0.706940E-003
  0.178718E+001  0.396067E+001  0.306207E-003  0.461531E-003  0.461531E-003  0.695645E-003
  0.179004E+001  0.396706E+001  0.304207E-003  0.458501E-003  0.458501E-003  0.691055E-003
  0.179289E+001  0.397345E+001  0.297098E-003  0.447773E-003  0.447773E-003  0.674864E-003
  0.179574E+001  0.397984E+001  0.292422E-003  0.440711E-003  0.440711E-003  0.664197E-003
  0.179860E+001  0.398624E+001  0.289753E-003  0.436674E-003  0.436674E-003  0.658091E-003
  0.180145E+001  0.399263E+001  0.284790E-003  0.429180E-003  0.429180E-003  0.646776E-003
  0.180430E+001  0.399902E+001  0.280513E-003  0.422721E-003  0.422721E-003  0.637020E-003
  0.180715E+001  0.400542E+001  0.275593E-003  0.415292E-003  0.415292E-003  0.625804E-003
  0.181000E+001  0.401181E+001  0.271279E-003  0.408777E-003  0.408777E-003  0.615965E-003
  0.181285E+001  0.401820E+001  0.267796E-003  0.403515E-003  0.403515E-003  0.608015E-003
  0.181570E+001  0.402460E+001  0.263223E-003  0.396610E-003  0.396610E-003  0.597590E-003
  0.181855E+001  0.403099E+001  0.260919E-003  0.393125E-003  0.393125E-003  0.592318E-003
  0.182139E+001  0.403739E+001  0.261755E-003  0.394371E-003  0.394371E-003  0.594174E-003
  0.182424E+001  0.404378E+001  0.252232E-003  0.380009E-003  0.380009E-003  0.572516E-003
  0.182709E+001  0.405017E+001  0.248731E-003  0.374721E-003  0.374721E-003  0.564529E-003
  0.182994E+001  0.405657E+001  0.246189E-003  0.370879E-003  0.370879E-003  0.558721E-003
  0.183278E+001  0.406297E+001  0.242002E-003  0.364558E-003  0.364558E-003  0.549178E-003
  0.183563E+001  0.406936E+001  0.237927E-003  0.358405E-003  0.358405E-003  0.539890E-003
  0.183847E+001  0.407576E+001  0.234469E-003  0.353184E-003  0.353184E-003  0.532005E-003
  0.184132E+001  0.408215E+001  0.232133E-003  0.349651E-003  0.349651E-003  0.526665E-003
  0.184416E+001  0.408855E+001  0.226056E-003  0.340486E-003  0.340486E-003  0.512841E-003
  0.184700E+001  0.409495E+001  0.226492E-003  0.341130E-003  0.341130E-003  0.513791E-003
  0.184985E+001  0.410134E+001  0.220992E-003  0.332833E-003  0.332833E-003  0.501277E-003
  0.185269E+001  0.410774E+001  0.215762E-003  0.324945E-003  0.324945E-003  0.489378E-003
  0.185553E+001  0.411414E+001  0.213524E-003  0.321562E-003  0.321562E-003  0.484266E-003
  0.185837E+001  0.412053E+001  0.209429E-003  0.315384E-003  0.315384E-003  0.474943E-003
  0.186121E+001  0.412693E+001  0.207465E-003  0.312414E-003  0.312414E-003  0.470453E-003
  0.186405E+001  0.413333E+001  0.205954E-003  0.310127E-003  0.310127E-003  0.466992E-003
  0.186690E+001  0.413973E+001  0.200772E-003  0.302312E-003  0.302312E-003  0.455207E-003
  0.186973E+001  0.414612E+001  0.197453E-003  0.297304E-003  0.297304E-003  0.447648E-003
  0.187257E+001  0.415252E+001  0.194502E-003  0.292849E-003  0.292849E-003  0.440923E-003
  0.187541E+001  0.415892E+001  0.191298E-003  0.288014E-003  0.288014E-003  0.433626E-003
  0.187825E+001  0.416532E+001  0.187956E-003  0.282971E-003  0.282971E-003  0.426018E-003
  0.188109E+001  0.417172E+001  0.184722E-003  0.278091E-003  0.278091E-003  0.418655E-003
  0.188393E+001  0.417812E+001  0.181953E-003  0.273912E-003  0.273912E-003  0.412347E-003
  0.188677E+001  0.418452E+001  0.180114E-003  0.271133E-003  0.271133E-003  0.408148E-003
  0.188960E+001  0.419092E+001  0.177470E-003  0.267143E-003  0.267143E-003  0.402125E-003
  0.189244E+001  0.419732E+001  0.173489E-003  0.261139E-003  0.261139E-003  0.393072E-003
  0.189527E+001  0.420372E+001  0.174888E-003  0.263235E-003  0.263235E-003  0.396212E-003
  0.189811E+001  0.421012E+001  0.168707E-003  0.253921E-003  0.253921E-003  0.382177E-003
  0.190095E+001  0.421652E+001  0.165797E-003  0.249532E-003  0.249532E-003  0.375557E-003
  0.190378E+001  0.422292E+001  0.163650E-003  0.246291E-003  0.246291E-003  0.370664E-003
  0.190662E+001  0.422932E+001  0.160847E-003  0.242063E-003  0.242063E-003  0.364286E-003
  0.190945E+001  0.423572E+001  0.158051E-003  0.237846E-003  0.237846E-003  0.357925E-003
  0.191228E+001  0.424212E+001  0.157613E-003  0.237176E-003  0.237176E-003  0.356904E-003
  0.191512E+001  0.424852E+001  0.153107E-003  0.230386E-003  0.230386E-003  0.346672E-003
  0.191795E+001  0.425492E+001  0.150680E-003  0.226726E-003  0.226726E-003  0.341150E-003
  0.192078E+001  0.426132E+001  0.149261E-003  0.224581E-003  0.224581E-003  0.337909E-003
  0.192362E+001  0.426772E+001  0.147195E-003  0.221464E-003  0.221464E-003  0.333206E-003
  0.192645E+001  0.427412E+001  0.144066E-003  0.216748E-003  0.216748E-003  0.326098E-003
  0.192928E+001  0.428052E+001  0.141450E-003  0.212804E-003  0.212804E-003  0.320151E-003
  0.193211E+001  0.428693E+001  0.140155E-003  0.210846E-003  0.210846E-003  0.317192E-003
  0.193494E+001  0.429333E+001  0.138210E-003  0.207911E-003  0.207911E-003  0.312765E-003
  0.193777E+001  0.429973E+001  0.136076E-003  0.204693E-003  0.204693E-003  0.307910E-003
  0.194060E+001  0.430613E+001  0.133754E-003  0.201192E-003  0.201192E-003  0.302633E-003
  0.194344E+001  0.431253E+001  0.133535E-003  0.200855E-003  0.200855E-003  0.302113E-003
  0.194627E+001  0.431894E+001  0.129177E-003  0.194292E-003  0.194292E-003  0.292230E-003
  0.194910E+001  0.432534E+001  0.127875E-003  0.192325E-003  0.192325E-003  0.289259E-003
  0.195192E+001  0.433174E+001  0.125285E-003  0.188423E-003  0.188423E-003  0.283379E-003
  0.195475E+001  0.433814E+001  0.122635E-003  0.184430E-003  0.184430E-003  0.277362E-003
  0.195758E+001  0.434455E+001  0.121292E-003  0.182402E-003  0.182402E-003  0.274301E-003
  0.196041E+001  0.435095E+001  0.118686E-003  0.178476E-003  0.178476E-003  0.268386E-003
  0.196324E+001  0.435735E+001  0.117178E-003  0.176202E-003  0.176202E-003  0.264955E-003
  0.196607E+001  0.436376E+001  0.115097E-003  0.173065E-003  0.173065E-003  0.260227E-003
  0.196889E+001  0.437016E+001  0.114359E-003  0.171947E-003  0.171947E-003  0.258537E-003
  0.197172E+001  0.437656E+001  0.111354E-003  0.167422E-003  0.167422E-003  0.251723E-003
  0.197455E+001  0.438297E+001  0.109589E-003  0.164763E-003  0.164763E-003  0.247714E-003
  0.197738E+001  0.438937E+001  0.108935E-003  0.163773E-003  0.163773E-003  0.246215E-003
  0.198020E+001  0.439578E+001  0.107469E-003  0.161561E-003  0.161561E-003  0.242880E-003
  0.198303E+001  0.440218E+001  0.104479E-003  0.157060E-003  0.157060E-003  0.236104E-003
  0.198586E+001  0.440858E+001  0.104912E-003  0.157704E-003  0.157704E-003  0.237062E-003
  0.198868E+001  0.441499E+001  0.101423E-003  0.152454E-003  0.152454E-003  0.229160E-003
  0.199151E+001  0.442139E+001  0.100493E-003  0.151050E-003  0.151050E-003  0.227041E-003
  0.199433E+001  0.442780E+001  0.986567E-004  0.148283E-003  0.148283E-003  0.222873E-003
  0.199716E+001  0.443420E+001  0.970153E-004  0.145810E-003  0.145810E-003  0.219146E-003
  0.199998E+001  0.444061E+001  0.956520E-004  0.143755E-003  0.143755E-003  0.216049E-003
  0.200281E+001  0.444701E+001  0.940778E-004  0.141383E-003  0.141383E-003  0.212476E-003
  0.200563E+001  0.445342E+001  0.923540E-004  0.138787E-003  0.138787E-003  0.208565E-003
  0.200846E+001  0.445982E+001  0.917375E-004  0.137855E-003  0.137855E-003  0.207156E-003
  0.201128E+001  0.446623E+001  0.890913E-004  0.133873E-003  0.133873E-003  0.201164E-003
  0.201410E+001  0.447263E+001  0.878756E-004  0.132041E-003  0.132041E-003  0.198402E-003
  0.201693E+001  0.447904E+001  0.864782E-004  0.129935E-003  0.129935E-003  0.195231E-003
  0.201975E+001  0.448544E+001  0.849777E-004  0.127676E-003  0.127676E-003  0.191828E-003
  0.202257E+001  0.449185E+001  0.840794E-004  0.126321E-003  0.126321E-003  0.189784E-003
  0.202540E+001  0.449825E+001  0.838786E-004  0.126014E-003  0.126014E-003  0.189315E-003
  0.202822E+001  0.450466E+001  0.810466E-004  0.121754E-003  0.121754E-003  0.182908E-003
  0.203104E+001  0.451106E+001  0.798014E-004  0.119879E-003  0.119879E-003  0.180083E-003
  0.203386E+001  0.451747E+001  0.785127E-004  0.117938E-003  0.117938E-003  0.177160E-003
  0.203668E+001  0.452388E+001  0.783584E-004  0.117701E-003  0.117701E-003  0.176797E-003
  0.203951E+001  0.453028E+001  0.771038E-004  0.115812E-003  0.115812E-003  0.173952E-003
  0.204233E+001  0.453669E+001  0.749147E-004  0.112519E-003  0.112519E-003  0.168999E-003
  0.204515E+001  0.454310E+001  0.735265E-004  0.110430E-003  0.110430E-003  0.165854E-003
  0.204797E+001  0.454950E+001  0.724072E-004  0.108744E-003  0.108744E-003  0.163316E-003
  0.205079E+001  0.455591E+001  0.712536E-004  0.107007E-003  0.107007E-003  0.160700E-003
  0.205361E+001  0.456231E+001  0.701172E-004  0.105296E-003  0.105296E-003  0.158124E-003
  0.205643E+001  0.456872E+001  0.689884E-004  0.103597E-003  0.103597E-003  0.155566E-003
  0.205925E+001  0.457513E+001  0.680910E-004  0.102245E-003  0.102245E-003  0.153530E-003
  0.206207E+001  0.458154E+001  0.673350E-004  0.101105E-003  0.101105E-003  0.151812E-003
  0.206489E+001  0.458794E+001  0.657538E-004  0.987270E-004  0.987270E-004  0.148235E-003
  0.206771E+001  0.459435E+001  0.647912E-004  0.972777E-004  0.972777E-004  0.146053E-003
  0.207053E+001  0.460076E+001  0.638658E-004  0.958844E-004  0.958844E-004  0.143955E-003
  0.207335E+001  0.460716E+001  0.627224E-004  0.941638E-004  0.941638E-004  0.141366E-003
  0.207617E+001  0.461357E+001  0.617041E-004  0.926312E-004  0.926312E-004  0.139060E-003
  0.207899E+001  0.461998E+001  0.607211E-004  0.911518E-004  0.911518E-004  0.136833E-003
  0.208181E+001  0.462639E+001  0.597696E-004  0.897197E-004  0.897197E-004  0.134678E-003
  0.208463E+001  0.463279E+001  0.599001E-004  0.899119E-004  0.899119E-004  0.134961E-003
  0.208744E+001  0.463920E+001  0.581853E-004  0.873344E-004  0.873344E-004  0.131086E-003
  0.209026E+001  0.464561E+001  0.571177E-004  0.857284E-004  0.857284E-004  0.128670E-003
  0.209308E+001  0.465202E+001  0.560891E-004  0.841811E-004  0.841811E-004  0.126343E-003
  0.209590E+001  0.465842E+001  0.556317E-004  0.834911E-004  0.834911E-004  0.125302E-003
  0.209872E+001  0.466483E+001  0.551629E-004  0.827842E-004  0.827842E-004  0.124236E-003
  0.210153E+001  0.467124E+001  0.536032E-004  0.804402E-004  0.804402E-004  0.120713E-003
  0.210435E+001  0.467765E+001  0.525721E-004  0.788896E-004  0.788896E-004  0.118382E-003
  0.210717E+001  0.468406E+001  0.517663E-004  0.776773E-004  0.776773E-004  0.116558E-003
  0.210998E+001  0.469046E+001  0.510072E-004  0.765350E-004  0.765350E-004  0.114839E-003
  0.211280E+001  0.469687E+001  0.501023E-004  0.751742E-004  0.751742E-004  0.112792E-003
  0.211562E+001  0.470328E+001  0.495717E-004  0.743750E-004  0.743750E-004  0.111589E-003
  0.211843E+001  0.470969E+001  0.488893E-004  0.733481E-004  0.733481E-004  0.110043E-003
  0.212125E+001  0.471610E+001  0.477619E-004  0.716538E-004  0.716538E-004  0.107497E-003
  0.212407E+001  0.472251E+001  0.471635E-004  0.707532E-004  0.707532E-004  0.106142E-003
  0.212688E+001  0.472891E+001  0.462570E-004  0.693905E-004  0.693905E-004  0.104093E-003
  0.212970E+001  0.473532E+001  0.459571E-004  0.689377E-004  0.689377E-004  0.103410E-003
  0.213251E+001  0.474173E+001  0.448671E-004  0.672999E-004  0.672999E-004  0.100949E-003
  0.213533E+001  0.474814E+001  0.442128E-004  0.663159E-004  0.663159E-004  0.994686E-004
  0.213814E+001  0.475455E+001  0.436336E-004  0.654444E-004  0.654444E-004  0.981576E-004
  0.214096E+001  0.476096E+001  0.427309E-004  0.640879E-004  0.640879E-004  0.961190E-004
  0.214377E+001  0.476737E+001  0.423861E-004  0.635681E-004  0.635681E-004  0.953356E-004
  0.214659E+001  0.477378E+001  0.413708E-004  0.620430E-004  0.620430E-004  0.930445E-004
  0.214940E+001  0.478019E+001  0.410516E-004  0.615617E-004  0.615617E-004  0.923190E-004
  0.215222E+001  0.478660E+001  0.400871E-004  0.601129E-004  0.601129E-004  0.901427E-004
  0.215503E+001  0.479301E+001  0.396427E-004  0.594441E-004  0.594441E-004  0.891361E-004
  0.215785E+001  0.479941E+001  0.397451E-004  0.595951E-004  0.595951E-004  0.893590E-004
  0.216066E+001  0.480582E+001  0.383214E-004  0.574581E-004  0.574581E-004  0.861511E-004
  0.216347E+001  0.481223E+001  0.376111E-004  0.563908E-004  0.563908E-004  0.845474E-004
  0.216629E+001  0.481864E+001  0.374548E-004  0.561543E-004  0.561543E-004  0.841894E-004
  0.216910E+001  0.482505E+001  0.364312E-004  0.546173E-004  0.546173E-004  0.818818E-004
  0.217191E+001  0.483146E+001  0.358972E-004  0.538146E-004  0.538146E-004  0.806751E-004
  0.217473E+001  0.483787E+001  0.356721E-004  0.534750E-004  0.534750E-004  0.801628E-004
  0.217754E+001  0.484428E+001  0.347487E-004  0.520887E-004  0.520887E-004  0.780814E-004
  0.218035E+001  0.485069E+001  0.341660E-004  0.512131E-004  0.512131E-004  0.767659E-004
  0.218316E+001  0.485710E+001  0.338513E-004  0.507393E-004  0.507393E-004  0.760526E-004
  0.218598E+001  0.486351E+001  0.333185E-004  0.499388E-004  0.499388E-004  0.748497E-004
  0.218879E+001  0.486992E+001  0.325853E-004  0.488378E-004  0.488378E-004  0.731965E-004
  0.219160E+001  0.487633E+001  0.320387E-004  0.480167E-004  0.480167E-004  0.719630E-004
  0.219441E+001  0.488274E+001  0.316317E-004  0.474048E-004  0.474048E-004  0.710432E-004
  0.219723E+001  0.488915E+001  0.315595E-004  0.472948E-004  0.472948E-004  0.708753E-004
  0.220004E+001  0.489556E+001  0.308084E-004  0.461673E-004  0.461673E-004  0.691830E-004
  0.220285E+001  0.490197E+001  0.301692E-004  0.452077E-004  0.452077E-004  0.677422E-004
  0.220566E+001  0.490839E+001  0.296995E-004  0.445020E-004  0.445020E-004  0.666821E-004
  0.220847E+001  0.491480E+001  0.293356E-004  0.439550E-004  0.439550E-004  0.658598E-004
  0.221128E+001  0.492121E+001  0.289830E-004  0.434249E-004  0.434249E-004  0.650629E-004
  0.221409E+001  0.492762E+001  0.286276E-004  0.428907E-004  0.428907E-004  0.642601E-004
  0.221691E+001  0.493403E+001  0.279881E-004  0.419308E-004  0.419308E-004  0.628194E-004
  0.221972E+001  0.494044E+001  0.275081E-004  0.412102E-004  0.412102E-004  0.617373E-004
  0.222253E+001  0.494685E+001  0.270570E-004  0.405327E-004  0.405327E-004  0.607199E-004
  0.222534E+001  0.495326E+001  0.266313E-004  0.398934E-004  0.398934E-004  0.597598E-004
  0.222815E+001  0.495967E+001  0.262303E-004  0.392912E-004  0.392912E-004  0.588555E-004
  0.223096E+001  0.496608E+001  0.258562E-004  0.387292E-004  0.387292E-004  0.580113E-004
  0.223377E+001  0.497249E+001  0.255132E-004  0.382139E-004  0.382139E-004  0.572372E-004
  0.223658E+001  0.497891E+001  0.248271E-004  0.371849E-004  0.371849E-004  0.556936E-004
  0.223939E+001  0.498532E+001  0.244698E-004  0.366482E-004  0.366482E-004  0.548877E-004
  0.224220E+001  0.499173E+001  0.241512E-004  0.361697E-004  0.361697E-004  0.541689E-004
  0.224501E+001  0.499814E+001  0.238843E-004  0.357686E-004  0.357686E-004  0.535660E-004
  0.224782E+001  0.500455E+001  0.236844E-004  0.354678E-004  0.354678E-004  0.531135E-004
  0.225062E+001  0.501096E+001  0.229922E-004  0.344299E-004  0.344299E-004  0.515572E-004
  0.225343E+001  0.501738E+001  0.228757E-004  0.342541E-004  0.342541E-004  0.512919E-004
  0.225624E+001  0.502379E+001  0.223167E-004  0.334156E-004  0.334156E-004  0.500344E-004
  0.225905E+001  0.503020E+001  0.218529E-004  0.327200E-004  0.327200E-004  0.489908E-004
  0.226186E+001  0.503661E+001  0.215024E-004  0.321938E-004  0.321938E-004  0.482012E-004
  0.226467E+001  0.504302E+001  0.212861E-004  0.318686E-004  0.318686E-004  0.477124E-004
  0.226748E+001  0.504943E+001  0.212307E-004  0.317846E-004  0.317846E-004  0.475847E-004
  0.227028E+001  0.505585E+001  0.208066E-004  0.311484E-004  0.311484E-004  0.466305E-004
  0.227309E+001  0.506226E+001  0.202248E-004  0.302762E-004  0.302762E-004  0.453229E-004
  0.227590E+001  0.506867E+001  0.198448E-004  0.297061E-004  0.297061E-004  0.444678E-004
  0.227871E+001  0.507508E+001  0.196874E-004  0.294694E-004  0.294694E-004  0.441117E-004
  0.228152E+001  0.508150E+001  0.193108E-004  0.289046E-004  0.289046E-004  0.432647E-004
  0.228432E+001  0.508791E+001  0.190184E-004  0.284658E-004  0.284658E-004  0.426062E-004
  0.228713E+001  0.509432E+001  0.186147E-004  0.278605E-004  0.278605E-004  0.416985E-004
  0.228994E+001  0.510073E+001  0.185156E-004  0.277110E-004  0.277110E-004  0.414731E-004
  0.229274E+001  0.510715E+001  0.183349E-004  0.274395E-004  0.274395E-004  0.410652E-004
  0.229555E+001  0.511356E+001  0.177572E-004  0.265739E-004  0.265739E-004  0.397683E-004
  0.229836E+001  0.511997E+001  0.175507E-004  0.262638E-004  0.262638E-004  0.393027E-004
  0.230116E+001  0.512638E+001  0.172246E-004  0.257749E-004  0.257749E-004  0.385694E-004
  0.230397E+001  0.513280E+001  0.169350E-004  0.253405E-004  0.253405E-004  0.379181E-004
  0.230678E+001  0.513921E+001  0.167379E-004  0.250446E-004  0.250446E-004  0.374738E-004
  0.230958E+001  0.514562E+001  0.163966E-004  0.245331E-004  0.245331E-004  0.367070E-004
  0.231239E+001  0.515204E+001  0.161196E-004  0.241177E-004  0.241177E-004  0.360840E-004
  0.231519E+001  0.515845E+001  0.160702E-004  0.240428E-004  0.240428E-004  0.359707E-004
  0.231800E+001  0.516486E+001  0.156144E-004  0.233599E-004  0.233599E-004  0.349476E-004
  0.232081E+001  0.517127E+001  0.157187E-004  0.235151E-004  0.235151E-004  0.351784E-004
  0.232361E+001  0.517769E+001  0.151427E-004  0.226525E-004  0.226525E-004  0.338867E-004
  0.232642E+001  0.518410E+001  0.150349E-004  0.224904E-004  0.224904E-004  0.336428E-004
  0.232922E+001  0.519051E+001  0.146479E-004  0.219106E-004  0.219106E-004  0.327742E-004
  0.233203E+001  0.519693E+001  0.144787E-004  0.216567E-004  0.216567E-004  0.323932E-004
  0.233483E+001  0.520334E+001  0.141815E-004  0.212113E-004  0.212113E-004  0.317258E-004
  0.233764E+001  0.520976E+001  0.139930E-004  0.209285E-004  0.209285E-004  0.313016E-004
  0.234044E+001  0.521617E+001  0.137372E-004  0.205452E-004  0.205452E-004  0.307272E-004
  0.234324E+001  0.522258E+001  0.136000E-004  0.203392E-004  0.203392E-004  0.304179E-004
  0.234605E+001  0.522900E+001  0.133020E-004  0.198929E-004  0.198929E-004  0.297492E-004
  0.234885E+001  0.523541E+001  0.131446E-004  0.196566E-004  0.196566E-004  0.293948E-004
  0.235166E+001  0.524182E+001  0.130472E-004  0.195103E-004  0.195103E-004  0.291749E-004
  0.235446E+001  0.524824E+001  0.126922E-004  0.189787E-004  0.189787E-004  0.283788E-004
  0.235726E+001  0.525465E+001  0.125528E-004  0.187694E-004  0.187694E-004  0.280649E-004
  0.236007E+001  0.526107E+001  0.122781E-004  0.183581E-004  0.183581E-004  0.274487E-004
  0.236287E+001  0.526748E+001  0.120893E-004  0.180751E-004  0.180751E-004  0.270245E-004
  0.236567E+001  0.527389E+001  0.119284E-004  0.178338E-004  0.178338E-004  0.266627E-004
  0.236848E+001  0.528031E+001  0.117228E-004  0.175257E-004  0.175257E-004  0.262012E-004
  0.237128E+001  0.528672E+001  0.115187E-004  0.172200E-004  0.172200E-004  0.257431E-004
  0.237408E+001  0.529314E+001  0.114453E-004  0.171095E-004  0.171095E-004  0.255770E-004
  0.237689E+001  0.529955E+001  0.112942E-004  0.168830E-004  0.168830E-004  0.252375E-004
  0.237969E+001  0.530597E+001  0.109728E-004  0.164020E-004  0.164020E-004  0.245174E-004
  0.238249E+001  0.531238E+001  0.107987E-004  0.161412E-004  0.161412E-004  0.241267E-004
  0.238529E+001  0.531880E+001  0.107598E-004  0.160824E-004  0.160824E-004  0.240379E-004
  0.238809E+001  0.532521E+001  0.105889E-004  0.158263E-004  0.158263E-004  0.236543E-004
  0.239090E+001  0.533162E+001  0.104435E-004  0.156085E-004  0.156085E-004  0.233277E-004
  0.239370E+001  0.533804E+001  0.101347E-004  0.151463E-004  0.151463E-004  0.226362E-004
  0.239650E+001  0.534445E+001  0.998147E-005  0.149168E-004  0.149168E-004  0.222923E-004
  0.239930E+001  0.535087E+001  0.982448E-005  0.146816E-004  0.146816E-004  0.219400E-004
  0.240210E+001  0.535728E+001  0.965506E-005  0.144279E-004  0.144279E-004  0.215600E-004
  0.240490E+001  0.536370E+001  0.959124E-005  0.143320E-004  0.143320E-004  0.214159E-004
  0.240771E+001  0.537011E+001  0.958045E-005  0.143153E-004  0.143153E-004  0.213901E-004
  0.241051E+001  0.537653E+001  0.926823E-005  0.138482E-004  0.138482E-004  0.206915E-004
  0.241331E+001  0.538295E+001  0.905369E-005  0.135272E-004  0.135272E-004  0.202110E-004
  0.241611E+001  0.538936E+001  0.894124E-005  0.133587E-004  0.133587E-004  0.199585E-004
  0.241891E+001  0.539578E+001  0.876216E-005  0.130906E-004  0.130906E-004  0.195572E-004
  0.242171E+001  0.540219E+001  0.864950E-005  0.129218E-004  0.129218E-004  0.193043E-004
  0.242451E+001  0.540861E+001  0.848448E-005  0.126748E-004  0.126748E-004  0.189346E-004
  0.242731E+001  0.541502E+001  0.838374E-005  0.125238E-004  0.125238E-004  0.187084E-004
  0.243011E+001  0.542144E+001  0.822004E-005  0.122788E-004  0.122788E-004  0.183417E-004
  0.243291E+001  0.542785E+001  0.814886E-005  0.121720E-004  0.121720E-004  0.181815E-004
  0.243571E+001  0.543427E+001  0.798097E-005  0.119208E-004  0.119208E-004  0.178056E-004
  0.243851E+001  0.544069E+001  0.783412E-005  0.117010E-004  0.117010E-004  0.174766E-004
  0.244131E+001  0.544710E+001  0.779092E-005  0.116361E-004  0.116361E-004  0.173790E-004
  0.244411E+001  0.545352E+001  0.763713E-005  0.114060E-004  0.114060E-004  0.170346E-004
  0.244690E+001  0.545993E+001  0.748128E-005  0.111728E-004  0.111728E-004  0.166857E-004
  0.244970E+001  0.546635E+001  0.737158E-005  0.110085E-004  0.110085E-004  0.164398E-004
  0.245250E+001  0.547277E+001  0.726062E-005  0.108424E-004  0.108424E-004  0.161912E-004
  0.245530E+001  0.547918E+001  0.710811E-005  0.106143E-004  0.106143E-004  0.158499E-004
  0.245810E+001  0.548560E+001  0.699456E-005  0.104443E-004  0.104443E-004  0.155955E-004
  0.246090E+001  0.549202E+001  0.688439E-005  0.102794E-004  0.102794E-004  0.153487E-004
  0.246369E+001  0.549843E+001  0.682372E-005  0.101885E-004  0.101885E-004  0.152123E-004
  0.246649E+001  0.550485E+001  0.669858E-005  0.100012E-004  0.100012E-004  0.149322E-004
  0.246929E+001  0.551126E+001  0.656429E-005  0.980037E-005  0.980037E-005  0.146317E-004
  0.247209E+001  0.551768E+001  0.647415E-005  0.966544E-005  0.966544E-005  0.144298E-004
  0.247489E+001  0.552410E+001  0.639644E-005  0.954906E-005  0.954906E-005  0.142555E-004
  0.247768E+001  0.553051E+001  0.624263E-005  0.931910E-005  0.931910E-005  0.139117E-004
  0.248048E+001  0.553693E+001  0.614627E-005  0.917491E-005  0.917491E-005  0.136959E-004
  0.248328E+001  0.554335E+001  0.606947E-005  0.905993E-005  0.905993E-005  0.135238E-004
  0.248607E+001  0.554977E+001  0.603300E-005  0.900515E-005  0.900515E-005  0.134415E-004
  0.248887E+001  0.555618E+001  0.585481E-005  0.873885E-005  0.873885E-005  0.130435E-004
  0.249167E+001  0.556260E+001  0.579276E-005  0.864591E-005  0.864591E-005  0.129043E-004
  0.249446E+001  0.556902E+001  0.571392E-005  0.852792E-005  0.852792E-005  0.127277E-004
  0.249726E+001  0.557543E+001  0.559728E-005  0.835353E-005  0.835353E-005  0.124670E-004
  0.250006E+001  0.558185E+001  0.557894E-005  0.832584E-005  0.832584E-005  0.124252E-004
