  0.157392E+000  0.372995E-001  0.600629E-001  0.365505E-002  0.365505E-002  0.222425E-003
  0.157392E+000  0.372995E-001  0.600629E-001  0.365505E-002  0.365505E-002  0.222425E-003
  0.159282E+000  0.471193E-001  0.476768E-001  0.361730E-002  0.361730E-002  0.274450E-003
  0.161554E+000  0.568576E-001  0.396381E-001  0.357325E-002  0.357325E-002  0.322118E-003
  0.164179E+000  0.665069E-001  0.340055E-001  0.352463E-002  0.352463E-002  0.365326E-003
  0.167125E+000  0.760632E-001  0.298501E-001  0.347352E-002  0.347352E-002  0.404199E-003
  0.170362E+000  0.855249E-001  0.266611E-001  0.342118E-002  0.342118E-002  0.439011E-003
  0.173860E+000  0.948930E-001  0.241440E-001  0.336952E-002  0.336952E-002  0.470249E-003
  0.177594E+000  0.104170E+000  0.221044E-001  0.331895E-002  0.331895E-002  0.498337E-003
  0.181539E+000  0.113359E+000  0.204233E-001  0.327107E-002  0.327107E-002  0.523907E-003
  0.185675E+000  0.122464E+000  0.190039E-001  0.322478E-002  0.322478E-002  0.547214E-003
  0.189980E+000  0.131489E+000  0.177976E-001  0.318238E-002  0.318238E-002  0.569042E-003
  0.194439E+000  0.140440E+000  0.167566E-001  0.314380E-002  0.314380E-002  0.589828E-003
  0.199036E+000  0.149321E+000  0.158481E-001  0.310934E-002  0.310934E-002  0.610041E-003
  0.203757E+000  0.158136E+000  0.150470E-001  0.307921E-002  0.307921E-002  0.630130E-003
  0.208591E+000  0.166891E+000  0.143338E-001  0.305364E-002  0.305364E-002  0.650542E-003
  0.213526E+000  0.175588E+000  0.136934E-001  0.303282E-002  0.303282E-002  0.671712E-003
  0.218553E+000  0.184233E+000  0.131127E-001  0.301674E-002  0.301674E-002  0.694038E-003
  0.223663E+000  0.192828E+000  0.125833E-001  0.300591E-002  0.300591E-002  0.718052E-003
  0.228848E+000  0.201379E+000  0.120934E-001  0.299963E-002  0.299963E-002  0.744027E-003
  0.234101E+000  0.209888E+000  0.116390E-001  0.299884E-002  0.299884E-002  0.772668E-003
  0.239416E+000  0.218359E+000  0.112128E-001  0.300343E-002  0.300343E-002  0.804492E-003
  0.244785E+000  0.226795E+000  0.108091E-001  0.301349E-002  0.301349E-002  0.840136E-003
  0.250204E+000  0.235200E+000  0.104235E-001  0.302941E-002  0.302941E-002  0.880444E-003
  0.255665E+000  0.243577E+000  0.100511E-001  0.305136E-002  0.305136E-002  0.926346E-003
  0.261164E+000  0.251929E+000  0.968670E-002  0.307947E-002  0.307947E-002  0.978987E-003
  0.266694E+000  0.260261E+000  0.932698E-002  0.311443E-002  0.311443E-002  0.103996E-002
  0.272249E+000  0.268576E+000  0.896644E-002  0.315638E-002  0.315638E-002  0.111111E-002
  0.277823E+000  0.276879E+000  0.859931E-002  0.320543E-002  0.320543E-002  0.119484E-002
  0.283406E+000  0.285175E+000  0.822055E-002  0.326202E-002  0.326202E-002  0.129441E-002
  0.288991E+000  0.293470E+000  0.782224E-002  0.332571E-002  0.332571E-002  0.141396E-002
  0.294566E+000  0.301772E+000  0.739613E-002  0.339564E-002  0.339564E-002  0.155897E-002
  0.300117E+000  0.310089E+000  0.693139E-002  0.346931E-002  0.346931E-002  0.173646E-002
  0.305628E+000  0.318434E+000  0.641518E-002  0.354171E-002  0.354171E-002  0.195531E-002
  0.311077E+000  0.326819E+000  0.583213E-002  0.360263E-002  0.360263E-002  0.222541E-002
  0.316438E+000  0.335260E+000  0.516697E-002  0.363395E-002  0.363395E-002  0.255575E-002
  0.321681E+000  0.343776E+000  0.441049E-002  0.360630E-002  0.360630E-002  0.294872E-002
  0.326776E+000  0.352381E+000  0.356960E-002  0.347753E-002  0.347753E-002  0.338778E-002
  0.331704E+000  0.361082E+000  0.268357E-002  0.320280E-002  0.320280E-002  0.382241E-002
  0.336468E+000  0.369874E+000  0.183185E-002  0.276215E-002  0.276215E-002  0.416477E-002
  0.341105E+000  0.378734E+000  0.111053E-002  0.219015E-002  0.219015E-002  0.431909E-002
  0.345675E+000  0.387629E+000  0.585623E-003  0.157562E-002  0.157562E-002  0.423878E-002
  0.350250E+000  0.396521E+000  0.260464E-003  0.101525E-002  0.101525E-002  0.395639E-002
  0.354890E+000  0.405379E+000  0.905112E-004  0.567253E-003  0.567253E-003  0.355285E-002
  0.359636E+000  0.414181E+000  0.189429E-004  0.243042E-003  0.243042E-003  0.310950E-002
  0.364507E+000  0.422915E+000  0.194993E-006  0.256513E-004  0.256513E-004  0.268330E-002
  0.369505E+000  0.431576E+000  0.531734E-005  0.111129E-003  0.111129E-003  0.230215E-002
  0.374624E+000  0.440167E+000  0.185490E-004  0.191614E-003  0.191614E-003  0.197469E-002
  0.379852E+000  0.448691E+000  0.323488E-004  0.234661E-003  0.234661E-003  0.170005E-002
  0.385176E+000  0.457156E+000  0.436466E-004  0.253590E-003  0.253590E-003  0.147204E-002
  0.390582E+000  0.465569E+000  0.515763E-004  0.257378E-003  0.257378E-003  0.128344E-002
  0.396057E+000  0.473937E+000  0.562605E-004  0.251929E-003  0.251929E-003  0.112739E-002
  0.401591E+000  0.482266E+000  0.582028E-004  0.241074E-003  0.241074E-003  0.997934E-003
  0.407174E+000  0.490563E+000  0.579897E-004  0.227257E-003  0.227257E-003  0.890093E-003
  0.412798E+000  0.498831E+000  0.561763E-004  0.212034E-003  0.212034E-003  0.799863E-003
  0.418455E+000  0.507077E+000  0.532170E-004  0.196312E-003  0.196312E-003  0.723765E-003
  0.424140E+000  0.515304E+000  0.495144E-004  0.180754E-003  0.180754E-003  0.659466E-003
  0.429849E+000  0.523515E+000  0.453561E-004  0.165663E-003  0.165663E-003  0.604711E-003
  0.435575E+000  0.531712E+000  0.409815E-004  0.151263E-003  0.151263E-003  0.557946E-003
  0.441317E+000  0.539900E+000  0.365611E-004  0.137638E-003  0.137638E-003  0.517794E-003
  0.447071E+000  0.548079E+000  0.322226E-004  0.124824E-003  0.124824E-003  0.483173E-003
  0.452833E+000  0.556252E+000  0.280590E-004  0.112816E-003  0.112816E-003  0.453214E-003
  0.458602E+000  0.564420E+000  0.241344E-004  0.101588E-003  0.101588E-003  0.427213E-003
  0.464375E+000  0.572585E+000  0.204918E-004  0.911020E-004  0.911020E-004  0.404595E-003
  0.470151E+000  0.580748E+000  0.171563E-004  0.813082E-004  0.813082E-004  0.384879E-003
  0.475927E+000  0.588911E+000  0.141411E-004  0.721536E-004  0.721536E-004  0.367647E-003
  0.481703E+000  0.597075E+000  0.114502E-004  0.635917E-004  0.635917E-004  0.352596E-003
  0.487476E+000  0.605240E+000  0.908076E-005  0.555744E-004  0.555744E-004  0.339447E-003
  0.493245E+000  0.613408E+000  0.702446E-005  0.480575E-004  0.480575E-004  0.327986E-003
  0.499010E+000  0.621579E+000  0.526778E-005  0.409901E-004  0.409901E-004  0.317975E-003
  0.504768E+000  0.629755E+000  0.379712E-005  0.343388E-004  0.343388E-004  0.309277E-003
  0.510519E+000  0.637936E+000  0.259582E-005  0.280680E-004  0.280680E-004  0.301779E-003
  0.516261E+000  0.646123E+000  0.164598E-005  0.221413E-004  0.221413E-004  0.295324E-003
  0.521993E+000  0.654317E+000  0.929411E-006  0.165292E-004  0.165292E-004  0.289811E-003
  0.527714E+000  0.662519E+000  0.427739E-006  0.112073E-004  0.112073E-004  0.285206E-003
  0.533424E+000  0.670729E+000  0.122268E-006  0.614677E-005  0.614677E-005  0.281362E-003
  0.539120E+000  0.678948E+000  0.504947E-008  0.132994E-005  0.132994E-005  0.278292E-003
  0.544802E+000  0.687176E+000  0.278110E-007  0.326456E-005  0.326456E-005  0.275875E-003
  0.550469E+000  0.695416E+000  0.203445E-006  0.765380E-005  0.765380E-005  0.274118E-003
  0.556119E+000  0.703667E+000  0.504932E-006  0.118529E-004  0.118529E-004  0.272979E-003
  0.561752E+000  0.711929E+000  0.915889E-006  0.158739E-004  0.158739E-004  0.272381E-003
  0.567365E+000  0.720205E+000  0.142032E-005  0.197270E-004  0.197270E-004  0.272316E-003
  0.572958E+000  0.728495E+000  0.200329E-005  0.234257E-004  0.234257E-004  0.272804E-003
  0.578530E+000  0.736799E+000  0.264970E-005  0.269724E-004  0.269724E-004  0.273755E-003
  0.584079E+000  0.745118E+000  0.334581E-005  0.303788E-004  0.303788E-004  0.275219E-003
  0.589603E+000  0.753454E+000  0.407728E-005  0.336433E-004  0.336433E-004  0.277127E-003
  0.595101E+000  0.761806E+000  0.483150E-005  0.367737E-004  0.367737E-004  0.279509E-003
  0.600573E+000  0.770177E+000  0.559594E-005  0.397716E-004  0.397716E-004  0.282349E-003
  0.606015E+000  0.778566E+000  0.635790E-005  0.426343E-004  0.426343E-004  0.285627E-003
  0.611427E+000  0.786976E+000  0.710577E-005  0.453608E-004  0.453608E-004  0.289339E-003
  0.616806E+000  0.795405E+000  0.782867E-005  0.479506E-004  0.479506E-004  0.293498E-003
  0.622151E+000  0.803857E+000  0.851632E-005  0.504017E-004  0.504017E-004  0.298114E-003
  0.627461E+000  0.812331E+000  0.915696E-005  0.526986E-004  0.526986E-004  0.303124E-003
  0.632733E+000  0.820828E+000  0.974294E-005  0.548458E-004  0.548458E-004  0.308600E-003
  0.637965E+000  0.829350E+000  0.102642E-004  0.568282E-004  0.568282E-004  0.314502E-003
  0.643156E+000  0.837898E+000  0.107133E-004  0.586404E-004  0.586404E-004  0.320855E-003
  0.648302E+000  0.846471E+000  0.110821E-004  0.602680E-004  0.602680E-004  0.327643E-003
  0.653403E+000  0.855073E+000  0.113661E-004  0.617084E-004  0.617084E-004  0.334919E-003
  0.658457E+000  0.863702E+000  0.115560E-004  0.629288E-004  0.629288E-004  0.342582E-003
  0.663460E+000  0.872361E+000  0.116494E-004  0.639255E-004  0.639255E-004  0.350692E-003
  0.668410E+000  0.881049E+000  0.116441E-004  0.646883E-004  0.646883E-004  0.359279E-003
  0.673307E+000  0.889768E+000  0.115367E-004  0.651929E-004  0.651929E-004  0.368306E-003
  0.678147E+000  0.898519E+000  0.113272E-004  0.654236E-004  0.654236E-004  0.377781E-003
  0.682928E+000  0.907302E+000  0.110161E-004  0.653581E-004  0.653581E-004  0.387675E-003
  0.687648E+000  0.916118E+000  0.106071E-004  0.649827E-004  0.649827E-004  0.398014E-003
  0.692306E+000  0.924967E+000  0.101043E-004  0.642760E-004  0.642760E-004  0.408782E-003
  0.696899E+000  0.933850E+000  0.951440E-005  0.632191E-004  0.632191E-004  0.419965E-003
  0.701425E+000  0.942767E+000  0.884720E-005  0.618018E-004  0.618018E-004  0.431611E-003
  0.705884E+000  0.951718E+000  0.810925E-005  0.599799E-004  0.599799E-004  0.443531E-003
  0.710273E+000  0.960703E+000  0.731692E-005  0.577627E-004  0.577627E-004  0.455882E-003
  0.714591E+000  0.969723E+000  0.648288E-005  0.551221E-004  0.551221E-004  0.468557E-003
  0.718837E+000  0.978776E+000  0.562378E-005  0.520482E-004  0.520482E-004  0.481558E-003
  0.723010E+000  0.987864E+000  0.475773E-005  0.485323E-004  0.485323E-004  0.494892E-003
  0.727110E+000  0.996985E+000  0.390300E-005  0.445566E-004  0.445566E-004  0.508451E-003
  0.731137E+000  0.100614E+001  0.307994E-005  0.401128E-004  0.401128E-004  0.522171E-003
  0.735089E+000  0.101532E+001  0.231286E-005  0.352386E-004  0.352386E-004  0.536562E-003
  0.738968E+000  0.102454E+001  0.161648E-005  0.298302E-004  0.298302E-004  0.550017E-003
  0.742774E+000  0.103379E+001  0.102012E-005  0.240098E-004  0.240098E-004  0.564378E-003
  0.746508E+000  0.104307E+001  0.542541E-006  0.177505E-004  0.177505E-004  0.579413E-003
  0.750170E+000  0.105237E+001  0.202772E-006  0.109912E-004  0.109912E-004  0.592276E-003
  0.753763E+000  0.106170E+001  0.232550E-007  0.384802E-005  0.384802E-005  0.606819E-003
  0.757287E+000  0.107106E+001  0.210128E-007  0.370300E-005  0.370300E-005  0.620126E-003
  0.760745E+000  0.108044E+001  0.212963E-006  0.116633E-004  0.116633E-004  0.635618E-003
  0.764138E+000  0.108985E+001  0.611411E-006  0.199119E-004  0.199119E-004  0.647398E-003
  0.767468E+000  0.109928E+001  0.122857E-005  0.284875E-004  0.284875E-004  0.660033E-003
  0.770739E+000  0.110873E+001  0.207481E-005  0.373747E-004  0.373747E-004  0.672950E-003
  0.773951E+000  0.111820E+001  0.315277E-005  0.464770E-004  0.464770E-004  0.684952E-003
  0.777109E+000  0.112769E+001  0.446880E-005  0.558063E-004  0.558063E-004  0.696772E-003
  0.780214E+000  0.113719E+001  0.603438E-005  0.654406E-004  0.654406E-004  0.709580E-003
  0.783269E+000  0.114672E+001  0.782310E-005  0.750632E-004  0.750632E-004  0.720162E-003
  0.786277E+000  0.115625E+001  0.982768E-005  0.846587E-004  0.846587E-004  0.729218E-003
  0.789241E+000  0.116580E+001  0.120747E-004  0.944856E-004  0.944856E-004  0.739311E-003
  0.792163E+000  0.117537E+001  0.145339E-004  0.104314E-003  0.104314E-003  0.748655E-003
  0.795047E+000  0.118494E+001  0.171970E-004  0.114128E-003  0.114128E-003  0.757378E-003
  0.797893E+000  0.119453E+001  0.200126E-004  0.123661E-003  0.123661E-003  0.764098E-003
  0.800706E+000  0.120413E+001  0.231099E-004  0.133748E-003  0.133748E-003  0.774047E-003
  0.803488E+000  0.121373E+001  0.261850E-004  0.142675E-003  0.142675E-003  0.777378E-003
  0.806241E+000  0.122334E+001  0.295090E-004  0.152064E-003  0.152064E-003  0.783595E-003
  0.808968E+000  0.123297E+001  0.330444E-004  0.161693E-003  0.161693E-003  0.791184E-003
  0.811671E+000  0.124259E+001  0.365147E-004  0.170270E-003  0.170270E-003  0.793963E-003
  0.814352E+000  0.125223E+001  0.401320E-004  0.178909E-003  0.178909E-003  0.797569E-003
  0.817013E+000  0.126187E+001  0.438579E-004  0.187465E-003  0.187465E-003  0.801286E-003
  0.819656E+000  0.127151E+001  0.476143E-004  0.195650E-003  0.195650E-003  0.803930E-003
  0.822283E+000  0.128116E+001  0.514419E-004  0.203688E-003  0.203688E-003  0.806510E-003
  0.824897E+000  0.129081E+001  0.553591E-004  0.211681E-003  0.211681E-003  0.809413E-003
  0.827498E+000  0.130047E+001  0.591675E-004  0.218921E-003  0.218921E-003  0.810008E-003
  0.830088E+000  0.131013E+001  0.631174E-004  0.226393E-003  0.226393E-003  0.812031E-003
  0.832669E+000  0.131979E+001  0.669940E-004  0.233339E-003  0.233339E-003  0.812711E-003
  0.835243E+000  0.132945E+001  0.708135E-004  0.239871E-003  0.239871E-003  0.812525E-003
  0.837810E+000  0.133912E+001  0.748260E-004  0.246861E-003  0.246861E-003  0.814423E-003
  0.840372E+000  0.134878E+001  0.784567E-004  0.252434E-003  0.252434E-003  0.812199E-003
  0.842931E+000  0.135845E+001  0.822627E-004  0.258448E-003  0.258448E-003  0.811971E-003
  0.845487E+000  0.136812E+001  0.861298E-004  0.264532E-003  0.264532E-003  0.812459E-003
  0.848042E+000  0.137778E+001  0.899236E-004  0.270283E-003  0.270283E-003  0.812387E-003
  0.850596E+000  0.138745E+001  0.933997E-004  0.275011E-003  0.275011E-003  0.809752E-003
  0.853150E+000  0.139712E+001  0.968582E-004  0.279646E-003  0.279646E-003  0.807384E-003
  0.855706E+000  0.140679E+001  0.100411E-003  0.284514E-003  0.284514E-003  0.806163E-003
  0.858264E+000  0.141646E+001  0.104073E-003  0.289645E-003  0.289645E-003  0.806108E-003
  0.860825E+000  0.142612E+001  0.107239E-003  0.293378E-003  0.293378E-003  0.802601E-003
  0.863390E+000  0.143579E+001  0.110561E-003  0.297533E-003  0.297533E-003  0.800698E-003
  0.865959E+000  0.144545E+001  0.113879E-003  0.301675E-003  0.301675E-003  0.799157E-003
  0.868533E+000  0.145512E+001  0.117167E-003  0.305732E-003  0.305732E-003  0.797767E-003
  0.871112E+000  0.146478E+001  0.120327E-003  0.309463E-003  0.309463E-003  0.795887E-003
  0.873698E+000  0.147444E+001  0.123261E-003  0.312626E-003  0.312626E-003  0.792911E-003
  0.876290E+000  0.148410E+001  0.126512E-003  0.316612E-003  0.316612E-003  0.792357E-003
  0.878889E+000  0.149375E+001  0.129082E-003  0.318918E-003  0.318918E-003  0.787937E-003
  0.881496E+000  0.150341E+001  0.132216E-003  0.322648E-003  0.322648E-003  0.787359E-003
  0.884111E+000  0.151306E+001  0.134762E-003  0.324969E-003  0.324969E-003  0.783640E-003
  0.886734E+000  0.152271E+001  0.137498E-003  0.327790E-003  0.327790E-003  0.781436E-003
  0.889365E+000  0.153236E+001  0.140423E-003  0.331088E-003  0.331088E-003  0.780632E-003
  0.892005E+000  0.154200E+001  0.142813E-003  0.333158E-003  0.333158E-003  0.777196E-003
  0.894655E+000  0.155164E+001  0.145697E-003  0.336412E-003  0.336412E-003  0.776770E-003
  0.897314E+000  0.156128E+001  0.148289E-003  0.339023E-003  0.339023E-003  0.775080E-003
  0.899982E+000  0.157092E+001  0.150386E-003  0.340544E-003  0.340544E-003  0.771147E-003
  0.902661E+000  0.158056E+001  0.152939E-003  0.343138E-003  0.343138E-003  0.769874E-003
  0.905349E+000  0.159019E+001  0.155320E-003  0.345384E-003  0.345384E-003  0.768024E-003
  0.908048E+000  0.159982E+001  0.157678E-003  0.347611E-003  0.347611E-003  0.766333E-003
  0.910757E+000  0.160944E+001  0.159882E-003  0.349541E-003  0.349541E-003  0.764179E-003
  0.913477E+000  0.161907E+001  0.162302E-003  0.351975E-003  0.351975E-003  0.763308E-003
  0.916207E+000  0.162869E+001  0.164746E-003  0.354492E-003  0.354492E-003  0.762779E-003
  0.918948E+000  0.163830E+001  0.166451E-003  0.355460E-003  0.355460E-003  0.759091E-003
  0.921701E+000  0.164792E+001  0.168678E-003  0.357581E-003  0.357581E-003  0.758036E-003
  0.924464E+000  0.165753E+001  0.170765E-003  0.359441E-003  0.359441E-003  0.756582E-003
  0.927238E+000  0.166713E+001  0.173162E-003  0.361982E-003  0.361982E-003  0.756696E-003
  0.930023E+000  0.167674E+001  0.174882E-003  0.363143E-003  0.363143E-003  0.754066E-003
  0.932820E+000  0.168634E+001  0.176847E-003  0.364850E-003  0.364850E-003  0.752711E-003
  0.935627E+000  0.169594E+001  0.179085E-003  0.367148E-003  0.367148E-003  0.752701E-003
  0.938446E+000  0.170553E+001  0.180815E-003  0.368436E-003  0.368436E-003  0.750741E-003
  0.941277E+000  0.171512E+001  0.183141E-003  0.370968E-003  0.370968E-003  0.751427E-003
  0.944118E+000  0.172471E+001  0.184688E-003  0.371952E-003  0.371952E-003  0.749091E-003
  0.946971E+000  0.173430E+001  0.186944E-003  0.374391E-003  0.374391E-003  0.749790E-003
  0.949835E+000  0.174388E+001  0.188747E-003  0.375950E-003  0.375950E-003  0.748823E-003
  0.952710E+000  0.175345E+001  0.190483E-003  0.377404E-003  0.377404E-003  0.747752E-003
  0.955597E+000  0.176303E+001  0.192329E-003  0.379106E-003  0.379106E-003  0.747265E-003
  0.958495E+000  0.177260E+001  0.194118E-003  0.380720E-003  0.380720E-003  0.746698E-003
  0.961404E+000  0.178217E+001  0.196375E-003  0.383274E-003  0.383274E-003  0.748051E-003
  0.964325E+000  0.179173E+001  0.197763E-003  0.384155E-003  0.384155E-003  0.746220E-003
  0.967257E+000  0.180129E+001  0.199697E-003  0.386123E-003  0.386123E-003  0.746586E-003
  0.970199E+000  0.181085E+001  0.201564E-003  0.387983E-003  0.387983E-003  0.746816E-003
  0.973153E+000  0.182040E+001  0.203202E-003  0.389427E-003  0.389427E-003  0.746316E-003
  0.976118E+000  0.182995E+001  0.205011E-003  0.391219E-003  0.391219E-003  0.746556E-003
  0.979095E+000  0.183950E+001  0.206804E-003  0.393000E-003  0.393000E-003  0.746839E-003
  0.982082E+000  0.184904E+001  0.208949E-003  0.395468E-003  0.395468E-003  0.748485E-003
  0.985080E+000  0.185858E+001  0.210760E-003  0.397321E-003  0.397321E-003  0.749022E-003
  0.988088E+000  0.186812E+001  0.212236E-003  0.398563E-003  0.398563E-003  0.748470E-003
  0.991108E+000  0.187765E+001  0.214085E-003  0.400524E-003  0.400524E-003  0.749326E-003
  0.994138E+000  0.188718E+001  0.215769E-003  0.402195E-003  0.402195E-003  0.749693E-003
  0.997180E+000  0.189671E+001  0.217548E-003  0.404060E-003  0.404060E-003  0.750473E-003
  0.100023E+001  0.190623E+001  0.219470E-003  0.406206E-003  0.406206E-003  0.751824E-003
  0.100329E+001  0.191575E+001  0.223332E-003  0.411943E-003  0.411943E-003  0.759845E-003
  0.100637E+001  0.192527E+001  0.224649E-003  0.412990E-003  0.412990E-003  0.759232E-003
  0.100945E+001  0.193478E+001  0.224830E-003  0.411980E-003  0.411980E-003  0.754912E-003
  0.101254E+001  0.194429E+001  0.228805E-003  0.417931E-003  0.417931E-003  0.763385E-003
  0.101565E+001  0.195380E+001  0.229041E-003  0.417060E-003  0.417060E-003  0.759423E-003
  0.101876E+001  0.196330E+001  0.230694E-003  0.418795E-003  0.418795E-003  0.760270E-003
  0.102189E+001  0.197280E+001  0.236005E-003  0.427164E-003  0.427164E-003  0.773156E-003
  0.102502E+001  0.198229E+001  0.234863E-003  0.423866E-003  0.423866E-003  0.764963E-003
  0.102816E+001  0.199179E+001  0.240271E-003  0.432395E-003  0.432395E-003  0.778145E-003
  0.103132E+001  0.200128E+001  0.238041E-003  0.427191E-003  0.427191E-003  0.766641E-003
  0.103448E+001  0.201076E+001  0.239668E-003  0.428945E-003  0.428945E-003  0.767702E-003
  0.103766E+001  0.202025E+001  0.244055E-003  0.435634E-003  0.435634E-003  0.777600E-003
  0.104084E+001  0.202973E+001  0.243420E-003  0.433372E-003  0.433372E-003  0.771553E-003
  0.104403E+001  0.203920E+001  0.245453E-003  0.435881E-003  0.435881E-003  0.774047E-003
  0.104723E+001  0.204868E+001  0.253681E-003  0.449371E-003  0.449371E-003  0.796018E-003
  0.105045E+001  0.205815E+001  0.250983E-003  0.443506E-003  0.443506E-003  0.783709E-003
  0.105367E+001  0.206761E+001  0.254694E-003  0.448989E-003  0.448989E-003  0.791505E-003
  0.105690E+001  0.207708E+001  0.253642E-003  0.446091E-003  0.446091E-003  0.784557E-003
  0.106014E+001  0.208654E+001  0.256041E-003  0.449278E-003  0.449278E-003  0.788355E-003
  0.106339E+001  0.209599E+001  0.264521E-003  0.463117E-003  0.463117E-003  0.810815E-003
  0.106664E+001  0.210545E+001  0.262991E-003  0.459431E-003  0.459431E-003  0.802598E-003
  0.106991E+001  0.211490E+001  0.261445E-003  0.455745E-003  0.455745E-003  0.794444E-003
  0.107319E+001  0.212435E+001  0.265914E-003  0.462555E-003  0.462555E-003  0.804613E-003
  0.107647E+001  0.213379E+001  0.265702E-003  0.461233E-003  0.461233E-003  0.800656E-003
  0.107976E+001  0.214324E+001  0.274089E-003  0.474829E-003  0.474829E-003  0.822589E-003
  0.108307E+001  0.215268E+001  0.271320E-003  0.469096E-003  0.469096E-003  0.811039E-003
  0.108638E+001  0.216211E+001  0.276128E-003  0.476478E-003  0.476478E-003  0.822197E-003
  0.108970E+001  0.217154E+001  0.283768E-003  0.488728E-003  0.488728E-003  0.841723E-003
  0.109302E+001  0.218098E+001  0.280810E-003  0.482728E-003  0.482728E-003  0.829837E-003
  0.109636E+001  0.219040E+001  0.280185E-003  0.480768E-003  0.480768E-003  0.824946E-003
  0.109970E+001  0.219983E+001  0.283744E-003  0.485998E-003  0.485998E-003  0.832420E-003
  0.110305E+001  0.220925E+001  0.289299E-003  0.494638E-003  0.494638E-003  0.845721E-003
  0.110641E+001  0.221867E+001  0.293702E-003  0.501294E-003  0.501294E-003  0.855615E-003
  0.110978E+001  0.222808E+001  0.289132E-003  0.492654E-003  0.492654E-003  0.839436E-003
  0.111316E+001  0.223750E+001  0.290694E-003  0.494487E-003  0.494487E-003  0.841151E-003
  0.111654E+001  0.224690E+001  0.293474E-003  0.498399E-003  0.498399E-003  0.846417E-003
  0.111994E+001  0.225631E+001  0.301857E-003  0.511809E-003  0.511809E-003  0.867790E-003
  0.112334E+001  0.226572E+001  0.300616E-003  0.508900E-003  0.508900E-003  0.861493E-003
  0.112674E+001  0.227512E+001  0.302896E-003  0.511966E-003  0.511966E-003  0.865344E-003
  0.113016E+001  0.228452E+001  0.303125E-003  0.511572E-003  0.511572E-003  0.863358E-003
  0.113358E+001  0.229391E+001  0.305523E-003  0.514849E-003  0.514849E-003  0.867591E-003
  0.113701E+001  0.230331E+001  0.308728E-003  0.519486E-003  0.519486E-003  0.874120E-003
  0.114045E+001  0.231270E+001  0.310854E-003  0.522308E-003  0.522308E-003  0.877599E-003
  0.114389E+001  0.232208E+001  0.313515E-003  0.526034E-003  0.526034E-003  0.882611E-003
  0.114734E+001  0.233147E+001  0.321451E-003  0.538599E-003  0.538599E-003  0.902437E-003
  0.115080E+001  0.234085E+001  0.321068E-003  0.537222E-003  0.537222E-003  0.898898E-003
  0.115427E+001  0.235023E+001  0.321566E-003  0.537333E-003  0.537333E-003  0.897876E-003
  0.115774E+001  0.235961E+001  0.328355E-003  0.547955E-003  0.547955E-003  0.914418E-003
  0.116122E+001  0.236898E+001  0.329160E-003  0.548585E-003  0.548585E-003  0.914284E-003
  0.116471E+001  0.237836E+001  0.332662E-003  0.553715E-003  0.553715E-003  0.921656E-003
  0.116821E+001  0.238773E+001  0.334153E-003  0.555499E-003  0.555499E-003  0.923466E-003
  0.117171E+001  0.239709E+001  0.339135E-003  0.563089E-003  0.563089E-003  0.934933E-003
  0.117522E+001  0.240646E+001  0.342112E-003  0.567344E-003  0.567344E-003  0.940859E-003
  0.117873E+001  0.241582E+001  0.342054E-003  0.566574E-003  0.566574E-003  0.938466E-003
  0.118225E+001  0.242518E+001  0.345950E-003  0.572359E-003  0.572359E-003  0.946941E-003
  0.118578E+001  0.243454E+001  0.348440E-003  0.575816E-003  0.575816E-003  0.951565E-003
  0.118931E+001  0.244389E+001  0.354653E-003  0.585421E-003  0.585421E-003  0.966347E-003
  0.119285E+001  0.245324E+001  0.358102E-003  0.590458E-003  0.590458E-003  0.973580E-003
  0.119640E+001  0.246259E+001  0.358247E-003  0.590053E-003  0.590053E-003  0.971848E-003
  0.119996E+001  0.247194E+001  0.365412E-003  0.601205E-003  0.601205E-003  0.989152E-003
  0.120352E+001  0.248128E+001  0.373602E-003  0.614031E-003  0.614031E-003  0.100919E-002
  0.120708E+001  0.249063E+001  0.370556E-003  0.608394E-003  0.608394E-003  0.998886E-003
  0.121065E+001  0.249997E+001  0.379568E-003  0.622554E-003  0.622554E-003  0.102109E-002
  0.121423E+001  0.250931E+001  0.381599E-003  0.625256E-003  0.625256E-003  0.102449E-002
  0.121782E+001  0.251864E+001  0.379818E-003  0.621722E-003  0.621722E-003  0.101769E-002
  0.122141E+001  0.252797E+001  0.384008E-003  0.627970E-003  0.627970E-003  0.102692E-002
  0.122501E+001  0.253730E+001  0.396316E-003  0.647478E-003  0.647478E-003  0.105781E-002
  0.122861E+001  0.254663E+001  0.391839E-003  0.639562E-003  0.639562E-003  0.104390E-002
  0.123222E+001  0.255596E+001  0.395533E-003  0.644993E-003  0.644993E-003  0.105179E-002
  0.123583E+001  0.256528E+001  0.396957E-003  0.646727E-003  0.646727E-003  0.105366E-002
  0.123945E+001  0.257460E+001  0.400889E-003  0.652548E-003  0.652548E-003  0.106219E-002
  0.124308E+001  0.258392E+001  0.409820E-003  0.666498E-003  0.666498E-003  0.108394E-002
  0.124671E+001  0.259324E+001  0.409359E-003  0.665171E-003  0.665171E-003  0.108084E-002
  0.125035E+001  0.260256E+001  0.414115E-003  0.672324E-003  0.672324E-003  0.109153E-002
  0.125399E+001  0.261187E+001  0.416849E-003  0.676196E-003  0.676196E-003  0.109690E-002
  0.125764E+001  0.262118E+001  0.422135E-003  0.684203E-003  0.684203E-003  0.110897E-002
  0.126129E+001  0.263049E+001  0.427051E-003  0.691610E-003  0.691610E-003  0.112006E-002
  0.126495E+001  0.263979E+001  0.429434E-003  0.694913E-003  0.694913E-003  0.112451E-002
  0.126862E+001  0.264910E+001  0.436163E-003  0.705245E-003  0.705245E-003  0.114033E-002
  0.127229E+001  0.265840E+001  0.441183E-003  0.712810E-003  0.712810E-003  0.115167E-002
  0.127596E+001  0.266770E+001  0.444445E-003  0.717534E-003  0.717534E-003  0.115842E-002
  0.127964E+001  0.267700E+001  0.453184E-003  0.731093E-003  0.731093E-003  0.117943E-002
  0.128333E+001  0.268629E+001  0.452078E-003  0.728770E-003  0.728770E-003  0.117481E-002
  0.128702E+001  0.269559E+001  0.458973E-003  0.739347E-003  0.739347E-003  0.119099E-002
  0.129072E+001  0.270488E+001  0.461131E-003  0.742291E-003  0.742291E-003  0.119488E-002
  0.129442E+001  0.271417E+001  0.466610E-003  0.750583E-003  0.750583E-003  0.120738E-002
  0.129813E+001  0.272346E+001  0.470630E-003  0.756523E-003  0.756523E-003  0.121609E-002
  0.130184E+001  0.273274E+001  0.475552E-003  0.763914E-003  0.763914E-003  0.122713E-002
  0.130556E+001  0.274203E+001  0.480559E-003  0.771438E-003  0.771438E-003  0.123838E-002
  0.130928E+001  0.275131E+001  0.487202E-003  0.781585E-003  0.781585E-003  0.125385E-002
  0.131301E+001  0.276059E+001  0.490709E-003  0.786698E-003  0.786698E-003  0.126123E-002
  0.131674E+001  0.276986E+001  0.495926E-003  0.794555E-003  0.794555E-003  0.127301E-002
  0.132048E+001  0.277914E+001  0.501453E-003  0.802902E-003  0.802902E-003  0.128557E-002
  0.132422E+001  0.278841E+001  0.506518E-003  0.810509E-003  0.810509E-003  0.129694E-002
  0.132797E+001  0.279768E+001  0.515124E-003  0.823777E-003  0.823777E-003  0.131737E-002
  0.133172E+001  0.280695E+001  0.517632E-003  0.827290E-003  0.827290E-003  0.132219E-002
  0.133548E+001  0.281622E+001  0.525467E-003  0.839315E-003  0.839315E-003  0.134061E-002
  0.133924E+001  0.282549E+001  0.528892E-003  0.844294E-003  0.844294E-003  0.134778E-002
  0.134301E+001  0.283475E+001  0.539674E-003  0.861010E-003  0.861010E-003  0.137368E-002
  0.134678E+001  0.284401E+001  0.543898E-003  0.867260E-003  0.867260E-003  0.138287E-002
  0.135055E+001  0.285327E+001  0.548704E-003  0.874438E-003  0.874438E-003  0.139354E-002
  0.135433E+001  0.286253E+001  0.558781E-003  0.890011E-003  0.890011E-003  0.141758E-002
  0.135812E+001  0.287178E+001  0.560172E-003  0.891746E-003  0.891746E-003  0.141958E-002
  0.136191E+001  0.288104E+001  0.564250E-003  0.897762E-003  0.897762E-003  0.142840E-002
  0.136570E+001  0.289029E+001  0.575797E-003  0.915657E-003  0.915657E-003  0.145612E-002
  0.136950E+001  0.289954E+001  0.580294E-003  0.922336E-003  0.922336E-003  0.146599E-002
  0.137331E+001  0.290879E+001  0.584788E-003  0.929009E-003  0.929009E-003  0.147585E-002
  0.137712E+001  0.291803E+001  0.603919E-003  0.958925E-003  0.958925E-003  0.152261E-002
  0.138093E+001  0.292728E+001  0.596579E-003  0.946807E-003  0.946807E-003  0.150264E-002
  0.138475E+001  0.293652E+001  0.610495E-003  0.968426E-003  0.968426E-003  0.153621E-002
  0.138857E+001  0.294576E+001  0.612611E-003  0.971324E-003  0.971324E-003  0.154008E-002
  0.139239E+001  0.295500E+001  0.622238E-003  0.986129E-003  0.986129E-003  0.156283E-002
  0.139623E+001  0.296424E+001  0.628481E-003  0.995567E-003  0.995567E-003  0.157706E-002
  0.140006E+001  0.297347E+001  0.630353E-003  0.998083E-003  0.998083E-003  0.158034E-002
  0.140390E+001  0.298271E+001  0.638911E-003  0.101118E-002  0.101118E-002  0.160037E-002
  0.140775E+001  0.299194E+001  0.651496E-003  0.103065E-002  0.103065E-002  0.163047E-002
  0.141159E+001  0.300117E+001  0.659256E-003  0.104248E-002  0.104248E-002  0.164848E-002
  0.141545E+001  0.301040E+001  0.660118E-003  0.104340E-002  0.104340E-002  0.164924E-002
  0.141930E+001  0.301962E+001  0.670479E-003  0.105934E-002  0.105934E-002  0.167374E-002
  0.142317E+001  0.302885E+001  0.676762E-003  0.106883E-002  0.106883E-002  0.168804E-002
  0.142703E+001  0.303807E+001  0.683891E-003  0.107966E-002  0.107966E-002  0.170446E-002
  0.143090E+001  0.304729E+001  0.691831E-003  0.109176E-002  0.109176E-002  0.172289E-002
  0.143478E+001  0.305651E+001  0.699277E-003  0.110309E-002  0.110309E-002  0.174008E-002
  0.143866E+001  0.306573E+001  0.706785E-003  0.111451E-002  0.111451E-002  0.175743E-002
  0.144254E+001  0.307494E+001  0.713443E-003  0.112458E-002  0.112458E-002  0.177265E-002
  0.144643E+001  0.308415E+001  0.731327E-003  0.115235E-002  0.115235E-002  0.181575E-002
  0.145032E+001  0.309337E+001  0.729223E-003  0.114862E-002  0.114862E-002  0.180922E-002
  0.145421E+001  0.310258E+001  0.754226E-003  0.118758E-002  0.118758E-002  0.186992E-002
  0.145811E+001  0.311178E+001  0.749749E-003  0.118012E-002  0.118012E-002  0.185752E-002
  0.146202E+001  0.312099E+001  0.754477E-003  0.118715E-002  0.118715E-002  0.186795E-002
  0.146593E+001  0.313019E+001  0.770194E-003  0.121147E-002  0.121147E-002  0.190558E-002
  0.146984E+001  0.313940E+001  0.772372E-003  0.121450E-002  0.121450E-002  0.190971E-002
  0.147376E+001  0.314860E+001  0.781186E-003  0.122796E-002  0.122796E-002  0.193024E-002
  0.147768E+001  0.315780E+001  0.788607E-003  0.123923E-002  0.123923E-002  0.194733E-002
  0.148160E+001  0.316699E+001  0.798824E-003  0.125489E-002  0.125489E-002  0.197133E-002
  0.148553E+001  0.317619E+001  0.810512E-003  0.127286E-002  0.127286E-002  0.199894E-002
  0.148947E+001  0.318538E+001  0.826646E-003  0.129780E-002  0.129780E-002  0.203749E-002
  0.149340E+001  0.319458E+001  0.840793E-003  0.131962E-002  0.131962E-002  0.207114E-002
  0.149735E+001  0.320377E+001  0.836007E-003  0.131173E-002  0.131173E-002  0.205815E-002
  0.150129E+001  0.321296E+001  0.850238E-003  0.133367E-002  0.133367E-002  0.209199E-002
  0.150524E+001  0.322214E+001  0.852395E-003  0.133668E-002  0.133668E-002  0.209612E-002
  0.150920E+001  0.323133E+001  0.864941E-003  0.135598E-002  0.135598E-002  0.212580E-002
  0.151315E+001  0.324051E+001  0.877420E-003  0.137518E-002  0.137518E-002  0.215531E-002
  0.151712E+001  0.324969E+001  0.891036E-003  0.139615E-002  0.139615E-002  0.218760E-002
  0.152108E+001  0.325887E+001  0.890586E-003  0.139508E-002  0.139508E-002  0.218536E-002
  0.152505E+001  0.326805E+001  0.902000E-003  0.141260E-002  0.141260E-002  0.221225E-002
  0.152903E+001  0.327723E+001  0.910539E-003  0.142562E-002  0.142562E-002  0.223208E-002
  0.153300E+001  0.328640E+001  0.927757E-003  0.145223E-002  0.145223E-002  0.227318E-002
  0.153699E+001  0.329557E+001  0.939765E-003  0.147067E-002  0.147067E-002  0.230150E-002
  0.154097E+001  0.330475E+001  0.951663E-003  0.148894E-002  0.148894E-002  0.232955E-002
  0.154496E+001  0.331391E+001  0.948689E-003  0.148395E-002  0.148395E-002  0.232121E-002
  0.154896E+001  0.332308E+001  0.965332E-003  0.150964E-002  0.150964E-002  0.236087E-002
  0.155296E+001  0.333225E+001  0.976539E-003  0.152683E-002  0.152683E-002  0.238723E-002
  0.155696E+001  0.334141E+001  0.986551E-003  0.154216E-002  0.154216E-002  0.241067E-002
  0.156096E+001  0.335058E+001  0.100060E-002  0.156378E-002  0.156378E-002  0.244396E-002
  0.156497E+001  0.335974E+001  0.100730E-002  0.157394E-002  0.157394E-002  0.245932E-002
  0.156899E+001  0.336890E+001  0.100987E-002  0.157764E-002  0.157764E-002  0.246461E-002
  0.157300E+001  0.337805E+001  0.102081E-002  0.159441E-002  0.159441E-002  0.249032E-002
  0.157702E+001  0.338721E+001  0.104364E-002  0.162976E-002  0.162976E-002  0.254505E-002
  0.158105E+001  0.339636E+001  0.103948E-002  0.162297E-002  0.162297E-002  0.253396E-002
  0.158508E+001  0.340552E+001  0.104892E-002  0.163740E-002  0.163740E-002  0.255603E-002
  0.158911E+001  0.341467E+001  0.106404E-002  0.166070E-002  0.166070E-002  0.259194E-002
  0.159315E+001  0.342382E+001  0.106895E-002  0.166807E-002  0.166807E-002  0.260299E-002
  0.159719E+001  0.343296E+001  0.108478E-002  0.169249E-002  0.169249E-002  0.264065E-002
  0.160123E+001  0.344211E+001  0.109299E-002  0.170502E-002  0.170502E-002  0.265976E-002
  0.160528E+001  0.345125E+001  0.110105E-002  0.171731E-002  0.171731E-002  0.267849E-002
  0.160933E+001  0.346040E+001  0.111459E-002  0.173816E-002  0.173816E-002  0.271058E-002
  0.161339E+001  0.346954E+001  0.112338E-002  0.175159E-002  0.175159E-002  0.273111E-002
  0.161744E+001  0.347868E+001  0.115418E-002  0.179935E-002  0.179935E-002  0.280516E-002
  0.162151E+001  0.348781E+001  0.115329E-002  0.179770E-002  0.179770E-002  0.280217E-002
  0.162557E+001  0.349695E+001  0.115482E-002  0.179982E-002  0.179982E-002  0.280508E-002
  0.162964E+001  0.350608E+001  0.116032E-002  0.180815E-002  0.180815E-002  0.281767E-002
  0.163372E+001  0.351522E+001  0.117848E-002  0.183619E-002  0.183619E-002  0.286098E-002
  0.163779E+001  0.352435E+001  0.118312E-002  0.184319E-002  0.184319E-002  0.287151E-002
  0.164187E+001  0.353348E+001  0.119324E-002  0.185871E-002  0.185871E-002  0.289532E-002
  0.164596E+001  0.354261E+001  0.120807E-002  0.188159E-002  0.188159E-002  0.293060E-002
  0.165004E+001  0.355173E+001  0.121021E-002  0.188469E-002  0.188469E-002  0.293508E-002
  0.165413E+001  0.356086E+001  0.122440E-002  0.190657E-002  0.190657E-002  0.296881E-002
  0.165823E+001  0.356998E+001  0.124729E-002  0.194200E-002  0.194200E-002  0.302363E-002
  0.166232E+001  0.357910E+001  0.123984E-002  0.193018E-002  0.193018E-002  0.300490E-002
  0.166642E+001  0.358823E+001  0.126622E-002  0.197104E-002  0.197104E-002  0.306818E-002
  0.167053E+001  0.359734E+001  0.127669E-002  0.198714E-002  0.198714E-002  0.309293E-002
  0.167463E+001  0.360646E+001  0.127246E-002  0.198035E-002  0.198035E-002  0.308206E-002
  0.167874E+001  0.361558E+001  0.128964E-002  0.200689E-002  0.200689E-002  0.312307E-002
  0.168286E+001  0.362469E+001  0.130080E-002  0.202407E-002  0.202407E-002  0.314951E-002
  0.168697E+001  0.363381E+001  0.131140E-002  0.204038E-002  0.204038E-002  0.317460E-002
  0.169109E+001  0.364292E+001  0.131349E-002  0.204346E-002  0.204346E-002  0.317910E-002
  0.169522E+001  0.365203E+001  0.132643E-002  0.206342E-002  0.206342E-002  0.320989E-002
  0.169934E+001  0.366114E+001  0.132638E-002  0.206317E-002  0.206317E-002  0.320924E-002
  0.170347E+001  0.367025E+001  0.133471E-002  0.207597E-002  0.207597E-002  0.322889E-002
  0.170760E+001  0.367935E+001  0.134215E-002  0.208739E-002  0.208739E-002  0.324642E-002
  0.171174E+001  0.368846E+001  0.135645E-002  0.210946E-002  0.210946E-002  0.328051E-002
  0.171587E+001  0.369756E+001  0.136530E-002  0.212308E-002  0.212308E-002  0.330146E-002
  0.172001E+001  0.370667E+001  0.139892E-002  0.217522E-002  0.217522E-002  0.338232E-002
  0.172416E+001  0.371577E+001  0.137717E-002  0.214126E-002  0.214126E-002  0.332930E-002
  0.172830E+001  0.372487E+001  0.140574E-002  0.218555E-002  0.218555E-002  0.339794E-002
  0.173245E+001  0.373397E+001  0.140993E-002  0.219194E-002  0.219194E-002  0.340769E-002
  0.173660E+001  0.374306E+001  0.140817E-002  0.218908E-002  0.218908E-002  0.340304E-002
  0.174076E+001  0.375216E+001  0.141101E-002  0.219338E-002  0.219338E-002  0.340955E-002
  0.174492E+001  0.376125E+001  0.144760E-002  0.225014E-002  0.225014E-002  0.349761E-002
  0.174907E+001  0.377035E+001  0.144946E-002  0.225292E-002  0.225292E-002  0.350175E-002
  0.175324E+001  0.377944E+001  0.144215E-002  0.224145E-002  0.224145E-002  0.348375E-002
  0.175740E+001  0.378853E+001  0.144212E-002  0.224130E-002  0.224130E-002  0.348338E-002
  0.176157E+001  0.379762E+001  0.145446E-002  0.226038E-002  0.226038E-002  0.351288E-002
  0.176574E+001  0.380671E+001  0.146259E-002  0.227294E-002  0.227294E-002  0.353225E-002
  0.176991E+001  0.381580E+001  0.146467E-002  0.227609E-002  0.227609E-002  0.353701E-002
  0.177408E+001  0.382489E+001  0.149460E-002  0.232251E-002  0.232251E-002  0.360902E-002
  0.177826E+001  0.383397E+001  0.147944E-002  0.229888E-002  0.229888E-002  0.357219E-002
  0.178244E+001  0.384306E+001  0.148689E-002  0.231038E-002  0.231038E-002  0.358995E-002
  0.178662E+001  0.385214E+001  0.149352E-002  0.232061E-002  0.232061E-002  0.360574E-002
  0.179080E+001  0.386122E+001  0.150414E-002  0.233705E-002  0.233705E-002  0.363118E-002
  0.179499E+001  0.387031E+001  0.150917E-002  0.234480E-002  0.234480E-002  0.364313E-002
  0.179918E+001  0.387939E+001  0.151479E-002  0.235348E-002  0.235348E-002  0.365652E-002
  0.180337E+001  0.388847E+001  0.152160E-002  0.236402E-002  0.236402E-002  0.367282E-002
  0.180756E+001  0.389755E+001  0.152829E-002  0.237435E-002  0.237435E-002  0.368880E-002
  0.181175E+001  0.390662E+001  0.153517E-002  0.238500E-002  0.238500E-002  0.370528E-002
  0.181595E+001  0.391570E+001  0.154107E-002  0.239413E-002  0.239413E-002  0.371940E-002
  0.182015E+001  0.392478E+001  0.154803E-002  0.240491E-002  0.240491E-002  0.373610E-002
  0.182435E+001  0.393385E+001  0.156553E-002  0.243206E-002  0.243206E-002  0.377821E-002
  0.182855E+001  0.394293E+001  0.155833E-002  0.242084E-002  0.242084E-002  0.376075E-002
  0.183275E+001  0.395200E+001  0.156684E-002  0.243405E-002  0.243405E-002  0.378122E-002
  0.183696E+001  0.396107E+001  0.158213E-002  0.245778E-002  0.245778E-002  0.381806E-002
  0.184117E+001  0.397015E+001  0.158327E-002  0.245953E-002  0.245953E-002  0.382076E-002
  0.184537E+001  0.397922E+001  0.160127E-002  0.248748E-002  0.248748E-002  0.386414E-002
  0.184958E+001  0.398829E+001  0.161022E-002  0.250136E-002  0.250136E-002  0.388570E-002
  0.185380E+001  0.399736E+001  0.159539E-002  0.247832E-002  0.247832E-002  0.384989E-002
  0.185801E+001  0.400643E+001  0.160228E-002  0.248903E-002  0.248903E-002  0.386652E-002
  0.186223E+001  0.401549E+001  0.162865E-002  0.252998E-002  0.252998E-002  0.393014E-002
  0.186644E+001  0.402456E+001  0.161283E-002  0.250541E-002  0.250541E-002  0.389196E-002
  0.187066E+001  0.403363E+001  0.161853E-002  0.251428E-002  0.251428E-002  0.390576E-002
  0.187488E+001  0.404269E+001  0.161840E-002  0.251409E-002  0.251409E-002  0.390547E-002
  0.187910E+001  0.405176E+001  0.163382E-002  0.253805E-002  0.253805E-002  0.394271E-002
  0.188333E+001  0.406082E+001  0.165028E-002  0.256363E-002  0.256363E-002  0.398247E-002
  0.188755E+001  0.406989E+001  0.163552E-002  0.254071E-002  0.254071E-002  0.394690E-002
  0.189178E+001  0.407895E+001  0.164903E-002  0.256172E-002  0.256172E-002  0.397956E-002
  0.189600E+001  0.408801E+001  0.164529E-002  0.255594E-002  0.255594E-002  0.397062E-002
  0.190023E+001  0.409708E+001  0.166015E-002  0.257906E-002  0.257906E-002  0.400657E-002
  0.190446E+001  0.410614E+001  0.165933E-002  0.257781E-002  0.257781E-002  0.400468E-002
  0.190869E+001  0.411520E+001  0.166709E-002  0.258988E-002  0.258988E-002  0.402349E-002
  0.191293E+001  0.412426E+001  0.167205E-002  0.259763E-002  0.259763E-002  0.403558E-002
  0.191716E+001  0.413332E+001  0.166416E-002  0.258541E-002  0.258541E-002  0.401664E-002
  0.192139E+001  0.414238E+001  0.168441E-002  0.261690E-002  0.261690E-002  0.406563E-002
  0.192563E+001  0.415144E+001  0.167301E-002  0.259923E-002  0.259923E-002  0.403824E-002
  0.192987E+001  0.416049E+001  0.170335E-002  0.264642E-002  0.264642E-002  0.411162E-002
  0.193410E+001  0.416955E+001  0.168813E-002  0.262281E-002  0.262281E-002  0.407500E-002
  0.193834E+001  0.417861E+001  0.169421E-002  0.263231E-002  0.263231E-002  0.408984E-002
  0.194258E+001  0.418766E+001  0.168817E-002  0.262296E-002  0.262296E-002  0.407540E-002
  0.194682E+001  0.419672E+001  0.170144E-002  0.264364E-002  0.264364E-002  0.410760E-002
  0.195107E+001  0.420578E+001  0.169936E-002  0.264046E-002  0.264046E-002  0.410274E-002
  0.195531E+001  0.421483E+001  0.170101E-002  0.264308E-002  0.264308E-002  0.410690E-002
  0.195955E+001  0.422389E+001  0.172074E-002  0.267380E-002  0.267380E-002  0.415472E-002
  0.196380E+001  0.423294E+001  0.170988E-002  0.265698E-002  0.265698E-002  0.412868E-002
  0.196804E+001  0.424199E+001  0.171184E-002  0.266009E-002  0.266009E-002  0.413360E-002
  0.197229E+001  0.425105E+001  0.171467E-002  0.266454E-002  0.266454E-002  0.414062E-002
  0.197654E+001  0.426010E+001  0.172029E-002  0.267334E-002  0.267334E-002  0.415439E-002
  0.198079E+001  0.426915E+001  0.174042E-002  0.270469E-002  0.270469E-002  0.420322E-002
  0.198504E+001  0.427821E+001  0.172684E-002  0.268365E-002  0.268365E-002  0.417063E-002
  0.198929E+001  0.428726E+001  0.173389E-002  0.269468E-002  0.269468E-002  0.418787E-002
  0.199354E+001  0.429631E+001  0.173676E-002  0.269921E-002  0.269921E-002  0.419502E-002
  0.199779E+001  0.430536E+001  0.173575E-002  0.269771E-002  0.269771E-002  0.419279E-002
  0.200204E+001  0.431441E+001  0.173509E-002  0.269677E-002  0.269677E-002  0.419145E-002
  0.200629E+001  0.432346E+001  0.174258E-002  0.270848E-002  0.270848E-002  0.420977E-002
  0.201055E+001  0.433251E+001  0.175366E-002  0.272577E-002  0.272577E-002  0.423676E-002
  0.201480E+001  0.434156E+001  0.174394E-002  0.271075E-002  0.271075E-002  0.421353E-002
  0.201906E+001  0.435061E+001  0.176201E-002  0.273891E-002  0.273891E-002  0.425743E-002
  0.202331E+001  0.435966E+001  0.175149E-002  0.272264E-002  0.272264E-002  0.423226E-002
  0.202757E+001  0.436871E+001  0.175438E-002  0.272721E-002  0.272721E-002  0.423949E-002
  0.203183E+001  0.437776E+001  0.176877E-002  0.274966E-002  0.274966E-002  0.427452E-002
  0.203608E+001  0.438681E+001  0.177073E-002  0.275280E-002  0.275280E-002  0.427952E-002
  0.204034E+001  0.439586E+001  0.176723E-002  0.274744E-002  0.274744E-002  0.427133E-002
  0.204460E+001  0.440490E+001  0.176661E-002  0.274656E-002  0.274656E-002  0.427009E-002
  0.204886E+001  0.441395E+001  0.176839E-002  0.274940E-002  0.274940E-002  0.427465E-002
  0.205312E+001  0.442300E+001  0.176883E-002  0.275018E-002  0.275018E-002  0.427599E-002
  0.205738E+001  0.443205E+001  0.177064E-002  0.275309E-002  0.275309E-002  0.428065E-002
  0.206164E+001  0.444109E+001  0.177655E-002  0.276236E-002  0.276236E-002  0.429520E-002
  0.206590E+001  0.445014E+001  0.177562E-002  0.276100E-002  0.276100E-002  0.429323E-002
  0.207016E+001  0.445919E+001  0.178964E-002  0.278289E-002  0.278289E-002  0.432741E-002
  0.207442E+001  0.446823E+001  0.178710E-002  0.277905E-002  0.277905E-002  0.432157E-002
  0.207869E+001  0.447728E+001  0.178831E-002  0.278102E-002  0.278102E-002  0.432478E-002
  0.208295E+001  0.448632E+001  0.178994E-002  0.278364E-002  0.278364E-002  0.432900E-002
  0.208721E+001  0.449537E+001  0.179353E-002  0.278931E-002  0.278931E-002  0.433797E-002
  0.209148E+001  0.450441E+001  0.181884E-002  0.282878E-002  0.282878E-002  0.439949E-002
  0.209574E+001  0.451346E+001  0.179157E-002  0.278645E-002  0.278645E-002  0.433381E-002
  0.210000E+001  0.452251E+001  0.183549E-002  0.285486E-002  0.285486E-002  0.444036E-002
  0.210427E+001  0.453155E+001  0.179594E-002  0.279344E-002  0.279344E-002  0.434498E-002
  0.210853E+001  0.454060E+001  0.184209E-002  0.286533E-002  0.286533E-002  0.445694E-002
  0.211280E+001  0.454964E+001  0.180043E-002  0.280062E-002  0.280062E-002  0.435644E-002
  0.211707E+001  0.455868E+001  0.182777E-002  0.284324E-002  0.284324E-002  0.442290E-002
  0.212133E+001  0.456773E+001  0.181298E-002  0.282034E-002  0.282034E-002  0.438742E-002
  0.212560E+001  0.457677E+001  0.181021E-002  0.281613E-002  0.281613E-002  0.438103E-002
  0.212987E+001  0.458582E+001  0.181382E-002  0.282185E-002  0.282185E-002  0.439008E-002
  0.213413E+001  0.459486E+001  0.181583E-002  0.282507E-002  0.282507E-002  0.439525E-002
  0.213840E+001  0.460390E+001  0.181496E-002  0.282381E-002  0.282381E-002  0.439345E-002
  0.214267E+001  0.461295E+001  0.181542E-002  0.282462E-002  0.282462E-002  0.439486E-002
  0.214694E+001  0.462199E+001  0.183707E-002  0.285842E-002  0.285842E-002  0.444760E-002
  0.215120E+001  0.463103E+001  0.181972E-002  0.283152E-002  0.283152E-002  0.440591E-002
  0.215547E+001  0.464008E+001  0.182699E-002  0.284294E-002  0.284294E-002  0.442383E-002
  0.215974E+001  0.464912E+001  0.182176E-002  0.283490E-002  0.283490E-002  0.441148E-002
  0.216401E+001  0.465816E+001  0.182956E-002  0.284714E-002  0.284714E-002  0.443069E-002
  0.216828E+001  0.466721E+001  0.182557E-002  0.284104E-002  0.284104E-002  0.442134E-002
  0.217255E+001  0.467625E+001  0.183276E-002  0.285233E-002  0.285233E-002  0.443907E-002
  0.217682E+001  0.468529E+001  0.184614E-002  0.287324E-002  0.287324E-002  0.447178E-002
  0.218109E+001  0.469434E+001  0.183280E-002  0.285259E-002  0.285259E-002  0.443980E-002
  0.218536E+001  0.470338E+001  0.184036E-002  0.286445E-002  0.286445E-002  0.445841E-002
  0.218963E+001  0.471242E+001  0.185026E-002  0.287997E-002  0.287997E-002  0.448273E-002
  0.219390E+001  0.472146E+001  0.186132E-002  0.289728E-002  0.289728E-002  0.450984E-002
  0.219817E+001  0.473051E+001  0.184019E-002  0.286449E-002  0.286449E-002  0.445896E-002
  0.220244E+001  0.473955E+001  0.184451E-002  0.287133E-002  0.287133E-002  0.446976E-002
  0.220671E+001  0.474859E+001  0.184892E-002  0.287830E-002  0.287830E-002  0.448077E-002
  0.221098E+001  0.475763E+001  0.185297E-002  0.288470E-002  0.288470E-002  0.449089E-002
  0.221525E+001  0.476668E+001  0.184518E-002  0.287268E-002  0.287268E-002  0.447235E-002
  0.221952E+001  0.477572E+001  0.184662E-002  0.287502E-002  0.287502E-002  0.447614E-002
  0.222379E+001  0.478476E+001  0.184823E-002  0.287763E-002  0.287763E-002  0.448037E-002
  0.222806E+001  0.479380E+001  0.185000E-002  0.288049E-002  0.288049E-002  0.448499E-002
  0.223233E+001  0.480284E+001  0.185199E-002  0.288370E-002  0.288370E-002  0.449014E-002
  0.223660E+001  0.481189E+001  0.188504E-002  0.293526E-002  0.293526E-002  0.457059E-002
  0.224088E+001  0.482093E+001  0.186343E-002  0.290171E-002  0.290171E-002  0.451851E-002
  0.224515E+001  0.482997E+001  0.186221E-002  0.289991E-002  0.289991E-002  0.451586E-002
  0.224942E+001  0.483901E+001  0.186114E-002  0.289834E-002  0.289834E-002  0.451358E-002
  0.225369E+001  0.484805E+001  0.186051E-002  0.289747E-002  0.289747E-002  0.451239E-002
  0.225796E+001  0.485709E+001  0.186063E-002  0.289776E-002  0.289776E-002  0.451299E-002
  0.226223E+001  0.486614E+001  0.188191E-002  0.293100E-002  0.293100E-002  0.456492E-002
  0.226650E+001  0.487518E+001  0.189177E-002  0.294646E-002  0.294646E-002  0.458916E-002
  0.227078E+001  0.488422E+001  0.187352E-002  0.291814E-002  0.291814E-002  0.454521E-002
  0.227505E+001  0.489326E+001  0.187035E-002  0.291331E-002  0.291331E-002  0.453784E-002
  0.227932E+001  0.490230E+001  0.186882E-002  0.291103E-002  0.291103E-002  0.453446E-002
  0.228359E+001  0.491134E+001  0.186915E-002  0.291164E-002  0.291164E-002  0.453556E-002
  0.228786E+001  0.492039E+001  0.189891E-002  0.295811E-002  0.295811E-002  0.460811E-002
  0.229214E+001  0.492943E+001  0.188005E-002  0.292882E-002  0.292882E-002  0.456264E-002
  0.229641E+001  0.493847E+001  0.187657E-002  0.292350E-002  0.292350E-002  0.455451E-002
  0.230068E+001  0.494751E+001  0.187535E-002  0.292170E-002  0.292170E-002  0.455186E-002
  0.230495E+001  0.495655E+001  0.187644E-002  0.292351E-002  0.292351E-002  0.455484E-002
  0.230922E+001  0.496559E+001  0.187989E-002  0.292898E-002  0.292898E-002  0.456353E-002
  0.231350E+001  0.497464E+001  0.188424E-002  0.293586E-002  0.293586E-002  0.457439E-002
  0.231777E+001  0.498368E+001  0.188188E-002  0.293228E-002  0.293228E-002  0.456898E-002
  0.232204E+001  0.499272E+001  0.188185E-002  0.293233E-002  0.293233E-002  0.456920E-002
  0.232631E+001  0.500176E+001  0.188404E-002  0.293584E-002  0.293584E-002  0.457483E-002
  0.233058E+001  0.501080E+001  0.188835E-002  0.294266E-002  0.294266E-002  0.458561E-002
  0.233485E+001  0.501984E+001  0.189464E-002  0.295257E-002  0.295257E-002  0.460121E-002
  0.233913E+001  0.502889E+001  0.188809E-002  0.294245E-002  0.294245E-002  0.458559E-002
  0.234340E+001  0.503793E+001  0.188856E-002  0.294329E-002  0.294329E-002  0.458705E-002
  0.234767E+001  0.504697E+001  0.189073E-002  0.294676E-002  0.294676E-002  0.459262E-002
  0.235194E+001  0.505601E+001  0.189437E-002  0.295254E-002  0.295254E-002  0.460178E-002
  0.235621E+001  0.506505E+001  0.189928E-002  0.296028E-002  0.296028E-002  0.461399E-002
  0.236049E+001  0.507409E+001  0.192860E-002  0.300608E-002  0.300608E-002  0.468554E-002
  0.236476E+001  0.508314E+001  0.189570E-002  0.295490E-002  0.295490E-002  0.460591E-002
  0.236903E+001  0.509218E+001  0.189639E-002  0.295607E-002  0.295607E-002  0.460788E-002
  0.237330E+001  0.510122E+001  0.189787E-002  0.295848E-002  0.295848E-002  0.461179E-002
  0.237757E+001  0.511026E+001  0.189994E-002  0.296179E-002  0.296179E-002  0.461710E-002
  0.238184E+001  0.511930E+001  0.190236E-002  0.296567E-002  0.296567E-002  0.462330E-002
  0.238611E+001  0.512834E+001  0.190495E-002  0.296980E-002  0.296980E-002  0.462988E-002
  0.239039E+001  0.513739E+001  0.190984E-002  0.297752E-002  0.297752E-002  0.464207E-002
  0.239466E+001  0.514643E+001  0.190982E-002  0.297757E-002  0.297757E-002  0.464230E-002
  0.239893E+001  0.515547E+001  0.191027E-002  0.297837E-002  0.297837E-002  0.464369E-002
  0.240320E+001  0.516451E+001  0.191112E-002  0.297980E-002  0.297980E-002  0.464606E-002
  0.240747E+001  0.517355E+001  0.191235E-002  0.298181E-002  0.298181E-002  0.464935E-002
  0.241174E+001  0.518260E+001  0.191318E-002  0.298319E-002  0.298319E-002  0.465164E-002
  0.241601E+001  0.519164E+001  0.191364E-002  0.298400E-002  0.298400E-002  0.465306E-002
  0.242028E+001  0.520068E+001  0.191384E-002  0.298441E-002  0.298441E-002  0.465384E-002
  0.242455E+001  0.520972E+001  0.191394E-002  0.298466E-002  0.298466E-002  0.465437E-002
  0.242882E+001  0.521877E+001  0.194045E-002  0.302609E-002  0.302609E-002  0.471912E-002
  0.243309E+001  0.522781E+001  0.193584E-002  0.301900E-002  0.301900E-002  0.470821E-002
  0.243736E+001  0.523685E+001  0.193110E-002  0.301170E-002  0.301170E-002  0.469696E-002
  0.244163E+001  0.524589E+001  0.192665E-002  0.300484E-002  0.300484E-002  0.468642E-002
  0.244590E+001  0.525494E+001  0.196229E-002  0.306052E-002  0.306052E-002  0.477340E-002
  0.245017E+001  0.526398E+001  0.195062E-002  0.304240E-002  0.304240E-002  0.474529E-002
  0.245444E+001  0.527302E+001  0.194015E-002  0.302618E-002  0.302618E-002  0.472012E-002
  0.245871E+001  0.528206E+001  0.193165E-002  0.301301E-002  0.301301E-002  0.469971E-002
  0.246298E+001  0.529111E+001  0.196159E-002  0.305979E-002  0.305979E-002  0.477283E-002
  0.246725E+001  0.530015E+001  0.194596E-002  0.303551E-002  0.303551E-002  0.473509E-002
  0.247152E+001  0.530919E+001  0.193434E-002  0.301746E-002  0.301746E-002  0.470707E-002
  0.247579E+001  0.531823E+001  0.192777E-002  0.300731E-002  0.300731E-002  0.469138E-002
  0.248006E+001  0.532728E+001  0.194183E-002  0.302933E-002  0.302933E-002  0.472586E-002
  0.248433E+001  0.533632E+001  0.193152E-002  0.301333E-002  0.301333E-002  0.470104E-002
  0.248860E+001  0.534536E+001  0.192946E-002  0.301020E-002  0.301020E-002  0.469629E-002
  0.249287E+001  0.535441E+001  0.193356E-002  0.301669E-002  0.301669E-002  0.470655E-002
  0.249714E+001  0.536345E+001  0.193191E-002  0.301419E-002  0.301419E-002  0.470278E-002
  0.250141E+001  0.537249E+001  0.194287E-002  0.303139E-002  0.303139E-002  0.472975E-002
