  0.345841E+000  0.557734E-001  0.236394E-002  0.223085E-001  0.223085E-001  0.210599E+000
  0.345841E+000  0.557734E-001  0.236394E-002  0.223085E-001  0.223085E-001  0.210599E+000
  0.345601E+000  0.657705E-001  0.286980E-002  0.229249E-001  0.229249E-001  0.183178E+000
  0.345331E+000  0.757669E-001  0.341676E-002  0.236582E-001  0.236582E-001  0.163846E+000
  0.345033E+000  0.857624E-001  0.402287E-002  0.245550E-001  0.245550E-001  0.149904E+000
  0.344712E+000  0.957573E-001  0.470048E-002  0.256328E-001  0.256328E-001  0.139800E+000
  0.344371E+000  0.105751E+000  0.547166E-002  0.269299E-001  0.269299E-001  0.132556E+000
  0.344017E+000  0.115745E+000  0.635639E-002  0.284835E-001  0.284835E-001  0.127649E+000
  0.343653E+000  0.125739E+000  0.739530E-002  0.303724E-001  0.303724E-001  0.124750E+000
  0.343285E+000  0.135732E+000  0.863809E-002  0.326959E-001  0.326959E-001  0.123767E+000
  0.342920E+000  0.145725E+000  0.101477E-001  0.355699E-001  0.355699E-001  0.124689E+000
  0.342563E+000  0.155719E+000  0.120418E-001  0.392337E-001  0.392337E-001  0.127837E+000
  0.342220E+000  0.165713E+000  0.144909E-001  0.440125E-001  0.440125E-001  0.133686E+000
  0.341898E+000  0.175708E+000  0.177989E-001  0.505100E-001  0.505100E-001  0.143346E+000
  0.341606E+000  0.185703E+000  0.224969E-001  0.597713E-001  0.597713E-001  0.158813E+000
  0.341350E+000  0.195700E+000  0.297636E-001  0.741129E-001  0.741129E-001  0.184555E+000
  0.341139E+000  0.205698E+000  0.425639E-001  0.993813E-001  0.993813E-001  0.232054E+000
  0.340984E+000  0.215697E+000  0.706482E-001  0.154741E+000  0.154741E+000  0.338945E+000
  0.340894E+000  0.225696E+000  0.186508E+000  0.382839E+000  0.382839E+000  0.785878E+000
  0.340882E+000  0.235696E+000  0.357087E+000  0.687151E+000  0.687151E+000  0.132236E+001
  0.340961E+000  0.245696E+000  0.949853E-001  0.170817E+000  0.170817E+000  0.307202E+000
  0.341148E+000  0.255694E+000  0.561148E-001  0.940667E-001  0.940667E-001  0.157692E+000
  0.341462E+000  0.265689E+000  0.404859E-001  0.630364E-001  0.630364E-001  0.981504E-001
  0.341926E+000  0.275679E+000  0.320565E-001  0.461382E-001  0.461382E-001  0.664074E-001
  0.342569E+000  0.285658E+000  0.267836E-001  0.354107E-001  0.354107E-001  0.468174E-001
  0.343424E+000  0.295621E+000  0.231861E-001  0.279390E-001  0.279390E-001  0.336665E-001
  0.344536E+000  0.305559E+000  0.205746E-001  0.223669E-001  0.223669E-001  0.243151E-001
  0.345955E+000  0.315458E+000  0.185973E-001  0.180129E-001  0.180129E-001  0.174463E-001
  0.347745E+000  0.325296E+000  0.170427E-001  0.144805E-001  0.144805E-001  0.123027E-001
  0.349973E+000  0.335045E+000  0.157802E-001  0.115480E-001  0.115480E-001  0.844975E-002
  0.352702E+000  0.344665E+000  0.147207E-001  0.908925E-002  0.908925E-002  0.561101E-002
  0.355977E+000  0.354114E+000  0.138040E-001  0.703715E-002  0.703715E-002  0.358634E-002
  0.359799E+000  0.363355E+000  0.129959E-001  0.535721E-002  0.535721E-002  0.220729E-002
  0.364123E+000  0.372372E+000  0.122799E-001  0.401573E-002  0.401573E-002  0.131225E-002
  0.368868E+000  0.381174E+000  0.116487E-001  0.296762E-002  0.296762E-002  0.755176E-003
  0.373946E+000  0.389789E+000  0.110957E-001  0.215786E-002  0.215786E-002  0.418920E-003
  0.379276E+000  0.398250E+000  0.106125E-001  0.153288E-002  0.153288E-002  0.220780E-003
  0.384794E+000  0.406590E+000  0.101890E-001  0.104700E-002  0.104700E-002  0.107043E-003
  0.390455E+000  0.414834E+000  0.981538E-002  0.664526E-003  0.664526E-003  0.445209E-004
  0.396222E+000  0.423003E+000  0.948300E-002  0.359316E-003  0.359316E-003  0.132067E-004
  0.402072E+000  0.431113E+000  0.918440E-002  0.112095E-003  0.112095E-003  0.101075E-005
  0.407986E+000  0.439177E+000  0.891365E-002  0.909722E-004  0.909722E-004  0.613177E-006
  0.413952E+000  0.447203E+000  0.866593E-002  0.260028E-003  0.260028E-003  0.752222E-005
  0.419959E+000  0.455197E+000  0.843748E-002  0.402461E-003  0.402461E-003  0.189465E-004
  0.426000E+000  0.463166E+000  0.822526E-002  0.523807E-003  0.523807E-003  0.331320E-004
  0.432069E+000  0.471114E+000  0.802685E-002  0.628221E-003  0.628221E-003  0.489637E-004
  0.438162E+000  0.479043E+000  0.784030E-002  0.718888E-003  0.718888E-003  0.657303E-004
  0.444275E+000  0.486958E+000  0.766402E-002  0.798254E-003  0.798254E-003  0.829732E-004
  0.450404E+000  0.494859E+000  0.749678E-002  0.868228E-003  0.868228E-003  0.100397E-003
  0.456549E+000  0.502748E+000  0.733743E-002  0.930354E-003  0.930354E-003  0.117821E-003
  0.462705E+000  0.510628E+000  0.718516E-002  0.985819E-003  0.985819E-003  0.135123E-003
  0.468873E+000  0.518500E+000  0.703919E-002  0.103563E-002  0.103563E-002  0.152241E-003
  0.475049E+000  0.526365E+000  0.689893E-002  0.108056E-002  0.108056E-002  0.169130E-003
  0.481234E+000  0.534223E+000  0.676380E-002  0.112129E-002  0.112129E-002  0.185778E-003
  0.487425E+000  0.542076E+000  0.663340E-002  0.115835E-002  0.115835E-002  0.202176E-003
  0.493621E+000  0.549925E+000  0.650732E-002  0.119220E-002  0.119220E-002  0.218328E-003
  0.499822E+000  0.557770E+000  0.638521E-002  0.122323E-002  0.122323E-002  0.234246E-003
  0.506028E+000  0.565612E+000  0.626674E-002  0.125175E-002  0.125175E-002  0.249947E-003
  0.512236E+000  0.573451E+000  0.615170E-002  0.127804E-002  0.127804E-002  0.265439E-003
  0.518447E+000  0.581289E+000  0.603982E-002  0.130235E-002  0.130235E-002  0.280744E-003
  0.524659E+000  0.589125E+000  0.593092E-002  0.132485E-002  0.132485E-002  0.295874E-003
  0.530873E+000  0.596960E+000  0.582477E-002  0.134575E-002  0.134575E-002  0.310851E-003
  0.537087E+000  0.604795E+000  0.572123E-002  0.136518E-002  0.136518E-002  0.325687E-003
  0.543302E+000  0.612629E+000  0.562013E-002  0.138328E-002  0.138328E-002  0.340402E-003
  0.549516E+000  0.620464E+000  0.552135E-002  0.140016E-002  0.140016E-002  0.355006E-003
  0.555729E+000  0.628300E+000  0.542475E-002  0.141593E-002  0.141593E-002  0.369516E-003
  0.561941E+000  0.636136E+000  0.533021E-002  0.143067E-002  0.143067E-002  0.383945E-003
  0.568151E+000  0.643974E+000  0.523762E-002  0.144446E-002  0.144446E-002  0.398306E-003
  0.574360E+000  0.651814E+000  0.514687E-002  0.145737E-002  0.145737E-002  0.412612E-003
  0.580565E+000  0.659655E+000  0.505791E-002  0.146947E-002  0.146947E-002  0.426871E-003
  0.586768E+000  0.667499E+000  0.497061E-002  0.148080E-002  0.148080E-002  0.441097E-003
  0.592968E+000  0.675345E+000  0.488490E-002  0.149142E-002  0.149142E-002  0.455300E-003
  0.599164E+000  0.683194E+000  0.480072E-002  0.150136E-002  0.150136E-002  0.469487E-003
  0.605357E+000  0.691046E+000  0.471797E-002  0.151068E-002  0.151068E-002  0.483670E-003
  0.611545E+000  0.698901E+000  0.463663E-002  0.151940E-002  0.151940E-002  0.497854E-003
  0.617728E+000  0.706760E+000  0.455661E-002  0.152754E-002  0.152754E-002  0.512047E-003
  0.623907E+000  0.714623E+000  0.447784E-002  0.153515E-002  0.153515E-002  0.526261E-003
  0.630081E+000  0.722490E+000  0.440029E-002  0.154225E-002  0.154225E-002  0.540499E-003
  0.636250E+000  0.730360E+000  0.432390E-002  0.154885E-002  0.154885E-002  0.554771E-003
  0.642412E+000  0.738236E+000  0.424864E-002  0.155498E-002  0.155498E-002  0.569079E-003
  0.648569E+000  0.746116E+000  0.417445E-002  0.156066E-002  0.156066E-002  0.583433E-003
  0.654719E+000  0.754001E+000  0.410130E-002  0.156591E-002  0.156591E-002  0.597839E-003
  0.660863E+000  0.761891E+000  0.402914E-002  0.157073E-002  0.157073E-002  0.612302E-003
  0.667000E+000  0.769786E+000  0.395795E-002  0.157515E-002  0.157515E-002  0.626829E-003
  0.673130E+000  0.777687E+000  0.388769E-002  0.157918E-002  0.157918E-002  0.641426E-003
  0.679253E+000  0.785593E+000  0.381833E-002  0.158283E-002  0.158283E-002  0.656100E-003
  0.685368E+000  0.793506E+000  0.374986E-002  0.158611E-002  0.158611E-002  0.670856E-003
  0.691475E+000  0.801424E+000  0.368224E-002  0.158904E-002  0.158904E-002  0.685701E-003
  0.697574E+000  0.809349E+000  0.361546E-002  0.159163E-002  0.159163E-002  0.700643E-003
  0.703665E+000  0.817280E+000  0.354950E-002  0.159388E-002  0.159388E-002  0.715690E-003
  0.709747E+000  0.825218E+000  0.348434E-002  0.159582E-002  0.159582E-002  0.730849E-003
  0.715820E+000  0.833163E+000  0.341997E-002  0.159745E-002  0.159745E-002  0.746128E-003
  0.721884E+000  0.841115E+000  0.335639E-002  0.159879E-002  0.159879E-002  0.761539E-003
  0.727938E+000  0.849074E+000  0.329358E-002  0.159985E-002  0.159985E-002  0.777089E-003
  0.733982E+000  0.857040E+000  0.323155E-002  0.160064E-002  0.160064E-002  0.792791E-003
  0.740017E+000  0.865014E+000  0.317027E-002  0.160118E-002  0.160118E-002  0.808661E-003
  0.746041E+000  0.872996E+000  0.310976E-002  0.160148E-002  0.160148E-002  0.824708E-003
  0.752054E+000  0.880986E+000  0.305002E-002  0.160156E-002  0.160156E-002  0.840948E-003
  0.758057E+000  0.888984E+000  0.299105E-002  0.160144E-002  0.160144E-002  0.857403E-003
  0.764048E+000  0.896991E+000  0.293285E-002  0.160114E-002  0.160114E-002  0.874086E-003
  0.770028E+000  0.905006E+000  0.287543E-002  0.160067E-002  0.160067E-002  0.891021E-003
  0.775996E+000  0.913030E+000  0.281879E-002  0.160006E-002  0.160006E-002  0.908230E-003
  0.781951E+000  0.921063E+000  0.276296E-002  0.159933E-002  0.159933E-002  0.925736E-003
  0.787894E+000  0.929106E+000  0.270793E-002  0.159850E-002  0.159850E-002  0.943570E-003
  0.793824E+000  0.937158E+000  0.265370E-002  0.159759E-002  0.159759E-002  0.961761E-003
  0.799740E+000  0.945220E+000  0.260031E-002  0.159664E-002  0.159664E-002  0.980338E-003
  0.805643E+000  0.953292E+000  0.254774E-002  0.159567E-002  0.159567E-002  0.999344E-003
  0.811531E+000  0.961375E+000  0.249602E-002  0.159469E-002  0.159469E-002  0.101881E-002
  0.817404E+000  0.969468E+000  0.244514E-002  0.159375E-002  0.159375E-002  0.103878E-002
  0.823262E+000  0.977573E+000  0.239512E-002  0.159286E-002  0.159286E-002  0.105929E-002
  0.829104E+000  0.985689E+000  0.234595E-002  0.159205E-002  0.159205E-002  0.108040E-002
  0.834930E+000  0.993816E+000  0.229763E-002  0.159135E-002  0.159135E-002  0.110215E-002
  0.840739E+000  0.100196E+001  0.225019E-002  0.159081E-002  0.159081E-002  0.112461E-002
  0.846530E+000  0.101011E+001  0.220355E-002  0.159037E-002  0.159037E-002  0.114779E-002
  0.852303E+000  0.101827E+001  0.215782E-002  0.159017E-002  0.159017E-002  0.117182E-002
  0.858056E+000  0.102645E+001  0.211283E-002  0.159010E-002  0.159010E-002  0.119667E-002
  0.863790E+000  0.103465E+001  0.206868E-002  0.159027E-002  0.159027E-002  0.122246E-002
  0.869503E+000  0.104285E+001  0.202533E-002  0.159065E-002  0.159065E-002  0.124924E-002
  0.875194E+000  0.105108E+001  0.198271E-002  0.159125E-002  0.159125E-002  0.127705E-002
  0.880863E+000  0.105931E+001  0.194082E-002  0.159208E-002  0.159208E-002  0.130598E-002
  0.886508E+000  0.106757E+001  0.189958E-002  0.159311E-002  0.159311E-002  0.133605E-002
  0.892129E+000  0.107584E+001  0.185899E-002  0.159436E-002  0.159436E-002  0.136736E-002
  0.897725E+000  0.108413E+001  0.181901E-002  0.159581E-002  0.159581E-002  0.139996E-002
  0.903294E+000  0.109243E+001  0.177955E-002  0.159741E-002  0.159741E-002  0.143388E-002
  0.908836E+000  0.110076E+001  0.174057E-002  0.159915E-002  0.159915E-002  0.146919E-002
  0.914349E+000  0.110910E+001  0.170199E-002  0.160097E-002  0.160097E-002  0.150591E-002
  0.919832E+000  0.111746E+001  0.166380E-002  0.160286E-002  0.160286E-002  0.154412E-002
  0.925284E+000  0.112585E+001  0.162589E-002  0.160473E-002  0.160473E-002  0.158382E-002
  0.930704E+000  0.113425E+001  0.158817E-002  0.160649E-002  0.160649E-002  0.162499E-002
  0.936091E+000  0.114267E+001  0.155067E-002  0.160817E-002  0.160817E-002  0.166777E-002
  0.941443E+000  0.115112E+001  0.151321E-002  0.160956E-002  0.160956E-002  0.171200E-002
  0.946761E+000  0.115959E+001  0.147582E-002  0.161068E-002  0.161068E-002  0.175782E-002
  0.952041E+000  0.116808E+001  0.143843E-002  0.161141E-002  0.161141E-002  0.180517E-002
  0.957285E+000  0.117660E+001  0.140097E-002  0.161167E-002  0.161167E-002  0.185403E-002
  0.962490E+000  0.118514E+001  0.136342E-002  0.161138E-002  0.161138E-002  0.190439E-002
  0.967655E+000  0.119370E+001  0.132574E-002  0.161042E-002  0.161042E-002  0.195618E-002
  0.972781E+000  0.120229E+001  0.128793E-002  0.160875E-002  0.160875E-002  0.200945E-002
  0.977865E+000  0.121090E+001  0.124995E-002  0.160624E-002  0.160624E-002  0.206405E-002
  0.982908E+000  0.121953E+001  0.121177E-002  0.160279E-002  0.160279E-002  0.211995E-002
  0.987909E+000  0.122819E+001  0.117345E-002  0.159840E-002  0.159840E-002  0.217718E-002
  0.992867E+000  0.123688E+001  0.113502E-002  0.159300E-002  0.159300E-002  0.223570E-002
  0.997782E+000  0.124558E+001  0.109643E-002  0.158642E-002  0.158642E-002  0.229532E-002
  0.100265E+001  0.125432E+001  0.105786E-002  0.157880E-002  0.157880E-002  0.235621E-002
  0.100748E+001  0.126308E+001  0.101909E-002  0.156979E-002  0.156979E-002  0.241802E-002
  0.101226E+001  0.127186E+001  0.980466E-003  0.155970E-002  0.155970E-002  0.248105E-002
  0.101700E+001  0.128066E+001  0.941696E-003  0.154803E-002  0.154803E-002  0.254471E-002
  0.102170E+001  0.128949E+001  0.903139E-003  0.153527E-002  0.153527E-002  0.260975E-002
  0.102635E+001  0.129835E+001  0.864698E-003  0.152100E-002  0.152100E-002  0.267536E-002
  0.103095E+001  0.130722E+001  0.826588E-003  0.150550E-002  0.150550E-002  0.274193E-002
  0.103551E+001  0.131612E+001  0.788740E-003  0.148862E-002  0.148862E-002  0.280945E-002
  0.104003E+001  0.132504E+001  0.751160E-003  0.147026E-002  0.147026E-002  0.287767E-002
  0.104450E+001  0.133399E+001  0.714116E-003  0.145068E-002  0.145068E-002  0.294686E-002
  0.104893E+001  0.134295E+001  0.677411E-003  0.142949E-002  0.142949E-002  0.301644E-002
  0.105332E+001  0.135194E+001  0.641313E-003  0.140712E-002  0.140712E-002  0.308726E-002
  0.105766E+001  0.136095E+001  0.605774E-003  0.138321E-002  0.138321E-002  0.315826E-002
  0.106195E+001  0.136998E+001  0.571035E-003  0.135820E-002  0.135820E-002  0.323031E-002
  0.106621E+001  0.137903E+001  0.536752E-003  0.133141E-002  0.133141E-002  0.330240E-002
  0.107042E+001  0.138810E+001  0.503381E-003  0.130356E-002  0.130356E-002  0.337555E-002
  0.107459E+001  0.139719E+001  0.470779E-003  0.127432E-002  0.127432E-002  0.344920E-002
  0.107872E+001  0.140630E+001  0.438990E-003  0.124369E-002  0.124369E-002  0.352327E-002
  0.108281E+001  0.141542E+001  0.408115E-003  0.121183E-002  0.121183E-002  0.359811E-002
  0.108685E+001  0.142457E+001  0.378221E-003  0.117870E-002  0.117870E-002  0.367309E-002
  0.109086E+001  0.143373E+001  0.349198E-003  0.114413E-002  0.114413E-002  0.374845E-002
  0.109482E+001  0.144291E+001  0.321278E-003  0.110848E-002  0.110848E-002  0.382424E-002
  0.109875E+001  0.145211E+001  0.294313E-003  0.107145E-002  0.107145E-002  0.390032E-002
  0.110263E+001  0.146132E+001  0.268529E-003  0.103345E-002  0.103345E-002  0.397697E-002
  0.110648E+001  0.147055E+001  0.243739E-003  0.994005E-003  0.994005E-003  0.405332E-002
  0.111029E+001  0.147980E+001  0.220119E-003  0.953546E-003  0.953546E-003  0.413030E-002
  0.111407E+001  0.148906E+001  0.197589E-003  0.911821E-003  0.911821E-003  0.420734E-002
  0.111780E+001  0.149833E+001  0.176282E-003  0.869034E-003  0.869034E-003  0.428363E-002
  0.112150E+001  0.150762E+001  0.156142E-003  0.825193E-003  0.825193E-003  0.436043E-002
  0.112517E+001  0.151693E+001  0.137193E-003  0.780339E-003  0.780339E-003  0.443779E-002
  0.112879E+001  0.152625E+001  0.119516E-003  0.734591E-003  0.734591E-003  0.451428E-002
  0.113239E+001  0.153558E+001  0.102966E-003  0.687516E-003  0.687516E-003  0.458966E-002
  0.113595E+001  0.154492E+001  0.877003E-004  0.639734E-003  0.639734E-003  0.466543E-002
  0.113948E+001  0.155428E+001  0.736595E-004  0.591023E-003  0.591023E-003  0.474082E-002
  0.114298E+001  0.156365E+001  0.608545E-004  0.541455E-003  0.541455E-003  0.481594E-002
  0.114644E+001  0.157303E+001  0.493172E-004  0.491195E-003  0.491195E-003  0.489018E-002
  0.114988E+001  0.158242E+001  0.389835E-004  0.440013E-003  0.440013E-003  0.496385E-002
  0.115328E+001  0.159182E+001  0.299114E-004  0.388263E-003  0.388263E-003  0.503631E-002
  0.115666E+001  0.160124E+001  0.220452E-004  0.335737E-003  0.335737E-003  0.510830E-002
  0.116001E+001  0.161066E+001  0.154051E-004  0.282675E-003  0.282675E-003  0.518002E-002
  0.116333E+001  0.162009E+001  0.997486E-005  0.229084E-003  0.229084E-003  0.525047E-002
  0.116662E+001  0.162953E+001  0.573867E-005  0.175012E-003  0.175012E-003  0.531859E-002
  0.116989E+001  0.163898E+001  0.267374E-005  0.120473E-003  0.120473E-003  0.538772E-002
  0.117313E+001  0.164844E+001  0.768905E-006  0.655904E-004  0.655904E-004  0.545340E-002
  0.117635E+001  0.165791E+001  0.473320E-009  0.103409E-004  0.103409E-004  0.551968E-002
  0.117954E+001  0.166739E+001  0.343852E-006  0.450484E-004  0.450484E-004  0.558180E-002
  0.118271E+001  0.167687E+001  0.177618E-005  0.100677E-003  0.100677E-003  0.564427E-002
  0.118586E+001  0.168636E+001  0.427229E-005  0.156484E-003  0.156484E-003  0.570565E-002
  0.118899E+001  0.169586E+001  0.780573E-005  0.212413E-003  0.212413E-003  0.576603E-002
  0.119209E+001  0.170537E+001  0.123264E-004  0.268112E-003  0.268112E-003  0.582267E-002
  0.119518E+001  0.171488E+001  0.178331E-004  0.323945E-003  0.323945E-003  0.587828E-002
  0.119825E+001  0.172440E+001  0.242801E-004  0.379687E-003  0.379687E-003  0.593284E-002
  0.120130E+001  0.173392E+001  0.316300E-004  0.435254E-003  0.435254E-003  0.598588E-002
  0.120433E+001  0.174345E+001  0.398369E-004  0.490482E-003  0.490482E-003  0.603610E-002
  0.120734E+001  0.175299E+001  0.488876E-004  0.545630E-003  0.545630E-003  0.608742E-002
  0.121034E+001  0.176252E+001  0.587167E-004  0.600162E-003  0.600162E-003  0.613253E-002
  0.121333E+001  0.177207E+001  0.693378E-004  0.654567E-003  0.654567E-003  0.617764E-002
  0.121630E+001  0.178162E+001  0.806644E-004  0.708473E-003  0.708473E-003  0.622110E-002
  0.121925E+001  0.179117E+001  0.926466E-004  0.761781E-003  0.761781E-003  0.626248E-002
  0.122219E+001  0.180073E+001  0.105306E-003  0.814799E-003  0.814799E-003  0.630336E-002
  0.122512E+001  0.181029E+001  0.118550E-003  0.867046E-003  0.867046E-003  0.634040E-002
  0.122804E+001  0.181986E+001  0.132369E-003  0.918720E-003  0.918720E-003  0.637561E-002
  0.123095E+001  0.182942E+001  0.146727E-003  0.969804E-003  0.969804E-003  0.640924E-002
  0.123384E+001  0.183899E+001  0.161521E-003  0.102000E-002  0.102000E-002  0.644064E-002
  0.123673E+001  0.184857E+001  0.176816E-003  0.106965E-002  0.106965E-002  0.647022E-002
  0.123961E+001  0.185815E+001  0.192558E-003  0.111874E-002  0.111874E-002  0.649914E-002
  0.124247E+001  0.186773E+001  0.208587E-003  0.116668E-002  0.116668E-002  0.652506E-002
  0.124533E+001  0.187731E+001  0.224979E-003  0.121384E-002  0.121384E-002  0.654854E-002
  0.124818E+001  0.188689E+001  0.241685E-003  0.126023E-002  0.126023E-002  0.657081E-002
  0.125103E+001  0.189648E+001  0.258721E-003  0.130596E-002  0.130596E-002  0.659173E-002
  0.125387E+001  0.190607E+001  0.276011E-003  0.135092E-002  0.135092E-002  0.661163E-002
  0.125670E+001  0.191566E+001  0.293394E-003  0.139449E-002  0.139449E-002  0.662762E-002
  0.125952E+001  0.192525E+001  0.310923E-003  0.143709E-002  0.143709E-002  0.664192E-002
  0.126234E+001  0.193485E+001  0.328724E-003  0.147929E-002  0.147929E-002  0.665661E-002
  0.126516E+001  0.194444E+001  0.346536E-003  0.152002E-002  0.152002E-002  0.666695E-002
  0.126797E+001  0.195404E+001  0.364489E-003  0.156012E-002  0.156012E-002  0.667746E-002
  0.127078E+001  0.196364E+001  0.382490E-003  0.159917E-002  0.159917E-002  0.668574E-002
  0.127359E+001  0.197324E+001  0.400578E-003  0.163743E-002  0.163743E-002  0.669302E-002
  0.127639E+001  0.198283E+001  0.418617E-003  0.167458E-002  0.167458E-002  0.669854E-002
  0.127919E+001  0.199243E+001  0.436650E-003  0.171077E-002  0.171077E-002  0.670246E-002
  0.128199E+001  0.200203E+001  0.454746E-003  0.174635E-002  0.174635E-002  0.670623E-002
  0.128478E+001  0.201164E+001  0.472616E-003  0.178041E-002  0.178041E-002  0.670686E-002
  0.128758E+001  0.202124E+001  0.490417E-003  0.181342E-002  0.181342E-002  0.670530E-002
  0.129037E+001  0.203084E+001  0.508200E-003  0.184587E-002  0.184587E-002  0.670431E-002
  0.129317E+001  0.204044E+001  0.525936E-003  0.187748E-002  0.187748E-002  0.670200E-002
  0.129596E+001  0.205004E+001  0.543351E-003  0.190757E-002  0.190757E-002  0.669683E-002
  0.129875E+001  0.205964E+001  0.560746E-003  0.193717E-002  0.193717E-002  0.669204E-002
  0.130155E+001  0.206925E+001  0.577967E-003  0.196569E-002  0.196569E-002  0.668522E-002
  0.130434E+001  0.207885E+001  0.595077E-003  0.199361E-002  0.199361E-002  0.667877E-002
  0.130714E+001  0.208845E+001  0.611874E-003  0.202010E-002  0.202010E-002  0.666918E-002
  0.130994E+001  0.209805E+001  0.628645E-003  0.204627E-002  0.204627E-002  0.666054E-002
  0.131274E+001  0.210765E+001  0.645185E-003  0.207148E-002  0.207148E-002  0.665070E-002
  0.131554E+001  0.211725E+001  0.661373E-003  0.209540E-002  0.209540E-002  0.663865E-002
  0.131834E+001  0.212685E+001  0.677279E-003  0.211831E-002  0.211831E-002  0.662528E-002
  0.132114E+001  0.213645E+001  0.693275E-003  0.214141E-002  0.214141E-002  0.661430E-002
  0.132395E+001  0.214604E+001  0.708618E-003  0.216232E-002  0.216232E-002  0.659812E-002
  0.132676E+001  0.215564E+001  0.723978E-003  0.218326E-002  0.218326E-002  0.658380E-002
  0.132958E+001  0.216524E+001  0.739054E-003  0.220323E-002  0.220323E-002  0.656803E-002
  0.133239E+001  0.217483E+001  0.753871E-003  0.222253E-002  0.222253E-002  0.655222E-002
  0.133521E+001  0.218443E+001  0.768593E-003  0.224147E-002  0.224147E-002  0.653678E-002
  0.133804E+001  0.219402E+001  0.782647E-003  0.225844E-002  0.225844E-002  0.651695E-002
  0.134087E+001  0.220361E+001  0.796794E-003  0.227574E-002  0.227574E-002  0.649970E-002
  0.134370E+001  0.221320E+001  0.810441E-003  0.229170E-002  0.229170E-002  0.648018E-002
  0.134653E+001  0.222279E+001  0.824020E-003  0.230756E-002  0.230756E-002  0.646189E-002
  0.134938E+001  0.223238E+001  0.837327E-003  0.232260E-002  0.232260E-002  0.644238E-002
  0.135222E+001  0.224197E+001  0.850029E-003  0.233616E-002  0.233616E-002  0.642046E-002
  0.135507E+001  0.225155E+001  0.862696E-003  0.234969E-002  0.234969E-002  0.639968E-002
  0.135792E+001  0.226114E+001  0.875297E-003  0.236318E-002  0.236318E-002  0.638017E-002
  0.136078E+001  0.227072E+001  0.887288E-003  0.237509E-002  0.237509E-002  0.635757E-002
  0.136365E+001  0.228030E+001  0.899125E-003  0.238669E-002  0.238669E-002  0.633528E-002
  0.136652E+001  0.228988E+001  0.910735E-003  0.239785E-002  0.239785E-002  0.631314E-002
  0.136939E+001  0.229946E+001  0.921941E-003  0.240811E-002  0.240811E-002  0.628993E-002
  0.137227E+001  0.230903E+001  0.932942E-003  0.241796E-002  0.241796E-002  0.626669E-002
  0.137516E+001  0.231861E+001  0.943829E-003  0.242763E-002  0.242763E-002  0.624403E-002
  0.137805E+001  0.232818E+001  0.954325E-003  0.243647E-002  0.243647E-002  0.622045E-002
  0.138094E+001  0.233775E+001  0.964544E-003  0.244480E-002  0.244480E-002  0.619670E-002
  0.138385E+001  0.234732E+001  0.974647E-003  0.245291E-002  0.245291E-002  0.617321E-002
  0.138675E+001  0.235689E+001  0.984357E-003  0.246028E-002  0.246028E-002  0.614911E-002
  0.138967E+001  0.236646E+001  0.993624E-003  0.246664E-002  0.246664E-002  0.612326E-002
  0.139259E+001  0.237602E+001  0.100286E-002  0.247310E-002  0.247310E-002  0.609876E-002
  0.139551E+001  0.238558E+001  0.101197E-002  0.247948E-002  0.247948E-002  0.607504E-002
  0.139845E+001  0.239514E+001  0.102067E-002  0.248494E-002  0.248494E-002  0.604982E-002
  0.140139E+001  0.240470E+001  0.102925E-002  0.249031E-002  0.249031E-002  0.602534E-002
  0.140433E+001  0.241426E+001  0.103723E-002  0.249444E-002  0.249444E-002  0.599882E-002
  0.140728E+001  0.242381E+001  0.104522E-002  0.249874E-002  0.249874E-002  0.597353E-002
  0.141024E+001  0.243336E+001  0.105308E-002  0.250290E-002  0.250290E-002  0.594869E-002
  0.141320E+001  0.244292E+001  0.106066E-002  0.250659E-002  0.250659E-002  0.592360E-002
  0.141617E+001  0.245246E+001  0.106783E-002  0.250947E-002  0.250947E-002  0.589737E-002
  0.141915E+001  0.246201E+001  0.107492E-002  0.251233E-002  0.251233E-002  0.587180E-002
  0.142213E+001  0.247156E+001  0.108192E-002  0.251517E-002  0.251517E-002  0.584702E-002
  0.142512E+001  0.248110E+001  0.108850E-002  0.251718E-002  0.251718E-002  0.582100E-002
  0.142812E+001  0.249064E+001  0.109488E-002  0.251891E-002  0.251891E-002  0.579502E-002
  0.143112E+001  0.250018E+001  0.110115E-002  0.252057E-002  0.252057E-002  0.576962E-002
  0.143413E+001  0.250971E+001  0.110712E-002  0.252171E-002  0.252171E-002  0.574370E-002
  0.143715E+001  0.251925E+001  0.111300E-002  0.252281E-002  0.252281E-002  0.571830E-002
  0.144017E+001  0.252878E+001  0.111858E-002  0.252339E-002  0.252339E-002  0.569246E-002
  0.144320E+001  0.253831E+001  0.112401E-002  0.252383E-002  0.252383E-002  0.566687E-002
  0.144624E+001  0.254784E+001  0.112938E-002  0.252426E-002  0.252426E-002  0.564188E-002
  0.144928E+001  0.255736E+001  0.113436E-002  0.252402E-002  0.252402E-002  0.561602E-002
  0.145233E+001  0.256689E+001  0.113919E-002  0.252359E-002  0.252359E-002  0.559032E-002
  0.145539E+001  0.257641E+001  0.114408E-002  0.252344E-002  0.252344E-002  0.556576E-002
  0.145845E+001  0.258593E+001  0.114841E-002  0.252225E-002  0.252225E-002  0.553953E-002
  0.146152E+001  0.259545E+001  0.115276E-002  0.252124E-002  0.252124E-002  0.551422E-002
  0.146460E+001  0.260496E+001  0.115714E-002  0.252044E-002  0.252044E-002  0.548988E-002
  0.146768E+001  0.261447E+001  0.116098E-002  0.251864E-002  0.251864E-002  0.546391E-002
  0.147077E+001  0.262398E+001  0.116483E-002  0.251700E-002  0.251700E-002  0.543879E-002
  0.147387E+001  0.263349E+001  0.116865E-002  0.251545E-002  0.251545E-002  0.541431E-002
  0.147697E+001  0.264300E+001  0.117207E-002  0.251321E-002  0.251321E-002  0.538889E-002
  0.148008E+001  0.265250E+001  0.117544E-002  0.251099E-002  0.251099E-002  0.536397E-002
  0.148320E+001  0.266200E+001  0.117872E-002  0.250872E-002  0.250872E-002  0.533937E-002
  0.148632E+001  0.267150E+001  0.118181E-002  0.250621E-002  0.250621E-002  0.531475E-002
  0.148945E+001  0.268100E+001  0.118488E-002  0.250379E-002  0.250379E-002  0.529074E-002
  0.149259E+001  0.269049E+001  0.118752E-002  0.250058E-002  0.250058E-002  0.526547E-002
  0.149574E+001  0.269999E+001  0.119032E-002  0.249784E-002  0.249784E-002  0.524159E-002
  0.149889E+001  0.270948E+001  0.119281E-002  0.249461E-002  0.249461E-002  0.521711E-002
  0.150204E+001  0.271897E+001  0.119551E-002  0.249196E-002  0.249196E-002  0.519429E-002
  0.150521E+001  0.272845E+001  0.119747E-002  0.248788E-002  0.248788E-002  0.516882E-002
  0.150838E+001  0.273794E+001  0.119961E-002  0.248431E-002  0.248431E-002  0.514480E-002
  0.151156E+001  0.274742E+001  0.120166E-002  0.248069E-002  0.248069E-002  0.512104E-002
  0.151474E+001  0.275690E+001  0.120362E-002  0.247701E-002  0.247701E-002  0.509757E-002
  0.151793E+001  0.276637E+001  0.120536E-002  0.247299E-002  0.247299E-002  0.507373E-002
  0.152113E+001  0.277585E+001  0.120703E-002  0.246896E-002  0.246896E-002  0.505019E-002
  0.152433E+001  0.278532E+001  0.120872E-002  0.246510E-002  0.246510E-002  0.502736E-002
  0.152754E+001  0.279479E+001  0.121021E-002  0.246094E-002  0.246094E-002  0.500424E-002
  0.153076E+001  0.280426E+001  0.121145E-002  0.245638E-002  0.245638E-002  0.498061E-002
  0.153399E+001  0.281373E+001  0.121285E-002  0.245225E-002  0.245225E-002  0.495816E-002
  0.153722E+001  0.282319E+001  0.121413E-002  0.244802E-002  0.244802E-002  0.493583E-002
  0.154045E+001  0.283265E+001  0.121490E-002  0.244287E-002  0.244287E-002  0.491199E-002
  0.154369E+001  0.284211E+001  0.121598E-002  0.243846E-002  0.243846E-002  0.488992E-002
  0.154694E+001  0.285157E+001  0.121686E-002  0.243373E-002  0.243373E-002  0.486748E-002
  0.155020E+001  0.286103E+001  0.121750E-002  0.242864E-002  0.242864E-002  0.484457E-002
  0.155346E+001  0.287048E+001  0.121820E-002  0.242379E-002  0.242379E-002  0.482246E-002
  0.155673E+001  0.287993E+001  0.121876E-002  0.241875E-002  0.241875E-002  0.480021E-002
  0.156000E+001  0.288938E+001  0.121949E-002  0.241417E-002  0.241417E-002  0.477917E-002
  0.156328E+001  0.289883E+001  0.122014E-002  0.240951E-002  0.240951E-002  0.475821E-002
  0.156657E+001  0.290827E+001  0.122008E-002  0.240353E-002  0.240353E-002  0.473488E-002
  0.156987E+001  0.291771E+001  0.122058E-002  0.239877E-002  0.239877E-002  0.471419E-002
  0.157316E+001  0.292715E+001  0.122062E-002  0.239322E-002  0.239322E-002  0.469225E-002
  0.157647E+001  0.293659E+001  0.122057E-002  0.238756E-002  0.238756E-002  0.467030E-002
  0.157978E+001  0.294603E+001  0.122070E-002  0.238236E-002  0.238236E-002  0.464947E-002
  0.158310E+001  0.295546E+001  0.122056E-002  0.237672E-002  0.237672E-002  0.462801E-002
  0.158642E+001  0.296489E+001  0.122051E-002  0.237135E-002  0.237135E-002  0.460732E-002
  0.158975E+001  0.297432E+001  0.122032E-002  0.236580E-002  0.236580E-002  0.458647E-002
  0.159309E+001  0.298375E+001  0.122002E-002  0.236010E-002  0.236010E-002  0.456553E-002
  0.159643E+001  0.299317E+001  0.121970E-002  0.235448E-002  0.235448E-002  0.454499E-002
  0.159978E+001  0.300260E+001  0.121932E-002  0.234880E-002  0.234880E-002  0.452452E-002
  0.160313E+001  0.301202E+001  0.121889E-002  0.234313E-002  0.234313E-002  0.450428E-002
  0.160649E+001  0.302144E+001  0.121837E-002  0.233736E-002  0.233736E-002  0.448402E-002
  0.160985E+001  0.303085E+001  0.121794E-002  0.233184E-002  0.233184E-002  0.446445E-002
  0.161323E+001  0.304027E+001  0.121727E-002  0.232592E-002  0.232592E-002  0.444428E-002
  0.161660E+001  0.304968E+001  0.121653E-002  0.231997E-002  0.231997E-002  0.442426E-002
  0.161998E+001  0.305909E+001  0.121591E-002  0.231432E-002  0.231432E-002  0.440499E-002
  0.162337E+001  0.306850E+001  0.121501E-002  0.230822E-002  0.230822E-002  0.438502E-002
  0.162677E+001  0.307791E+001  0.121417E-002  0.230228E-002  0.230228E-002  0.436551E-002
  0.163016E+001  0.308731E+001  0.121343E-002  0.229664E-002  0.229664E-002  0.434679E-002
  0.163357E+001  0.309671E+001  0.121228E-002  0.229026E-002  0.229026E-002  0.432678E-002
  0.163698E+001  0.310611E+001  0.121128E-002  0.228425E-002  0.228425E-002  0.430767E-002
  0.164040E+001  0.311551E+001  0.121044E-002  0.227861E-002  0.227861E-002  0.428938E-002
  0.164382E+001  0.312491E+001  0.120918E-002  0.227225E-002  0.227225E-002  0.426992E-002
  0.164724E+001  0.313430E+001  0.120805E-002  0.226622E-002  0.226622E-002  0.425123E-002
  0.165068E+001  0.314370E+001  0.120687E-002  0.226012E-002  0.226012E-002  0.423253E-002
  0.165411E+001  0.315309E+001  0.120578E-002  0.225429E-002  0.225429E-002  0.421452E-002
  0.165756E+001  0.316247E+001  0.120461E-002  0.224834E-002  0.224834E-002  0.419641E-002
  0.166100E+001  0.317186E+001  0.120312E-002  0.224189E-002  0.224189E-002  0.417752E-002
  0.166446E+001  0.318125E+001  0.120167E-002  0.223555E-002  0.223555E-002  0.415895E-002
  0.166792E+001  0.319063E+001  0.120038E-002  0.222959E-002  0.222959E-002  0.414122E-002
  0.167138E+001  0.320001E+001  0.119884E-002  0.222322E-002  0.222322E-002  0.412288E-002
  0.167485E+001  0.320939E+001  0.119739E-002  0.221706E-002  0.221706E-002  0.410505E-002
  0.167832E+001  0.321877E+001  0.119604E-002  0.221116E-002  0.221116E-002  0.408783E-002
  0.168180E+001  0.322814E+001  0.119437E-002  0.220471E-002  0.220471E-002  0.406972E-002
  0.168529E+001  0.323751E+001  0.119304E-002  0.219896E-002  0.219896E-002  0.405301E-002
  0.168878E+001  0.324689E+001  0.119126E-002  0.219242E-002  0.219242E-002  0.403497E-002
  0.169227E+001  0.325626E+001  0.118955E-002  0.218608E-002  0.218608E-002  0.401744E-002
  0.169577E+001  0.326562E+001  0.118792E-002  0.217994E-002  0.217994E-002  0.400036E-002
  0.169927E+001  0.327499E+001  0.118626E-002  0.217379E-002  0.217379E-002  0.398338E-002
  0.170278E+001  0.328435E+001  0.118445E-002  0.216741E-002  0.216741E-002  0.396611E-002
  0.170630E+001  0.329372E+001  0.118274E-002  0.216127E-002  0.216127E-002  0.394937E-002
  0.170981E+001  0.330308E+001  0.118119E-002  0.215548E-002  0.215548E-002  0.393339E-002
  0.171334E+001  0.331244E+001  0.117908E-002  0.214871E-002  0.214871E-002  0.391570E-002
  0.171687E+001  0.332179E+001  0.117741E-002  0.214278E-002  0.214278E-002  0.389966E-002
  0.172040E+001  0.333115E+001  0.117537E-002  0.213625E-002  0.213625E-002  0.388263E-002
  0.172394E+001  0.334050E+001  0.117357E-002  0.213017E-002  0.213017E-002  0.386652E-002
  0.172748E+001  0.334985E+001  0.117158E-002  0.212382E-002  0.212382E-002  0.385002E-002
  0.173103E+001  0.335920E+001  0.116979E-002  0.211786E-002  0.211786E-002  0.383431E-002
  0.173458E+001  0.336855E+001  0.116769E-002  0.211141E-002  0.211141E-002  0.381780E-002
  0.173813E+001  0.337790E+001  0.116587E-002  0.210549E-002  0.210549E-002  0.380236E-002
  0.174169E+001  0.338724E+001  0.116377E-002  0.209911E-002  0.209911E-002  0.378617E-002
  0.174526E+001  0.339658E+001  0.116165E-002  0.209272E-002  0.209272E-002  0.377006E-002
  0.174883E+001  0.340593E+001  0.115956E-002  0.208645E-002  0.208645E-002  0.375424E-002
  0.175240E+001  0.341526E+001  0.115749E-002  0.208026E-002  0.208026E-002  0.373864E-002
  0.175598E+001  0.342460E+001  0.115538E-002  0.207403E-002  0.207403E-002  0.372308E-002
  0.175956E+001  0.343394E+001  0.115343E-002  0.206811E-002  0.206811E-002  0.370815E-002
  0.176315E+001  0.344327E+001  0.115113E-002  0.206163E-002  0.206163E-002  0.369228E-002
  0.176674E+001  0.345261E+001  0.114910E-002  0.205565E-002  0.205565E-002  0.367740E-002
  0.177034E+001  0.346194E+001  0.114681E-002  0.204926E-002  0.204926E-002  0.366185E-002
  0.177394E+001  0.347127E+001  0.114462E-002  0.204308E-002  0.204308E-002  0.364677E-002
  0.177754E+001  0.348059E+001  0.114241E-002  0.203691E-002  0.203691E-002  0.363177E-002
  0.178115E+001  0.348992E+001  0.114019E-002  0.203074E-002  0.203074E-002  0.361685E-002
  0.178476E+001  0.349925E+001  0.113808E-002  0.202482E-002  0.202482E-002  0.360244E-002
  0.178838E+001  0.350857E+001  0.113570E-002  0.201844E-002  0.201844E-002  0.358729E-002
  0.179200E+001  0.351789E+001  0.113343E-002  0.201230E-002  0.201230E-002  0.357264E-002
  0.179562E+001  0.352721E+001  0.113127E-002  0.200638E-002  0.200638E-002  0.355844E-002
  0.179925E+001  0.353653E+001  0.112893E-002  0.200018E-002  0.200018E-002  0.354382E-002
  0.180289E+001  0.354585E+001  0.112660E-002  0.199404E-002  0.199404E-002  0.352936E-002
  0.180652E+001  0.355516E+001  0.112423E-002  0.198786E-002  0.198786E-002  0.351490E-002
  0.181016E+001  0.356448E+001  0.112202E-002  0.198199E-002  0.198199E-002  0.350106E-002
  0.181381E+001  0.357379E+001  0.111956E-002  0.197570E-002  0.197570E-002  0.348652E-002
  0.181746E+001  0.358310E+001  0.111729E-002  0.196978E-002  0.196978E-002  0.347271E-002
  0.182111E+001  0.359241E+001  0.111481E-002  0.196354E-002  0.196354E-002  0.345840E-002
  0.182476E+001  0.360172E+001  0.111260E-002  0.195779E-002  0.195779E-002  0.344502E-002
  0.182842E+001  0.361102E+001  0.111006E-002  0.195148E-002  0.195148E-002  0.343071E-002
  0.183209E+001  0.362033E+001  0.110764E-002  0.194543E-002  0.194543E-002  0.341689E-002
  0.183575E+001  0.362963E+001  0.110529E-002  0.193953E-002  0.193953E-002  0.340342E-002
  0.183942E+001  0.363893E+001  0.110287E-002  0.193354E-002  0.193354E-002  0.338982E-002
  0.184310E+001  0.364823E+001  0.110036E-002  0.192739E-002  0.192739E-002  0.337601E-002
  0.184678E+001  0.365753E+001  0.109796E-002  0.192149E-002  0.192149E-002  0.336269E-002
  0.185046E+001  0.366683E+001  0.109544E-002  0.191539E-002  0.191539E-002  0.334908E-002
  0.185414E+001  0.367612E+001  0.109302E-002  0.190950E-002  0.190950E-002  0.333589E-002
  0.185783E+001  0.368542E+001  0.109058E-002  0.190362E-002  0.190362E-002  0.332276E-002
  0.186153E+001  0.369471E+001  0.108823E-002  0.189789E-002  0.189789E-002  0.330994E-002
  0.186522E+001  0.370400E+001  0.108554E-002  0.189161E-002  0.189161E-002  0.329622E-002
  0.186892E+001  0.371329E+001  0.108305E-002  0.188571E-002  0.188571E-002  0.328320E-002
  0.187262E+001  0.372258E+001  0.108058E-002  0.187985E-002  0.187985E-002  0.327030E-002
  0.187633E+001  0.373187E+001  0.107804E-002  0.187391E-002  0.187391E-002  0.325732E-002
  0.188004E+001  0.374116E+001  0.107552E-002  0.186803E-002  0.186803E-002  0.324448E-002
  0.188375E+001  0.375044E+001  0.107302E-002  0.186219E-002  0.186219E-002  0.323175E-002
  0.188747E+001  0.375973E+001  0.107048E-002  0.185631E-002  0.185631E-002  0.321902E-002
  0.189119E+001  0.376901E+001  0.106796E-002  0.185050E-002  0.185050E-002  0.320643E-002
  0.189491E+001  0.377829E+001  0.106542E-002  0.184468E-002  0.184468E-002  0.319387E-002
  0.189864E+001  0.378757E+001  0.106291E-002  0.183892E-002  0.183892E-002  0.318146E-002
  0.190237E+001  0.379685E+001  0.106036E-002  0.183312E-002  0.183312E-002  0.316903E-002
  0.190610E+001  0.380613E+001  0.105778E-002  0.182729E-002  0.182729E-002  0.315658E-002
  0.190984E+001  0.381540E+001  0.105540E-002  0.182182E-002  0.182182E-002  0.314479E-002
  0.191357E+001  0.382468E+001  0.105287E-002  0.181612E-002  0.181612E-002  0.313267E-002
  0.191732E+001  0.383395E+001  0.105016E-002  0.181014E-002  0.181014E-002  0.312007E-002
  0.192106E+001  0.384322E+001  0.104752E-002  0.180429E-002  0.180429E-002  0.310776E-002
  0.192481E+001  0.385249E+001  0.104496E-002  0.179858E-002  0.179858E-002  0.309572E-002
  0.192856E+001  0.386176E+001  0.104237E-002  0.179287E-002  0.179287E-002  0.308371E-002
  0.193232E+001  0.387103E+001  0.103993E-002  0.178743E-002  0.178743E-002  0.307220E-002
  0.193607E+001  0.388030E+001  0.103730E-002  0.178167E-002  0.178167E-002  0.306019E-002
  0.193983E+001  0.388957E+001  0.103483E-002  0.177621E-002  0.177621E-002  0.304873E-002
  0.194360E+001  0.389883E+001  0.103209E-002  0.177030E-002  0.177030E-002  0.303652E-002
  0.194736E+001  0.390809E+001  0.102947E-002  0.176463E-002  0.176463E-002  0.302477E-002
  0.195113E+001  0.391736E+001  0.102696E-002  0.175916E-002  0.175916E-002  0.301339E-002
  0.195490E+001  0.392662E+001  0.102446E-002  0.175372E-002  0.175372E-002  0.300210E-002
  0.195868E+001  0.393588E+001  0.102167E-002  0.174780E-002  0.174780E-002  0.299000E-002
  0.196246E+001  0.394514E+001  0.101907E-002  0.174224E-002  0.174224E-002  0.297857E-002
  0.196624E+001  0.395439E+001  0.101655E-002  0.173682E-002  0.173682E-002  0.296741E-002
  0.197002E+001  0.396365E+001  0.101387E-002  0.173114E-002  0.173114E-002  0.295584E-002
  0.197381E+001  0.397291E+001  0.101127E-002  0.172561E-002  0.172561E-002  0.294456E-002
  0.197760E+001  0.398216E+001  0.100875E-002  0.172025E-002  0.172025E-002  0.293358E-002
  0.198139E+001  0.399141E+001  0.100613E-002  0.171474E-002  0.171474E-002  0.292238E-002
  0.198518E+001  0.400067E+001  0.100354E-002  0.170928E-002  0.170928E-002  0.291131E-002
  0.198898E+001  0.400992E+001  0.100085E-002  0.170366E-002  0.170366E-002  0.289998E-002
  0.199278E+001  0.401917E+001  0.998239E-003  0.169820E-002  0.169820E-002  0.288898E-002
  0.199658E+001  0.402842E+001  0.995686E-003  0.169286E-002  0.169286E-002  0.287818E-002
  0.200039E+001  0.403766E+001  0.993187E-003  0.168762E-002  0.168762E-002  0.286759E-002
  0.200419E+001  0.404691E+001  0.990499E-003  0.168208E-002  0.168208E-002  0.285652E-002
  0.200800E+001  0.405616E+001  0.987993E-003  0.167686E-002  0.167686E-002  0.284602E-002
  0.201182E+001  0.406540E+001  0.985285E-003  0.167131E-002  0.167131E-002  0.283498E-002
  0.201563E+001  0.407465E+001  0.982702E-003  0.166599E-002  0.166599E-002  0.282437E-002
  0.201945E+001  0.408389E+001  0.980000E-003  0.166048E-002  0.166048E-002  0.281345E-002
  0.202327E+001  0.409313E+001  0.977393E-003  0.165514E-002  0.165514E-002  0.280286E-002
  0.202709E+001  0.410237E+001  0.974838E-003  0.164991E-002  0.164991E-002  0.279247E-002
  0.203092E+001  0.411161E+001  0.972200E-003  0.164455E-002  0.164455E-002  0.278188E-002
  0.203475E+001  0.412085E+001  0.969650E-003  0.163936E-002  0.163936E-002  0.277160E-002
  0.203858E+001  0.413009E+001  0.967014E-003  0.163403E-002  0.163403E-002  0.276112E-002
  0.204241E+001  0.413932E+001  0.964425E-003  0.162879E-002  0.162879E-002  0.275082E-002
  0.204624E+001  0.414856E+001  0.961866E-003  0.162362E-002  0.162362E-002  0.274065E-002
  0.205008E+001  0.415779E+001  0.959193E-003  0.161827E-002  0.161827E-002  0.273019E-002
  0.205392E+001  0.416703E+001  0.956599E-003  0.161306E-002  0.161306E-002  0.272001E-002
  0.205776E+001  0.417626E+001  0.954017E-003  0.160789E-002  0.160789E-002  0.270990E-002
  0.206160E+001  0.418549E+001  0.951555E-003  0.160293E-002  0.160293E-002  0.270018E-002
  0.206545E+001  0.419472E+001  0.948826E-003  0.159753E-002  0.159753E-002  0.268974E-002
  0.206930E+001  0.420395E+001  0.946231E-003  0.159237E-002  0.159237E-002  0.267972E-002
  0.207315E+001  0.421318E+001  0.943652E-003  0.158725E-002  0.158725E-002  0.266979E-002
  0.207700E+001  0.422241E+001  0.941198E-003  0.158235E-002  0.158235E-002  0.266026E-002
  0.208086E+001  0.423163E+001  0.938520E-003  0.157709E-002  0.157709E-002  0.265013E-002
  0.208472E+001  0.424086E+001  0.935973E-003  0.157205E-002  0.157205E-002  0.264040E-002
  0.208858E+001  0.425008E+001  0.933536E-003  0.156722E-002  0.156722E-002  0.263103E-002
  0.209244E+001  0.425931E+001  0.930778E-003  0.156185E-002  0.156185E-002  0.262079E-002
  0.209630E+001  0.426853E+001  0.928184E-003  0.155678E-002  0.155678E-002  0.261106E-002
  0.210017E+001  0.427776E+001  0.925617E-003  0.155175E-002  0.155175E-002  0.260143E-002
  0.210404E+001  0.428698E+001  0.923108E-003  0.154684E-002  0.154684E-002  0.259200E-002
  0.210791E+001  0.429620E+001  0.920555E-003  0.154186E-002  0.154186E-002  0.258248E-002
  0.211178E+001  0.430542E+001  0.917939E-003  0.153679E-002  0.153679E-002  0.257283E-002
  0.211565E+001  0.431464E+001  0.915427E-003  0.153190E-002  0.153190E-002  0.256350E-002
  0.211953E+001  0.432385E+001  0.912908E-003  0.152701E-002  0.152701E-002  0.255419E-002
  0.212341E+001  0.433307E+001  0.910389E-003  0.152212E-002  0.152212E-002  0.254491E-002
  0.212729E+001  0.434229E+001  0.907776E-003  0.151710E-002  0.151710E-002  0.253540E-002
  0.213117E+001  0.435150E+001  0.905244E-003  0.151221E-002  0.151221E-002  0.252615E-002
  0.213505E+001  0.436072E+001  0.902692E-003  0.150730E-002  0.150730E-002  0.251687E-002
  0.213894E+001  0.436993E+001  0.900152E-003  0.150243E-002  0.150243E-002  0.250766E-002
  0.214283E+001  0.437915E+001  0.897600E-003  0.149754E-002  0.149754E-002  0.249845E-002
  0.214672E+001  0.438836E+001  0.895103E-003  0.149275E-002  0.149275E-002  0.248943E-002
  0.215061E+001  0.439757E+001  0.892553E-003  0.148788E-002  0.148788E-002  0.248029E-002
  0.215450E+001  0.440678E+001  0.890021E-003  0.148305E-002  0.148305E-002  0.247123E-002
  0.215840E+001  0.441599E+001  0.887555E-003  0.147834E-002  0.147834E-002  0.246238E-002
  0.216229E+001  0.442520E+001  0.885075E-003  0.147362E-002  0.147362E-002  0.245352E-002
  0.216619E+001  0.443441E+001  0.882557E-003  0.146884E-002  0.146884E-002  0.244459E-002
  0.217009E+001  0.444362E+001  0.880144E-003  0.146425E-002  0.146425E-002  0.243597E-002
  0.217400E+001  0.445282E+001  0.877577E-003  0.145940E-002  0.145940E-002  0.242696E-002
  0.217790E+001  0.446203E+001  0.874999E-003  0.145455E-002  0.145455E-002  0.241795E-002
  0.218181E+001  0.447124E+001  0.872496E-003  0.144983E-002  0.144983E-002  0.240917E-002
  0.218572E+001  0.448044E+001  0.870100E-003  0.144529E-002  0.144529E-002  0.240071E-002
  0.218963E+001  0.448964E+001  0.867722E-003  0.144079E-002  0.144079E-002  0.239233E-002
  0.219354E+001  0.449885E+001  0.865076E-003  0.143586E-002  0.143586E-002  0.238324E-002
  0.219745E+001  0.450805E+001  0.862587E-003  0.143119E-002  0.143119E-002  0.237460E-002
  0.220136E+001  0.451725E+001  0.860200E-003  0.142670E-002  0.142670E-002  0.236628E-002
  0.220528E+001  0.452645E+001  0.857662E-003  0.142197E-002  0.142197E-002  0.235756E-002
  0.220920E+001  0.453565E+001  0.855226E-003  0.141741E-002  0.141741E-002  0.234915E-002
  0.221312E+001  0.454485E+001  0.852778E-003  0.141284E-002  0.141284E-002  0.234073E-002
  0.221704E+001  0.455405E+001  0.850311E-003  0.140825E-002  0.140825E-002  0.233228E-002
  0.222096E+001  0.456325E+001  0.847918E-003  0.140379E-002  0.140379E-002  0.232407E-002
  0.222489E+001  0.457245E+001  0.845440E-003  0.139919E-002  0.139919E-002  0.231563E-002
  0.222881E+001  0.458165E+001  0.843184E-003  0.139497E-002  0.139497E-002  0.230784E-002
  0.223274E+001  0.459084E+001  0.840587E-003  0.139019E-002  0.139019E-002  0.229913E-002
  0.223667E+001  0.460004E+001  0.838186E-003  0.138574E-002  0.138574E-002  0.229098E-002
  0.224060E+001  0.460923E+001  0.835753E-003  0.138124E-002  0.138124E-002  0.228277E-002
  0.224453E+001  0.461843E+001  0.833492E-003  0.137704E-002  0.137704E-002  0.227505E-002
  0.224847E+001  0.462762E+001  0.830954E-003  0.137238E-002  0.137238E-002  0.226659E-002
  0.225240E+001  0.463681E+001  0.828561E-003  0.136797E-002  0.136797E-002  0.225855E-002
  0.225634E+001  0.464601E+001  0.826169E-003  0.136357E-002  0.136357E-002  0.225054E-002
  0.226028E+001  0.465520E+001  0.823764E-003  0.135915E-002  0.135915E-002  0.224251E-002
  0.226422E+001  0.466439E+001  0.821390E-003  0.135479E-002  0.135479E-002  0.223458E-002
  0.226816E+001  0.467358E+001  0.819011E-003  0.135043E-002  0.135043E-002  0.222667E-002
  0.227210E+001  0.468277E+001  0.816672E-003  0.134614E-002  0.134614E-002  0.221888E-002
  0.227605E+001  0.469196E+001  0.814326E-003  0.134185E-002  0.134185E-002  0.221109E-002
  0.227999E+001  0.470115E+001  0.811962E-003  0.133753E-002  0.133753E-002  0.220328E-002
  0.228394E+001  0.471034E+001  0.809578E-003  0.133318E-002  0.133318E-002  0.219543E-002
  0.228789E+001  0.471952E+001  0.807327E-003  0.132906E-002  0.132906E-002  0.218796E-002
  0.229184E+001  0.472871E+001  0.804957E-003  0.132475E-002  0.132475E-002  0.218018E-002
  0.229579E+001  0.473790E+001  0.802573E-003  0.132042E-002  0.132042E-002  0.217239E-002
  0.229974E+001  0.474708E+001  0.800253E-003  0.131620E-002  0.131620E-002  0.216479E-002
  0.230369E+001  0.475627E+001  0.798004E-003  0.131211E-002  0.131211E-002  0.215740E-002
  0.230765E+001  0.476545E+001  0.795650E-003  0.130784E-002  0.130784E-002  0.214975E-002
  0.231160E+001  0.477464E+001  0.793460E-003  0.130385E-002  0.130385E-002  0.214255E-002
  0.231556E+001  0.478382E+001  0.791028E-003  0.129947E-002  0.129947E-002  0.213472E-002
  0.231952E+001  0.479300E+001  0.788723E-003  0.129531E-002  0.129531E-002  0.212725E-002
  0.232348E+001  0.480219E+001  0.786467E-003  0.129122E-002  0.129122E-002  0.211993E-002
  0.232744E+001  0.481137E+001  0.784202E-003  0.128713E-002  0.128713E-002  0.211260E-002
  0.233140E+001  0.482055E+001  0.782001E-003  0.128315E-002  0.128315E-002  0.210546E-002
  0.233537E+001  0.482973E+001  0.779632E-003  0.127890E-002  0.127890E-002  0.209788E-002
  0.233933E+001  0.483891E+001  0.777417E-003  0.127490E-002  0.127490E-002  0.209074E-002
  0.234330E+001  0.484809E+001  0.775116E-003  0.127077E-002  0.127077E-002  0.208338E-002
  0.234727E+001  0.485727E+001  0.772898E-003  0.126678E-002  0.126678E-002  0.207625E-002
  0.235124E+001  0.486645E+001  0.770682E-003  0.126280E-002  0.126280E-002  0.206915E-002
  0.235521E+001  0.487563E+001  0.768440E-003  0.125878E-002  0.125878E-002  0.206200E-002
  0.235918E+001  0.488480E+001  0.766299E-003  0.125493E-002  0.125493E-002  0.205513E-002
  0.236315E+001  0.489398E+001  0.763988E-003  0.125081E-002  0.125081E-002  0.204782E-002
  0.236712E+001  0.490316E+001  0.761794E-003  0.124688E-002  0.124688E-002  0.204084E-002
  0.237110E+001  0.491234E+001  0.759571E-003  0.124291E-002  0.124291E-002  0.203379E-002
  0.237507E+001  0.492151E+001  0.757384E-003  0.123900E-002  0.123900E-002  0.202686E-002
  0.237905E+001  0.493069E+001  0.755187E-003  0.123508E-002  0.123508E-002  0.201992E-002
  0.238303E+001  0.493986E+001  0.753082E-003  0.123131E-002  0.123131E-002  0.201323E-002
  0.238700E+001  0.494904E+001  0.751036E-003  0.122765E-002  0.122765E-002  0.200672E-002
  0.239098E+001  0.495821E+001  0.748784E-003  0.122365E-002  0.122365E-002  0.199967E-002
  0.239497E+001  0.496738E+001  0.746644E-003  0.121984E-002  0.121984E-002  0.199293E-002
  0.239895E+001  0.497656E+001  0.744378E-003  0.121583E-002  0.121583E-002  0.198587E-002
  0.240293E+001  0.498573E+001  0.742248E-003  0.121204E-002  0.121204E-002  0.197918E-002
  0.240691E+001  0.499490E+001  0.740190E-003  0.120838E-002  0.120838E-002  0.197271E-002
  0.241090E+001  0.500407E+001  0.737992E-003  0.120449E-002  0.120449E-002  0.196586E-002
  0.241489E+001  0.501324E+001  0.735994E-003  0.120093E-002  0.120093E-002  0.195957E-002
  0.241887E+001  0.502241E+001  0.733771E-003  0.119701E-002  0.119701E-002  0.195269E-002
  0.242286E+001  0.503158E+001  0.731671E-003  0.119329E-002  0.119329E-002  0.194615E-002
  0.242685E+001  0.504075E+001  0.729590E-003  0.118961E-002  0.118961E-002  0.193967E-002
  0.243084E+001  0.504992E+001  0.727505E-003  0.118592E-002  0.118592E-002  0.193320E-002
  0.243483E+001  0.505909E+001  0.725420E-003  0.118224E-002  0.118224E-002  0.192673E-002
  0.243882E+001  0.506826E+001  0.723372E-003  0.117862E-002  0.117862E-002  0.192038E-002
  0.244282E+001  0.507743E+001  0.721364E-003  0.117507E-002  0.117507E-002  0.191414E-002
  0.244681E+001  0.508660E+001  0.719248E-003  0.117135E-002  0.117135E-002  0.190763E-002
  0.245080E+001  0.509577E+001  0.717356E-003  0.116800E-002  0.116800E-002  0.190172E-002
  0.245480E+001  0.510493E+001  0.715181E-003  0.116419E-002  0.116419E-002  0.189508E-002
  0.245880E+001  0.511410E+001  0.713191E-003  0.116068E-002  0.116068E-002  0.188893E-002
  0.246279E+001  0.512327E+001  0.711264E-003  0.115728E-002  0.115728E-002  0.188297E-002
  0.246679E+001  0.513243E+001  0.709142E-003  0.115356E-002  0.115356E-002  0.187650E-002
  0.247079E+001  0.514160E+001  0.707162E-003  0.115008E-002  0.115008E-002  0.187041E-002
  0.247479E+001  0.515076E+001  0.705149E-003  0.114655E-002  0.114655E-002  0.186425E-002
  0.247879E+001  0.515993E+001  0.703216E-003  0.114315E-002  0.114315E-002  0.185831E-002
  0.248279E+001  0.516909E+001  0.701242E-003  0.113969E-002  0.113969E-002  0.185227E-002
  0.248680E+001  0.517826E+001  0.699246E-003  0.113620E-002  0.113620E-002  0.184619E-002
  0.249080E+001  0.518742E+001  0.697287E-003  0.113277E-002  0.113277E-002  0.184021E-002
  0.249480E+001  0.519658E+001  0.695379E-003  0.112942E-002  0.112942E-002  0.183438E-002
  0.249881E+001  0.520575E+001  0.693415E-003  0.112599E-002  0.112599E-002  0.182840E-002
  0.250281E+001  0.521491E+001  0.691608E-003  0.112281E-002  0.112281E-002  0.182286E-002
