  0.526490E+000  0.346930E-001  0.229913E-002  0.355760E-003  0.355760E-003  0.550495E-004
  0.526490E+000  0.346930E-001  0.229913E-002  0.355760E-003  0.355760E-003  0.550495E-004
  0.527151E+000  0.446711E-001  0.176008E-002  0.350982E-003  0.350982E-003  0.699902E-004
  0.527975E+000  0.546371E-001  0.141772E-002  0.346324E-003  0.346324E-003  0.846011E-004
  0.528957E+000  0.645888E-001  0.117754E-002  0.340622E-003  0.340622E-003  0.985307E-004
  0.530094E+000  0.745239E-001  0.100120E-002  0.334842E-003  0.334842E-003  0.111984E-003
  0.531383E+000  0.844405E-001  0.862768E-003  0.327745E-003  0.327745E-003  0.124503E-003
  0.532819E+000  0.943369E-001  0.752598E-003  0.320303E-003  0.320303E-003  0.136320E-003
  0.534397E+000  0.104212E+000  0.662604E-003  0.312513E-003  0.312513E-003  0.147395E-003
  0.536113E+000  0.114063E+000  0.586948E-003  0.304100E-003  0.304100E-003  0.157555E-003
  0.537963E+000  0.123891E+000  0.522527E-003  0.295259E-003  0.295259E-003  0.166839E-003
  0.539940E+000  0.133693E+000  0.467047E-003  0.286085E-003  0.286085E-003  0.175239E-003
  0.542040E+000  0.143470E+000  0.418675E-003  0.276600E-003  0.276600E-003  0.182737E-003
  0.544258E+000  0.153221E+000  0.376403E-003  0.267056E-003  0.267056E-003  0.189475E-003
  0.546590E+000  0.162945E+000  0.338854E-003  0.257252E-003  0.257252E-003  0.195301E-003
  0.549030E+000  0.172643E+000  0.305634E-003  0.247504E-003  0.247504E-003  0.200430E-003
  0.551575E+000  0.182314E+000  0.275782E-003  0.237593E-003  0.237593E-003  0.204691E-003
  0.554218E+000  0.191958E+000  0.249069E-003  0.227755E-003  0.227755E-003  0.208264E-003
  0.556957E+000  0.201576E+000  0.224977E-003  0.217937E-003  0.217937E-003  0.211117E-003
  0.559787E+000  0.211167E+000  0.203278E-003  0.208264E-003  0.208264E-003  0.213372E-003
  0.562703E+000  0.220733E+000  0.183603E-003  0.198668E-003  0.198668E-003  0.214969E-003
  0.565702E+000  0.230272E+000  0.165807E-003  0.189270E-003  0.189270E-003  0.216052E-003
  0.568781E+000  0.239786E+000  0.149590E-003  0.179977E-003  0.179977E-003  0.216535E-003
  0.571936E+000  0.249276E+000  0.134889E-003  0.170928E-003  0.170928E-003  0.216596E-003
  0.575163E+000  0.258741E+000  0.121514E-003  0.162090E-003  0.162090E-003  0.216215E-003
  0.578459E+000  0.268182E+000  0.109324E-003  0.153459E-003  0.153459E-003  0.215408E-003
  0.581821E+000  0.277600E+000  0.982276E-004  0.145069E-003  0.145069E-003  0.214246E-003
  0.585247E+000  0.286995E+000  0.881164E-004  0.136921E-003  0.136921E-003  0.212755E-003
  0.588733E+000  0.296367E+000  0.789099E-004  0.129029E-003  0.129029E-003  0.210980E-003
  0.592278E+000  0.305718E+000  0.705287E-004  0.121401E-003  0.121401E-003  0.208964E-003
  0.595878E+000  0.315048E+000  0.628857E-004  0.114006E-003  0.114006E-003  0.206680E-003
  0.599531E+000  0.324356E+000  0.559377E-004  0.106882E-003  0.106882E-003  0.204218E-003
  0.603235E+000  0.333645E+000  0.496087E-004  0.999917E-004  0.999917E-004  0.201541E-003
  0.606988E+000  0.342914E+000  0.438627E-004  0.933652E-004  0.933652E-004  0.198731E-003
  0.610788E+000  0.352164E+000  0.386472E-004  0.869879E-004  0.869879E-004  0.195790E-003
  0.614633E+000  0.361395E+000  0.339193E-004  0.808559E-004  0.808559E-004  0.192737E-003
  0.618521E+000  0.370608E+000  0.296397E-004  0.749634E-004  0.749634E-004  0.189588E-003
  0.622451E+000  0.379804E+000  0.257733E-004  0.693064E-004  0.693064E-004  0.186364E-003
  0.626420E+000  0.388982E+000  0.222879E-004  0.638789E-004  0.638789E-004  0.183075E-003
  0.630428E+000  0.398144E+000  0.191529E-004  0.586738E-004  0.586738E-004  0.179736E-003
  0.634472E+000  0.407290E+000  0.163461E-004  0.536988E-004  0.536988E-004  0.176398E-003
  0.638552E+000  0.416420E+000  0.138332E-004  0.489194E-004  0.489194E-004  0.172987E-003
  0.642666E+000  0.425534E+000  0.115961E-004  0.443421E-004  0.443421E-004  0.169547E-003
  0.646813E+000  0.434634E+000  0.961627E-005  0.399710E-004  0.399710E-004  0.166128E-003
  0.650991E+000  0.443719E+000  0.787287E-005  0.357937E-004  0.357937E-004  0.162716E-003
  0.655199E+000  0.452791E+000  0.634673E-005  0.317981E-004  0.317981E-004  0.159291E-003
  0.659436E+000  0.461849E+000  0.502377E-005  0.279900E-004  0.279900E-004  0.155918E-003
  0.663702E+000  0.470893E+000  0.388556E-005  0.243466E-004  0.243466E-004  0.152518E-003
  0.667994E+000  0.479925E+000  0.292076E-005  0.208761E-004  0.208761E-004  0.149164E-003
  0.672313E+000  0.488945E+000  0.211517E-005  0.175671E-004  0.175671E-004  0.145835E-003
  0.676656E+000  0.497952E+000  0.145712E-005  0.144166E-004  0.144166E-004  0.142544E-003
  0.681024E+000  0.506948E+000  0.934956E-006  0.114177E-004  0.114177E-004  0.139288E-003
  0.685414E+000  0.515932E+000  0.538315E-006  0.856633E-005  0.856633E-005  0.136070E-003
  0.689827E+000  0.524906E+000  0.257157E-006  0.585737E-005  0.585737E-005  0.132901E-003
  0.694262E+000  0.533869E+000  0.821640E-007  0.328514E-005  0.328514E-005  0.129752E-003
  0.698717E+000  0.542822E+000  0.464633E-008  0.847682E-006  0.847682E-006  0.126666E-003
  0.703192E+000  0.551765E+000  0.162039E-007  0.146019E-005  0.146019E-005  0.123627E-003
  0.707686E+000  0.560698E+000  0.108892E-006  0.364190E-005  0.364190E-005  0.120630E-003
  0.712199E+000  0.569622E+000  0.275068E-006  0.570014E-005  0.570014E-005  0.117661E-003
  0.716729E+000  0.578537E+000  0.507391E-006  0.763903E-005  0.763903E-005  0.114762E-003
  0.721276E+000  0.587443E+000  0.798670E-006  0.946039E-005  0.946039E-005  0.111904E-003
  0.725840E+000  0.596341E+000  0.114197E-005  0.111671E-004  0.111671E-004  0.109094E-003
  0.730419E+000  0.605231E+000  0.153035E-005  0.127615E-004  0.127615E-004  0.106338E-003
  0.735013E+000  0.614114E+000  0.195690E-005  0.142446E-004  0.142446E-004  0.103627E-003
  0.739621E+000  0.622989E+000  0.241483E-005  0.156188E-004  0.156188E-004  0.100970E-003
  0.744242E+000  0.631856E+000  0.289720E-005  0.168851E-004  0.168851E-004  0.983663E-004
  0.748877E+000  0.640718E+000  0.339712E-005  0.180446E-004  0.180446E-004  0.958133E-004
  0.753524E+000  0.649572E+000  0.390720E-005  0.190972E-004  0.190972E-004  0.933115E-004
  0.758183E+000  0.658421E+000  0.442040E-005  0.200446E-004  0.200446E-004  0.908676E-004
  0.762852E+000  0.667264E+000  0.492818E-005  0.208831E-004  0.208831E-004  0.884683E-004
  0.767532E+000  0.676101E+000  0.542337E-005  0.216151E-004  0.216151E-004  0.861269E-004
  0.772222E+000  0.684933E+000  0.589821E-005  0.222417E-004  0.222417E-004  0.838524E-004
  0.776920E+000  0.693761E+000  0.634205E-005  0.227541E-004  0.227541E-004  0.816200E-004
  0.781627E+000  0.702584E+000  0.674734E-005  0.231559E-004  0.231559E-004  0.794514E-004
  0.786341E+000  0.711403E+000  0.710541E-005  0.234473E-004  0.234473E-004  0.773584E-004
  0.791063E+000  0.720218E+000  0.740307E-005  0.236135E-004  0.236135E-004  0.753051E-004
  0.795790E+000  0.729030E+000  0.763325E-005  0.236615E-004  0.236615E-004  0.733314E-004
  0.800523E+000  0.737839E+000  0.778516E-005  0.235846E-004  0.235846E-004  0.714343E-004
  0.805260E+000  0.746646E+000  0.784732E-005  0.233743E-004  0.233743E-004  0.696098E-004
  0.810000E+000  0.755451E+000  0.780893E-005  0.230220E-004  0.230220E-004  0.678592E-004
  0.814742E+000  0.764255E+000  0.766134E-005  0.225227E-004  0.225227E-004  0.661983E-004
  0.819486E+000  0.773058E+000  0.739555E-005  0.218652E-004  0.218652E-004  0.646308E-004
  0.824230E+000  0.781861E+000  0.700508E-005  0.210381E-004  0.210381E-004  0.631680E-004
  0.828973E+000  0.790665E+000  0.648631E-005  0.200274E-004  0.200274E-004  0.618214E-004
  0.833712E+000  0.799471E+000  0.583965E-005  0.188144E-004  0.188144E-004  0.605991E-004
  0.838448E+000  0.808278E+000  0.507117E-005  0.173741E-004  0.173741E-004  0.595042E-004
  0.843177E+000  0.817090E+000  0.419907E-005  0.156851E-004  0.156851E-004  0.585657E-004
  0.847897E+000  0.825905E+000  0.325321E-005  0.137171E-004  0.137171E-004  0.578060E-004
  0.852607E+000  0.834727E+000  0.228040E-005  0.114299E-004  0.114299E-004  0.572431E-004
  0.857304E+000  0.843555E+000  0.135174E-005  0.877532E-005  0.877532E-005  0.568894E-004
  0.861984E+000  0.852392E+000  0.570683E-006  0.570267E-005  0.570267E-005  0.567927E-004
  0.866645E+000  0.861240E+000  0.787366E-007  0.214491E-005  0.214491E-005  0.569801E-004
  0.871283E+000  0.870099E+000  0.656025E-007  0.197286E-005  0.197286E-005  0.574949E-004
  0.875893E+000  0.878973E+000  0.774501E-006  0.673281E-005  0.673281E-005  0.583630E-004
  0.880474E+000  0.887862E+000  0.250428E-005  0.122264E-004  0.122264E-004  0.596359E-004
  0.885019E+000  0.896769E+000  0.559619E-005  0.185313E-004  0.185313E-004  0.613377E-004
  0.889527E+000  0.905696E+000  0.104146E-004  0.257229E-004  0.257229E-004  0.635167E-004
  0.893994E+000  0.914643E+000  0.172928E-004  0.338342E-004  0.338342E-004  0.661874E-004
  0.898420E+000  0.923610E+000  0.264612E-004  0.428311E-004  0.428311E-004  0.693200E-004
  0.902804E+000  0.932598E+000  0.379765E-004  0.526188E-004  0.526188E-004  0.729004E-004
  0.907149E+000  0.941604E+000  0.516406E-004  0.630004E-004  0.630004E-004  0.768542E-004
  0.911460E+000  0.950627E+000  0.669785E-004  0.736975E-004  0.736975E-004  0.810864E-004
  0.915744E+000  0.959663E+000  0.832647E-004  0.843650E-004  0.843650E-004  0.854764E-004
  0.920010E+000  0.968708E+000  0.996115E-004  0.946247E-004  0.946247E-004  0.898845E-004
  0.924267E+000  0.977756E+000  0.115124E-003  0.104135E-003  0.104135E-003  0.941926E-004
  0.928526E+000  0.986804E+000  0.129033E-003  0.112626E-003  0.112626E-003  0.983028E-004
  0.932796E+000  0.995847E+000  0.140706E-003  0.119858E-003  0.119858E-003  0.102097E-003
  0.937086E+000  0.100488E+001  0.149802E-003  0.125728E-003  0.125728E-003  0.105521E-003
  0.941405E+000  0.101390E+001  0.156209E-003  0.130215E-003  0.130215E-003  0.108544E-003
  0.945760E+000  0.102290E+001  0.159885E-003  0.133263E-003  0.133263E-003  0.111072E-003
  0.950155E+000  0.103188E+001  0.161112E-003  0.135026E-003  0.135026E-003  0.113162E-003
  0.954596E+000  0.104084E+001  0.160003E-003  0.135470E-003  0.135470E-003  0.114697E-003
  0.959086E+000  0.104978E+001  0.156876E-003  0.134715E-003  0.134715E-003  0.115682E-003
  0.963627E+000  0.105869E+001  0.152136E-003  0.132949E-003  0.132949E-003  0.116180E-003
  0.968220E+000  0.106757E+001  0.146047E-003  0.130251E-003  0.130251E-003  0.116161E-003
  0.972867E+000  0.107643E+001  0.139150E-003  0.126962E-003  0.126962E-003  0.115839E-003
  0.977568E+000  0.108525E+001  0.131052E-003  0.122594E-003  0.122594E-003  0.114680E-003
  0.982322E+000  0.109405E+001  0.122538E-003  0.117751E-003  0.117751E-003  0.113149E-003
  0.987130E+000  0.110282E+001  0.113850E-003  0.112577E-003  0.112577E-003  0.111316E-003
  0.991991E+000  0.111156E+001  0.104954E-003  0.106963E-003  0.106963E-003  0.109008E-003
  0.996904E+000  0.112027E+001  0.959701E-004  0.100960E-003  0.100960E-003  0.106207E-003
  0.100187E+001  0.112895E+001  0.870279E-004  0.946437E-004  0.946437E-004  0.102924E-003
  0.100688E+001  0.113760E+001  0.785233E-004  0.884017E-004  0.884017E-004  0.995206E-004
  0.101194E+001  0.114622E+001  0.703221E-004  0.820758E-004  0.820758E-004  0.957917E-004
  0.101705E+001  0.115482E+001  0.625763E-004  0.758306E-004  0.758306E-004  0.918898E-004
  0.102221E+001  0.116339E+001  0.556612E-004  0.701419E-004  0.701419E-004  0.883870E-004
  0.102740E+001  0.117193E+001  0.485669E-004  0.637386E-004  0.637386E-004  0.836468E-004
  0.103264E+001  0.118045E+001  0.425028E-004  0.581936E-004  0.581936E-004  0.796735E-004
  0.103793E+001  0.118894E+001  0.368791E-004  0.527768E-004  0.527768E-004  0.755239E-004
  0.104325E+001  0.119741E+001  0.315293E-004  0.472474E-004  0.472474E-004  0.707970E-004
  0.104861E+001  0.120585E+001  0.270397E-004  0.425162E-004  0.425162E-004  0.668459E-004
  0.105400E+001  0.121427E+001  0.228254E-004  0.377371E-004  0.377371E-004  0.623846E-004
  0.105943E+001  0.122267E+001  0.192720E-004  0.335793E-004  0.335793E-004  0.585016E-004
  0.106490E+001  0.123104E+001  0.162490E-004  0.299095E-004  0.299095E-004  0.550464E-004
  0.107039E+001  0.123940E+001  0.133938E-004  0.261029E-004  0.261029E-004  0.508618E-004
  0.107592E+001  0.124773E+001  0.111265E-004  0.230125E-004  0.230125E-004  0.475836E-004
  0.108147E+001  0.125605E+001  0.912663E-005  0.200693E-004  0.200693E-004  0.441173E-004
  0.108705E+001  0.126434E+001  0.748918E-005  0.175333E-004  0.175333E-004  0.410292E-004
  0.109266E+001  0.127262E+001  0.616614E-005  0.153728E-004  0.153728E-004  0.383017E-004
  0.109829E+001  0.128089E+001  0.512804E-005  0.135897E-004  0.135897E-004  0.359826E-004
  0.110395E+001  0.128913E+001  0.430368E-005  0.120636E-004  0.120636E-004  0.337740E-004
  0.110963E+001  0.129737E+001  0.370694E-005  0.108790E-004  0.108790E-004  0.318732E-004
  0.111532E+001  0.130559E+001  0.337538E-005  0.101845E-004  0.101845E-004  0.306588E-004
  0.112104E+001  0.131379E+001  0.330250E-005  0.994778E-005  0.994778E-005  0.298753E-004
  0.112677E+001  0.132199E+001  0.362696E-005  0.104343E-004  0.104343E-004  0.299113E-004
  0.113251E+001  0.133018E+001  0.474833E-005  0.122763E-004  0.122763E-004  0.316214E-004
  0.113825E+001  0.133836E+001  0.791103E-005  0.170516E-004  0.170516E-004  0.366362E-004
  0.114398E+001  0.134656E+001  0.185558E-004  0.307748E-004  0.307748E-004  0.509369E-004
  0.114959E+001  0.135484E+001  0.655609E-004  0.797975E-004  0.797975E-004  0.970538E-004
  0.115480E+001  0.136337E+001  0.187233E-003  0.184715E-003  0.184715E-003  0.182203E-003
  0.115961E+001  0.137214E+001  0.247510E-003  0.231187E-003  0.231187E-003  0.215930E-003
  0.116428E+001  0.138098E+001  0.258068E-003  0.240947E-003  0.240947E-003  0.224957E-003
  0.116890E+001  0.138985E+001  0.255979E-003  0.242859E-003  0.242859E-003  0.230408E-003
  0.117348E+001  0.139874E+001  0.250855E-003  0.243417E-003  0.243417E-003  0.236197E-003
  0.117804E+001  0.140764E+001  0.244400E-003  0.243325E-003  0.243325E-003  0.242253E-003
  0.118257E+001  0.141655E+001  0.236466E-003  0.241964E-003  0.241964E-003  0.247588E-003
  0.118708E+001  0.142548E+001  0.228396E-003  0.240455E-003  0.240455E-003  0.253150E-003
  0.119157E+001  0.143442E+001  0.220372E-003  0.238876E-003  0.238876E-003  0.258933E-003
  0.119604E+001  0.144336E+001  0.214808E-003  0.239861E-003  0.239861E-003  0.267834E-003
  0.120048E+001  0.145232E+001  0.203873E-003  0.234584E-003  0.234584E-003  0.269920E-003
  0.120490E+001  0.146129E+001  0.196338E-003  0.232866E-003  0.232866E-003  0.276190E-003
  0.120930E+001  0.147027E+001  0.188320E-003  0.230293E-003  0.230293E-003  0.281620E-003
  0.121368E+001  0.147926E+001  0.179738E-003  0.226679E-003  0.226679E-003  0.285879E-003
  0.121804E+001  0.148826E+001  0.174691E-003  0.227265E-003  0.227265E-003  0.295661E-003
  0.122237E+001  0.149728E+001  0.164236E-003  0.220440E-003  0.220440E-003  0.295876E-003
  0.122668E+001  0.150630E+001  0.157691E-003  0.218418E-003  0.218418E-003  0.302530E-003
  0.123096E+001  0.151533E+001  0.149297E-003  0.213435E-003  0.213435E-003  0.305125E-003
  0.123522E+001  0.152438E+001  0.142625E-003  0.210500E-003  0.210500E-003  0.310675E-003
  0.123946E+001  0.153344E+001  0.135430E-003  0.206407E-003  0.206407E-003  0.314582E-003
  0.124368E+001  0.154251E+001  0.128367E-003  0.202089E-003  0.202089E-003  0.318147E-003
  0.124787E+001  0.155159E+001  0.121530E-003  0.197672E-003  0.197672E-003  0.321517E-003
  0.125203E+001  0.156068E+001  0.116590E-003  0.195975E-003  0.195975E-003  0.329409E-003
  0.125618E+001  0.156978E+001  0.109142E-003  0.189665E-003  0.189665E-003  0.329592E-003
  0.126030E+001  0.157889E+001  0.104228E-003  0.187306E-003  0.187306E-003  0.336603E-003
  0.126439E+001  0.158801E+001  0.972032E-004  0.180698E-003  0.180698E-003  0.335910E-003
  0.126846E+001  0.159715E+001  0.911646E-004  0.175379E-003  0.175379E-003  0.337386E-003
  0.127251E+001  0.160629E+001  0.878164E-004  0.174901E-003  0.174901E-003  0.348343E-003
  0.127653E+001  0.161545E+001  0.809841E-004  0.167049E-003  0.167049E-003  0.344574E-003
  0.128052E+001  0.162462E+001  0.766557E-004  0.163827E-003  0.163827E-003  0.350124E-003
  0.128450E+001  0.163379E+001  0.713703E-004  0.158131E-003  0.158131E-003  0.350358E-003
  0.128845E+001  0.164298E+001  0.666309E-004  0.153120E-003  0.153120E-003  0.351873E-003
  0.129237E+001  0.165218E+001  0.617336E-004  0.147213E-003  0.147213E-003  0.351050E-003
  0.129627E+001  0.166139E+001  0.579453E-004  0.143476E-003  0.143476E-003  0.355253E-003
  0.130015E+001  0.167060E+001  0.534313E-004  0.137461E-003  0.137461E-003  0.353637E-003
  0.130400E+001  0.167983E+001  0.498244E-004  0.133262E-003  0.133262E-003  0.356424E-003
  0.130783E+001  0.168907E+001  0.464907E-004  0.129370E-003  0.129370E-003  0.359996E-003
  0.131164E+001  0.169831E+001  0.424378E-004  0.122962E-003  0.122962E-003  0.356271E-003
  0.131543E+001  0.170757E+001  0.398266E-004  0.120256E-003  0.120256E-003  0.363106E-003
  0.131919E+001  0.171684E+001  0.361501E-004  0.113842E-003  0.113842E-003  0.358502E-003
  0.132293E+001  0.172611E+001  0.337693E-004  0.111019E-003  0.111019E-003  0.364976E-003
  0.132664E+001  0.173540E+001  0.304954E-004  0.104758E-003  0.104758E-003  0.359860E-003
  0.133034E+001  0.174469E+001  0.279659E-004  0.100507E-003  0.100507E-003  0.361204E-003
  0.133401E+001  0.175399E+001  0.253144E-004  0.952817E-004  0.952817E-004  0.358628E-003
  0.133766E+001  0.176330E+001  0.229630E-004  0.906372E-004  0.906372E-004  0.357747E-003
  0.134129E+001  0.177262E+001  0.207937E-004  0.861881E-004  0.861881E-004  0.357234E-003
  0.134490E+001  0.178194E+001  0.190009E-004  0.828287E-004  0.828287E-004  0.361058E-003
  0.134849E+001  0.179128E+001  0.170538E-004  0.783119E-004  0.783119E-004  0.359604E-003
  0.135205E+001  0.180062E+001  0.152578E-004  0.739278E-004  0.739278E-004  0.358189E-003
  0.135560E+001  0.180997E+001  0.135327E-004  0.693292E-004  0.693292E-004  0.355171E-003
  0.135913E+001  0.181933E+001  0.120138E-004  0.652169E-004  0.652169E-004  0.354019E-003
  0.136264E+001  0.182869E+001  0.106041E-004  0.611399E-004  0.611399E-004  0.352500E-003
  0.136613E+001  0.183806E+001  0.931824E-005  0.572119E-004  0.572119E-004  0.351254E-003
  0.136960E+001  0.184744E+001  0.818431E-005  0.536659E-004  0.536659E-004  0.351880E-003
  0.137306E+001  0.185682E+001  0.717252E-005  0.504024E-004  0.504024E-004  0.354168E-003
  0.137649E+001  0.186621E+001  0.609258E-005  0.460417E-004  0.460417E-004  0.347917E-003
  0.137991E+001  0.187561E+001  0.520798E-005  0.425104E-004  0.425104E-004  0.346969E-003
  0.138332E+001  0.188501E+001  0.450886E-005  0.399534E-004  0.399534E-004  0.354004E-003
  0.138670E+001  0.189442E+001  0.366037E-005  0.353980E-004  0.353980E-004  0.342289E-003
  0.139007E+001  0.190384E+001  0.303545E-005  0.322536E-004  0.322536E-004  0.342678E-003
  0.139343E+001  0.191326E+001  0.245445E-005  0.288868E-004  0.288868E-004  0.339928E-003
  0.139677E+001  0.192268E+001  0.197608E-005  0.260015E-004  0.260015E-004  0.342077E-003
  0.140009E+001  0.193212E+001  0.152989E-005  0.227660E-004  0.227660E-004  0.338708E-003
  0.140340E+001  0.194155E+001  0.114689E-005  0.195900E-004  0.195900E-004  0.334525E-003
  0.140670E+001  0.195099E+001  0.827372E-006  0.165377E-004  0.165377E-004  0.330440E-003
  0.140998E+001  0.196044E+001  0.581612E-006  0.139551E-004  0.139551E-004  0.334664E-003
  0.141325E+001  0.196989E+001  0.374919E-006  0.112050E-004  0.112050E-004  0.334614E-003
  0.141651E+001  0.197934E+001  0.209562E-006  0.825919E-005  0.825919E-005  0.325060E-003
  0.141976E+001  0.198880E+001  0.978358E-007  0.561883E-005  0.561883E-005  0.321763E-003
  0.142299E+001  0.199826E+001  0.296911E-007  0.309871E-005  0.309871E-005  0.320384E-003
  0.142622E+001  0.200773E+001  0.987176E-009  0.635416E-006  0.635416E-006  0.319983E-003
  0.142943E+001  0.201720E+001  0.942202E-008  0.174643E-005  0.174643E-005  0.314686E-003
  0.143263E+001  0.202667E+001  0.521317E-007  0.404288E-005  0.404288E-005  0.311940E-003
  0.143582E+001  0.203615E+001  0.126748E-006  0.627269E-005  0.627269E-005  0.309793E-003
  0.143900E+001  0.204563E+001  0.232416E-006  0.848731E-005  0.848731E-005  0.309595E-003
  0.144218E+001  0.205511E+001  0.370581E-006  0.107542E-004  0.107542E-004  0.311869E-003
  0.144534E+001  0.206460E+001  0.516814E-006  0.124861E-004  0.124861E-004  0.301515E-003
  0.144849E+001  0.207409E+001  0.710687E-006  0.147426E-004  0.147426E-004  0.305715E-003
  0.145164E+001  0.208358E+001  0.895421E-006  0.163021E-004  0.163021E-004  0.296715E-003
  0.145478E+001  0.209308E+001  0.111765E-005  0.181632E-004  0.181632E-004  0.295113E-003
  0.145791E+001  0.210257E+001  0.135116E-005  0.198617E-004  0.198617E-004  0.291912E-003
  0.146104E+001  0.211207E+001  0.161174E-005  0.216536E-004  0.216536E-004  0.290873E-003
  0.146416E+001  0.212157E+001  0.191542E-005  0.237267E-004  0.237267E-004  0.293873E-003
  0.146727E+001  0.213108E+001  0.214305E-005  0.246566E-004  0.246566E-004  0.283654E-003
  0.147037E+001  0.214058E+001  0.243614E-005  0.261957E-004  0.261957E-004  0.281655E-003
  0.147347E+001  0.215009E+001  0.274746E-005  0.277536E-004  0.277536E-004  0.280332E-003
  0.147657E+001  0.215960E+001  0.303422E-005  0.289228E-004  0.289228E-004  0.275678E-003
  0.147966E+001  0.216911E+001  0.335332E-005  0.302869E-004  0.302869E-004  0.273531E-003
  0.148274E+001  0.217862E+001  0.366793E-005  0.315035E-004  0.315035E-004  0.270565E-003
  0.148582E+001  0.218814E+001  0.406067E-005  0.332679E-004  0.332679E-004  0.272540E-003
  0.148890E+001  0.219765E+001  0.430257E-005  0.337165E-004  0.337165E-004  0.264202E-003
  0.149197E+001  0.220717E+001  0.468622E-005  0.352176E-004  0.352176E-004  0.264654E-003
  0.149504E+001  0.221668E+001  0.496158E-005  0.358388E-004  0.358388E-004  0.258862E-003
  0.149811E+001  0.222620E+001  0.534396E-005  0.371774E-004  0.371774E-004  0.258630E-003
  0.150117E+001  0.223572E+001  0.562517E-005  0.377654E-004  0.377654E-004  0.253535E-003
  0.150423E+001  0.224524E+001  0.595782E-005  0.386660E-004  0.386660E-004  0.250933E-003
  0.150729E+001  0.225476E+001  0.631442E-005  0.396772E-004  0.396772E-004  0.249307E-003
  0.151034E+001  0.226428E+001  0.668077E-005  0.407074E-004  0.407074E-004  0.248032E-003
  0.151340E+001  0.227381E+001  0.694820E-005  0.411054E-004  0.411054E-004  0.243172E-003
  0.151645E+001  0.228333E+001  0.727291E-005  0.418309E-004  0.418309E-004  0.240589E-003
  0.151950E+001  0.229285E+001  0.759271E-005  0.425062E-004  0.425062E-004  0.237956E-003
  0.152255E+001  0.230238E+001  0.793163E-005  0.432668E-004  0.432668E-004  0.236014E-003
  0.152560E+001  0.231190E+001  0.823838E-005  0.438341E-004  0.438341E-004  0.233224E-003
  0.152865E+001  0.232143E+001  0.856297E-005  0.444821E-004  0.444821E-004  0.231067E-003
  0.153169E+001  0.233095E+001  0.897427E-005  0.455587E-004  0.455587E-004  0.231279E-003
  0.153474E+001  0.234047E+001  0.915151E-005  0.454369E-004  0.454369E-004  0.225588E-003
  0.153779E+001  0.235000E+001  0.950724E-005  0.462018E-004  0.462018E-004  0.224520E-003
  0.154083E+001  0.235952E+001  0.978579E-005  0.465847E-004  0.465847E-004  0.221760E-003
  0.154388E+001  0.236905E+001  0.100247E-004  0.467779E-004  0.467779E-004  0.218274E-003
  0.154693E+001  0.237857E+001  0.104194E-004  0.476895E-004  0.476895E-004  0.218271E-003
  0.154997E+001  0.238810E+001  0.109644E-004  0.492582E-004  0.492582E-004  0.221293E-003
  0.155302E+001  0.239762E+001  0.109476E-004  0.483018E-004  0.483018E-004  0.213110E-003
  0.155607E+001  0.240714E+001  0.111201E-004  0.482118E-004  0.482118E-004  0.209023E-003
  0.155912E+001  0.241667E+001  0.115148E-004  0.490841E-004  0.490841E-004  0.209228E-003
  0.156217E+001  0.242619E+001  0.118233E-004  0.495777E-004  0.495777E-004  0.207887E-003
  0.156523E+001  0.243571E+001  0.120044E-004  0.495385E-004  0.495385E-004  0.204429E-003
  0.156828E+001  0.244524E+001  0.122235E-004  0.496689E-004  0.496689E-004  0.201822E-003
  0.157134E+001  0.245476E+001  0.123362E-004  0.493778E-004  0.493778E-004  0.197641E-003
  0.157440E+001  0.246428E+001  0.127051E-004  0.501163E-004  0.501163E-004  0.197686E-003
  0.157746E+001  0.247380E+001  0.129629E-004  0.504121E-004  0.504121E-004  0.196047E-003
  0.158052E+001  0.248332E+001  0.130331E-004  0.499897E-004  0.499897E-004  0.191739E-003
  0.158358E+001  0.249284E+001  0.132401E-004  0.501068E-004  0.501068E-004  0.189625E-003
  0.158665E+001  0.250236E+001  0.133980E-004  0.500441E-004  0.500441E-004  0.186923E-003
  0.158972E+001  0.251187E+001  0.139029E-004  0.512722E-004  0.512722E-004  0.189084E-003
  0.159279E+001  0.252139E+001  0.138663E-004  0.505068E-004  0.505068E-004  0.183965E-003
  0.159586E+001  0.253091E+001  0.140079E-004  0.504097E-004  0.504097E-004  0.181406E-003
  0.159894E+001  0.254042E+001  0.142385E-004  0.506380E-004  0.506380E-004  0.180088E-003
  0.160202E+001  0.254994E+001  0.143327E-004  0.503902E-004  0.503902E-004  0.177157E-003
  0.160510E+001  0.255945E+001  0.144552E-004  0.502540E-004  0.502540E-004  0.174708E-003
  0.160818E+001  0.256896E+001  0.147843E-004  0.508391E-004  0.508391E-004  0.174821E-003
  0.161127E+001  0.257847E+001  0.147799E-004  0.502835E-004  0.502835E-004  0.171071E-003
  0.161436E+001  0.258798E+001  0.149993E-004  0.505001E-004  0.505001E-004  0.170024E-003
  0.161746E+001  0.259749E+001  0.151204E-004  0.503905E-004  0.503905E-004  0.167931E-003
  0.162056E+001  0.260700E+001  0.153860E-004  0.507673E-004  0.507673E-004  0.167509E-003
  0.162366E+001  0.261651E+001  0.153307E-004  0.500949E-004  0.500949E-004  0.163689E-003
  0.162676E+001  0.262601E+001  0.154444E-004  0.499888E-004  0.499888E-004  0.161798E-003
  0.162987E+001  0.263552E+001  0.155646E-004  0.499111E-004  0.499111E-004  0.160049E-003
  0.163298E+001  0.264502E+001  0.157199E-004  0.499524E-004  0.499524E-004  0.158730E-003
  0.163610E+001  0.265452E+001  0.158726E-004  0.499898E-004  0.499898E-004  0.157439E-003
  0.163922E+001  0.266402E+001  0.160735E-004  0.501832E-004  0.501832E-004  0.156676E-003
  0.164234E+001  0.267352E+001  0.159537E-004  0.493866E-004  0.493866E-004  0.152881E-003
  0.164547E+001  0.268302E+001  0.161879E-004  0.496943E-004  0.496943E-004  0.152553E-003
  0.164860E+001  0.269252E+001  0.161517E-004  0.491793E-004  0.491793E-004  0.149742E-003
  0.165173E+001  0.270201E+001  0.162399E-004  0.490539E-004  0.490539E-004  0.148170E-003
  0.165487E+001  0.271151E+001  0.163512E-004  0.490038E-004  0.490038E-004  0.146862E-003
  0.165801E+001  0.272100E+001  0.165921E-004  0.493453E-004  0.493453E-004  0.146753E-003
  0.166116E+001  0.273049E+001  0.164223E-004  0.484733E-004  0.484733E-004  0.143077E-003
  0.166431E+001  0.273998E+001  0.165080E-004  0.483677E-004  0.483677E-004  0.141715E-003
  0.166747E+001  0.274947E+001  0.166907E-004  0.485497E-004  0.485497E-004  0.141220E-003
  0.167063E+001  0.275896E+001  0.167208E-004  0.482928E-004  0.482928E-004  0.139478E-003
  0.167379E+001  0.276845E+001  0.167148E-004  0.479407E-004  0.479407E-004  0.137501E-003
  0.167696E+001  0.277793E+001  0.167251E-004  0.476434E-004  0.476434E-004  0.135717E-003
  0.168013E+001  0.278742E+001  0.168814E-004  0.477676E-004  0.477676E-004  0.135162E-003
  0.168331E+001  0.279690E+001  0.167847E-004  0.471821E-004  0.471821E-004  0.132629E-003
  0.168649E+001  0.280638E+001  0.168093E-004  0.469472E-004  0.469472E-004  0.131120E-003
  0.168968E+001  0.281586E+001  0.170909E-004  0.474316E-004  0.474316E-004  0.131634E-003
  0.169287E+001  0.282534E+001  0.170317E-004  0.469741E-004  0.469741E-004  0.129556E-003
  0.169606E+001  0.283481E+001  0.169051E-004  0.463414E-004  0.463414E-004  0.127033E-003
  0.169926E+001  0.284429E+001  0.169134E-004  0.460865E-004  0.460865E-004  0.125578E-003
  0.170246E+001  0.285376E+001  0.169988E-004  0.460473E-004  0.460473E-004  0.124735E-003
  0.170567E+001  0.286323E+001  0.169471E-004  0.456421E-004  0.456421E-004  0.122923E-003
  0.170888E+001  0.287270E+001  0.170156E-004  0.455667E-004  0.455667E-004  0.122024E-003
  0.171210E+001  0.288217E+001  0.169658E-004  0.451798E-004  0.451798E-004  0.120313E-003
  0.171532E+001  0.289164E+001  0.170413E-004  0.451323E-004  0.451323E-004  0.119528E-003
  0.171855E+001  0.290110E+001  0.171397E-004  0.451482E-004  0.451482E-004  0.118925E-003
  0.172178E+001  0.291057E+001  0.169725E-004  0.444709E-004  0.444709E-004  0.116521E-003
  0.172501E+001  0.292003E+001  0.172248E-004  0.448973E-004  0.448973E-004  0.117027E-003
  0.172825E+001  0.292949E+001  0.171972E-004  0.445960E-004  0.445960E-004  0.115646E-003
  0.173150E+001  0.293895E+001  0.169635E-004  0.437682E-004  0.437682E-004  0.112927E-003
  0.173475E+001  0.294840E+001  0.171929E-004  0.441402E-004  0.441402E-004  0.113323E-003
  0.173800E+001  0.295786E+001  0.169470E-004  0.432972E-004  0.432972E-004  0.110618E-003
  0.174126E+001  0.296731E+001  0.169439E-004  0.430817E-004  0.430817E-004  0.109540E-003
  0.174452E+001  0.297677E+001  0.171547E-004  0.434123E-004  0.434123E-004  0.109860E-003
  0.174779E+001  0.298622E+001  0.169219E-004  0.426244E-004  0.426244E-004  0.107366E-003
  0.175106E+001  0.299567E+001  0.171779E-004  0.430717E-004  0.430717E-004  0.107997E-003
  0.175434E+001  0.300511E+001  0.168241E-004  0.419949E-004  0.419949E-004  0.104824E-003
  0.175762E+001  0.301456E+001  0.169067E-004  0.420144E-004  0.420144E-004  0.104409E-003
  0.176091E+001  0.302401E+001  0.167939E-004  0.415522E-004  0.415522E-004  0.102810E-003
  0.176420E+001  0.303345E+001  0.167814E-004  0.413432E-004  0.413432E-004  0.101854E-003
  0.176750E+001  0.304289E+001  0.167799E-004  0.411649E-004  0.411649E-004  0.100986E-003
  0.177080E+001  0.305233E+001  0.166942E-004  0.407843E-004  0.407843E-004  0.996365E-004
  0.177410E+001  0.306177E+001  0.169266E-004  0.411831E-004  0.411831E-004  0.100199E-003
  0.177741E+001  0.307120E+001  0.166792E-004  0.404173E-004  0.404173E-004  0.979398E-004
  0.178073E+001  0.308064E+001  0.165526E-004  0.399510E-004  0.399510E-004  0.964245E-004
  0.178405E+001  0.309007E+001  0.165708E-004  0.398384E-004  0.398384E-004  0.957763E-004
  0.178737E+001  0.309950E+001  0.164887E-004  0.394884E-004  0.394884E-004  0.945693E-004
  0.179070E+001  0.310893E+001  0.164171E-004  0.391674E-004  0.391674E-004  0.934441E-004
  0.179403E+001  0.311836E+001  0.166515E-004  0.395780E-004  0.395780E-004  0.940706E-004
  0.179737E+001  0.312779E+001  0.165370E-004  0.391608E-004  0.391608E-004  0.927353E-004
  0.180072E+001  0.313721E+001  0.165720E-004  0.391007E-004  0.391007E-004  0.922556E-004
  0.180406E+001  0.314663E+001  0.162503E-004  0.382045E-004  0.382045E-004  0.898187E-004
  0.180741E+001  0.315606E+001  0.167641E-004  0.392735E-004  0.392735E-004  0.920059E-004
  0.181077E+001  0.316547E+001  0.161121E-004  0.376143E-004  0.376143E-004  0.878118E-004
  0.181413E+001  0.317489E+001  0.161076E-004  0.374748E-004  0.374748E-004  0.871859E-004
  0.181750E+001  0.318431E+001  0.160080E-004  0.371169E-004  0.371169E-004  0.860604E-004
  0.182087E+001  0.319372E+001  0.159889E-004  0.369489E-004  0.369489E-004  0.853850E-004
  0.182424E+001  0.320314E+001  0.162970E-004  0.375370E-004  0.375370E-004  0.864591E-004
  0.182762E+001  0.321255E+001  0.161276E-004  0.370263E-004  0.370263E-004  0.850059E-004
  0.183101E+001  0.322196E+001  0.157701E-004  0.360895E-004  0.360895E-004  0.825893E-004
  0.183440E+001  0.323137E+001  0.157186E-004  0.358578E-004  0.358578E-004  0.817999E-004
  0.183779E+001  0.324077E+001  0.156399E-004  0.355674E-004  0.355674E-004  0.808848E-004
  0.184119E+001  0.325018E+001  0.155768E-004  0.353150E-004  0.353150E-004  0.800639E-004
  0.184459E+001  0.325958E+001  0.155260E-004  0.350931E-004  0.350931E-004  0.793199E-004
  0.184800E+001  0.326898E+001  0.155167E-004  0.349670E-004  0.349670E-004  0.787983E-004
  0.185141E+001  0.327838E+001  0.153891E-004  0.345772E-004  0.345772E-004  0.776901E-004
  0.185483E+001  0.328778E+001  0.155243E-004  0.347794E-004  0.347794E-004  0.779165E-004
  0.185825E+001  0.329718E+001  0.153182E-004  0.342191E-004  0.342191E-004  0.764409E-004
  0.186167E+001  0.330657E+001  0.151805E-004  0.338153E-004  0.338153E-004  0.753250E-004
  0.186510E+001  0.331597E+001  0.151757E-004  0.337099E-004  0.337099E-004  0.748800E-004
  0.186854E+001  0.332536E+001  0.152478E-004  0.337764E-004  0.337764E-004  0.748201E-004
  0.187197E+001  0.333475E+001  0.151412E-004  0.334491E-004  0.334491E-004  0.738933E-004
  0.187542E+001  0.334414E+001  0.149812E-004  0.330063E-004  0.330063E-004  0.727186E-004
  0.187886E+001  0.335353E+001  0.151571E-004  0.333054E-004  0.333054E-004  0.731828E-004
  0.188232E+001  0.336291E+001  0.150244E-004  0.329268E-004  0.329268E-004  0.721606E-004
  0.188577E+001  0.337230E+001  0.147900E-004  0.323292E-004  0.323292E-004  0.706678E-004
  0.188923E+001  0.338168E+001  0.146813E-004  0.320097E-004  0.320097E-004  0.697904E-004
  0.189270E+001  0.339106E+001  0.146179E-004  0.317908E-004  0.317908E-004  0.691377E-004
  0.189617E+001  0.340044E+001  0.145892E-004  0.316492E-004  0.316492E-004  0.686582E-004
  0.189964E+001  0.340981E+001  0.144762E-004  0.313268E-004  0.313268E-004  0.677914E-004
  0.190312E+001  0.341919E+001  0.144651E-004  0.312265E-004  0.312265E-004  0.674100E-004
  0.190660E+001  0.342856E+001  0.143659E-004  0.309380E-004  0.309380E-004  0.666267E-004
  0.191008E+001  0.343794E+001  0.144299E-004  0.310020E-004  0.310020E-004  0.666065E-004
  0.191357E+001  0.344731E+001  0.143467E-004  0.307510E-004  0.307510E-004  0.659124E-004
  0.191707E+001  0.345668E+001  0.139958E-004  0.299294E-004  0.299294E-004  0.640024E-004
  0.192057E+001  0.346605E+001  0.139203E-004  0.296999E-004  0.296999E-004  0.633664E-004
  0.192407E+001  0.347541E+001  0.138404E-004  0.294626E-004  0.294626E-004  0.627182E-004
  0.192758E+001  0.348478E+001  0.137665E-004  0.292399E-004  0.292399E-004  0.621050E-004
  0.193109E+001  0.349414E+001  0.136861E-004  0.290050E-004  0.290050E-004  0.614701E-004
  0.193461E+001  0.350350E+001  0.139194E-004  0.294351E-004  0.294351E-004  0.622454E-004
  0.193812E+001  0.351286E+001  0.136761E-004  0.288583E-004  0.288583E-004  0.608947E-004
  0.194165E+001  0.352222E+001  0.134749E-004  0.283731E-004  0.283731E-004  0.597433E-004
  0.194518E+001  0.353158E+001  0.134381E-004  0.282362E-004  0.282362E-004  0.593298E-004
  0.194871E+001  0.354093E+001  0.133642E-004  0.280226E-004  0.280226E-004  0.587587E-004
  0.195224E+001  0.355029E+001  0.134838E-004  0.282152E-004  0.282152E-004  0.590412E-004
  0.195578E+001  0.355964E+001  0.133206E-004  0.278173E-004  0.278173E-004  0.580903E-004
  0.195933E+001  0.356899E+001  0.130715E-004  0.272421E-004  0.272421E-004  0.567747E-004
  0.196288E+001  0.357834E+001  0.130655E-004  0.271756E-004  0.271756E-004  0.565237E-004
  0.196643E+001  0.358769E+001  0.128865E-004  0.267507E-004  0.267507E-004  0.555309E-004
  0.196998E+001  0.359703E+001  0.129003E-004  0.267275E-004  0.267275E-004  0.553752E-004
  0.197354E+001  0.360638E+001  0.129743E-004  0.268294E-004  0.268294E-004  0.554799E-004
  0.197711E+001  0.361572E+001  0.126767E-004  0.261642E-004  0.261642E-004  0.540016E-004
  0.198068E+001  0.362506E+001  0.127591E-004  0.262849E-004  0.262849E-004  0.541491E-004
  0.198425E+001  0.363440E+001  0.125606E-004  0.258280E-004  0.258280E-004  0.531092E-004
  0.198782E+001  0.364374E+001  0.124822E-004  0.256199E-004  0.256199E-004  0.525849E-004
  0.199140E+001  0.365308E+001  0.124359E-004  0.254785E-004  0.254785E-004  0.522000E-004
  0.199499E+001  0.366242E+001  0.122500E-004  0.250528E-004  0.250528E-004  0.512356E-004
  0.199857E+001  0.367175E+001  0.123152E-004  0.251415E-004  0.251415E-004  0.513261E-004
  0.200217E+001  0.368108E+001  0.123403E-004  0.251484E-004  0.251484E-004  0.512501E-004
  0.200576E+001  0.369042E+001  0.120472E-004  0.245088E-004  0.245088E-004  0.498602E-004
  0.200936E+001  0.369975E+001  0.119257E-004  0.242200E-004  0.242200E-004  0.491882E-004
  0.201296E+001  0.370907E+001  0.118333E-004  0.239916E-004  0.239916E-004  0.486418E-004
  0.201657E+001  0.371840E+001  0.117889E-004  0.238613E-004  0.238613E-004  0.482966E-004
  0.202018E+001  0.372773E+001  0.116720E-004  0.235856E-004  0.235856E-004  0.476593E-004
  0.202379E+001  0.373705E+001  0.116057E-004  0.234132E-004  0.234132E-004  0.472334E-004
  0.202741E+001  0.374637E+001  0.115454E-004  0.232537E-004  0.232537E-004  0.468355E-004
  0.203103E+001  0.375570E+001  0.114636E-004  0.230520E-004  0.230520E-004  0.463548E-004
  0.203465E+001  0.376501E+001  0.114169E-004  0.229217E-004  0.229217E-004  0.460195E-004
  0.203828E+001  0.377433E+001  0.112956E-004  0.226425E-004  0.226425E-004  0.453875E-004
  0.204192E+001  0.378365E+001  0.113616E-004  0.227394E-004  0.227394E-004  0.455107E-004
  0.204555E+001  0.379297E+001  0.111477E-004  0.222768E-004  0.222768E-004  0.445165E-004
  0.204919E+001  0.380228E+001  0.110243E-004  0.219968E-004  0.219968E-004  0.438900E-004
  0.205283E+001  0.381159E+001  0.109625E-004  0.218406E-004  0.218406E-004  0.435129E-004
  0.205648E+001  0.382091E+001  0.108755E-004  0.216348E-004  0.216348E-004  0.430386E-004
  0.206013E+001  0.383022E+001  0.107928E-004  0.214386E-004  0.214386E-004  0.425854E-004
  0.206378E+001  0.383952E+001  0.107126E-004  0.212485E-004  0.212485E-004  0.421462E-004
  0.206744E+001  0.384883E+001  0.106314E-004  0.210569E-004  0.210569E-004  0.417057E-004
  0.207110E+001  0.385814E+001  0.105524E-004  0.208705E-004  0.208705E-004  0.412775E-004
  0.207476E+001  0.386744E+001  0.105298E-004  0.207964E-004  0.207964E-004  0.410728E-004
  0.207843E+001  0.387675E+001  0.104493E-004  0.206086E-004  0.206086E-004  0.406449E-004
  0.208210E+001  0.388605E+001  0.103704E-004  0.204245E-004  0.204245E-004  0.402261E-004
  0.208578E+001  0.389535E+001  0.102882E-004  0.202349E-004  0.202349E-004  0.397978E-004
  0.208945E+001  0.390465E+001  0.103104E-004  0.202510E-004  0.202510E-004  0.397756E-004
  0.209313E+001  0.391394E+001  0.101225E-004  0.198553E-004  0.198553E-004  0.389460E-004
  0.209682E+001  0.392324E+001  0.100096E-004  0.196077E-004  0.196077E-004  0.384090E-004
  0.210051E+001  0.393254E+001  0.994048E-005  0.194466E-004  0.194466E-004  0.380433E-004
  0.210420E+001  0.394183E+001  0.987687E-005  0.192970E-004  0.192970E-004  0.377015E-004
  0.210789E+001  0.395112E+001  0.976683E-005  0.190574E-004  0.190574E-004  0.371854E-004
  0.211159E+001  0.396041E+001  0.970905E-005  0.189204E-004  0.189204E-004  0.368709E-004
  0.211529E+001  0.396970E+001  0.961458E-005  0.187127E-004  0.187127E-004  0.364199E-004
  0.211899E+001  0.397899E+001  0.961380E-005  0.186877E-004  0.186877E-004  0.363259E-004
  0.212270E+001  0.398828E+001  0.948359E-005  0.184118E-004  0.184118E-004  0.357450E-004
  0.212641E+001  0.399757E+001  0.949625E-005  0.184137E-004  0.184137E-004  0.357049E-004
  0.213013E+001  0.400685E+001  0.937750E-005  0.181613E-004  0.181613E-004  0.351726E-004
  0.213384E+001  0.401613E+001  0.925336E-005  0.178993E-004  0.178993E-004  0.346237E-004
  0.213756E+001  0.402542E+001  0.932872E-005  0.180236E-004  0.180236E-004  0.348225E-004
  0.214129E+001  0.403470E+001  0.908811E-005  0.175380E-004  0.175380E-004  0.338441E-004
  0.214501E+001  0.404398E+001  0.916188E-005  0.176597E-004  0.176597E-004  0.340393E-004
  0.214874E+001  0.405326E+001  0.910854E-005  0.175366E-004  0.175366E-004  0.337628E-004
  0.215248E+001  0.406253E+001  0.895880E-005  0.172285E-004  0.172285E-004  0.331315E-004
  0.215621E+001  0.407181E+001  0.883575E-005  0.169726E-004  0.169726E-004  0.326024E-004
  0.215995E+001  0.408108E+001  0.870640E-005  0.167053E-004  0.167053E-004  0.320529E-004
  0.216369E+001  0.409036E+001  0.877307E-005  0.168145E-004  0.168145E-004  0.322265E-004
  0.216744E+001  0.409963E+001  0.856126E-005  0.163904E-004  0.163904E-004  0.313790E-004
  0.217119E+001  0.410890E+001  0.852817E-005  0.163092E-004  0.163092E-004  0.311894E-004
  0.217494E+001  0.411817E+001  0.842589E-005  0.160962E-004  0.160962E-004  0.307487E-004
  0.217869E+001  0.412744E+001  0.839718E-005  0.160242E-004  0.160242E-004  0.305784E-004
  0.218245E+001  0.413671E+001  0.828257E-005  0.157886E-004  0.157886E-004  0.300969E-004
  0.218621E+001  0.414597E+001  0.820123E-005  0.156171E-004  0.156171E-004  0.297387E-004
  0.218997E+001  0.415524E+001  0.822687E-005  0.156497E-004  0.156497E-004  0.297696E-004
  0.219374E+001  0.416450E+001  0.806109E-005  0.153185E-004  0.153185E-004  0.291095E-004
  0.219751E+001  0.417376E+001  0.802955E-005  0.152429E-004  0.152429E-004  0.289363E-004
  0.220128E+001  0.418302E+001  0.792859E-005  0.150360E-004  0.150360E-004  0.285146E-004
  0.220505E+001  0.419228E+001  0.789157E-005  0.149508E-004  0.149508E-004  0.283246E-004
  0.220883E+001  0.420154E+001  0.778308E-005  0.147306E-004  0.147306E-004  0.278797E-004
  0.221261E+001  0.421080E+001  0.773938E-005  0.146335E-004  0.146335E-004  0.276685E-004
  0.221640E+001  0.422006E+001  0.766926E-005  0.144867E-004  0.144867E-004  0.273643E-004
  0.222018E+001  0.422931E+001  0.757845E-005  0.143013E-004  0.143013E-004  0.269880E-004
  0.222397E+001  0.423857E+001  0.753552E-005  0.142067E-004  0.142067E-004  0.267837E-004
  0.222776E+001  0.424782E+001  0.748205E-005  0.140925E-004  0.140925E-004  0.265432E-004
  0.223156E+001  0.425707E+001  0.740342E-005  0.139313E-004  0.139313E-004  0.262148E-004
  0.223536E+001  0.426632E+001  0.745126E-005  0.140082E-004  0.140082E-004  0.263350E-004
  0.223916E+001  0.427557E+001  0.736942E-005  0.138416E-004  0.138416E-004  0.259977E-004
  0.224296E+001  0.428482E+001  0.718527E-005  0.134833E-004  0.134833E-004  0.253017E-004
  0.224676E+001  0.429407E+001  0.718666E-005  0.134737E-004  0.134737E-004  0.252607E-004
  0.225057E+001  0.430332E+001  0.711384E-005  0.133252E-004  0.133252E-004  0.249598E-004
  0.225438E+001  0.431256E+001  0.701196E-005  0.131227E-004  0.131227E-004  0.245585E-004
  0.225820E+001  0.432181E+001  0.690524E-005  0.129115E-004  0.129115E-004  0.241420E-004
  0.226201E+001  0.433105E+001  0.692182E-005  0.129312E-004  0.129312E-004  0.241577E-004
  0.226583E+001  0.434029E+001  0.680517E-005  0.127023E-004  0.127023E-004  0.237094E-004
  0.226965E+001  0.434953E+001  0.677743E-005  0.126396E-004  0.126396E-004  0.235722E-004
  0.227348E+001  0.435877E+001  0.665588E-005  0.124023E-004  0.124023E-004  0.231099E-004
  0.227731E+001  0.436801E+001  0.664637E-005  0.123741E-004  0.123741E-004  0.230379E-004
  0.228114E+001  0.437725E+001  0.656777E-005  0.122176E-004  0.122176E-004  0.227273E-004
  0.228497E+001  0.438648E+001  0.652213E-005  0.121226E-004  0.121226E-004  0.225320E-004
  0.228880E+001  0.439572E+001  0.641960E-005  0.119222E-004  0.119222E-004  0.221414E-004
  0.229264E+001  0.440495E+001  0.635151E-005  0.117861E-004  0.117861E-004  0.218708E-004
  0.229648E+001  0.441419E+001  0.627438E-005  0.116336E-004  0.116336E-004  0.215703E-004
  0.230032E+001  0.442342E+001  0.622423E-005  0.115314E-004  0.115314E-004  0.213636E-004
  0.230417E+001  0.443265E+001  0.620672E-005  0.114898E-004  0.114898E-004  0.212696E-004
  0.230801E+001  0.444188E+001  0.613111E-005  0.113409E-004  0.113409E-004  0.209776E-004
  0.231186E+001  0.445111E+001  0.607464E-005  0.112277E-004  0.112277E-004  0.207519E-004
  0.231572E+001  0.446034E+001  0.601348E-005  0.111060E-004  0.111060E-004  0.205111E-004
  0.231957E+001  0.446957E+001  0.593494E-005  0.109526E-004  0.109526E-004  0.202122E-004
  0.232343E+001  0.447879E+001  0.588190E-005  0.108464E-004  0.108464E-004  0.200011E-004
  0.232729E+001  0.448802E+001  0.580080E-005  0.106888E-004  0.106888E-004  0.196956E-004
  0.233115E+001  0.449724E+001  0.574059E-005  0.105700E-004  0.105700E-004  0.194620E-004
  0.233501E+001  0.450647E+001  0.582386E-005  0.107154E-004  0.107154E-004  0.197151E-004
  0.233888E+001  0.451569E+001  0.564467E-005  0.103780E-004  0.103780E-004  0.190804E-004
  0.234275E+001  0.452491E+001  0.557259E-005  0.102380E-004  0.102380E-004  0.188093E-004
  0.234662E+001  0.453413E+001  0.553716E-005  0.101656E-004  0.101656E-004  0.186628E-004
  0.235050E+001  0.454335E+001  0.547751E-005  0.100489E-004  0.100489E-004  0.184352E-004
  0.235437E+001  0.455257E+001  0.545730E-005  0.100047E-004  0.100047E-004  0.183411E-004
  0.235825E+001  0.456178E+001  0.534332E-005  0.978883E-005  0.978883E-005  0.179328E-004
  0.236213E+001  0.457100E+001  0.530794E-005  0.971723E-005  0.971723E-005  0.177892E-004
  0.236602E+001  0.458021E+001  0.535643E-005  0.979918E-005  0.979918E-005  0.179268E-004
  0.236990E+001  0.458943E+001  0.518706E-005  0.948284E-005  0.948284E-005  0.173361E-004
  0.237379E+001  0.459864E+001  0.513689E-005  0.938471E-005  0.938471E-005  0.171451E-004
  0.237768E+001  0.460785E+001  0.509562E-005  0.930303E-005  0.930303E-005  0.169844E-004
  0.238157E+001  0.461707E+001  0.504712E-005  0.920831E-005  0.920831E-005  0.168002E-004
  0.238547E+001  0.462628E+001  0.498347E-005  0.908614E-005  0.908614E-005  0.165662E-004
  0.238936E+001  0.463549E+001  0.497236E-005  0.905992E-005  0.905992E-005  0.165076E-004
  0.239326E+001  0.464469E+001  0.486248E-005  0.885391E-005  0.885391E-005  0.161217E-004
  0.239716E+001  0.465390E+001  0.482414E-005  0.877842E-005  0.877842E-005  0.159739E-004
  0.240107E+001  0.466311E+001  0.478297E-005  0.869790E-005  0.869790E-005  0.158171E-004
  0.240497E+001  0.467231E+001  0.470909E-005  0.855808E-005  0.855808E-005  0.155530E-004
  0.240888E+001  0.468152E+001  0.465860E-005  0.846098E-005  0.846098E-005  0.153668E-004
  0.241279E+001  0.469072E+001  0.461503E-005  0.837659E-005  0.837659E-005  0.152040E-004
  0.241670E+001  0.469993E+001  0.458879E-005  0.832377E-005  0.832377E-005  0.150987E-004
  0.242062E+001  0.470913E+001  0.453630E-005  0.822349E-005  0.822349E-005  0.149076E-004
  0.242453E+001  0.471833E+001  0.447646E-005  0.811004E-005  0.811004E-005  0.146929E-004
  0.242845E+001  0.472753E+001  0.441372E-005  0.799153E-005  0.799153E-005  0.144694E-004
  0.243237E+001  0.473673E+001  0.436993E-005  0.790748E-005  0.790748E-005  0.143086E-004
  0.243629E+001  0.474593E+001  0.437164E-005  0.790584E-005  0.790584E-005  0.142971E-004
  0.244022E+001  0.475513E+001  0.426922E-005  0.771605E-005  0.771605E-005  0.139456E-004
  0.244415E+001  0.476432E+001  0.429746E-005  0.776251E-005  0.776251E-005  0.140213E-004
  0.244807E+001  0.477352E+001  0.422974E-005  0.763574E-005  0.763574E-005  0.137843E-004
  0.245200E+001  0.478271E+001  0.415709E-005  0.750026E-005  0.750026E-005  0.135319E-004
  0.245594E+001  0.479191E+001  0.408543E-005  0.736672E-005  0.736672E-005  0.132834E-004
  0.245987E+001  0.480110E+001  0.404916E-005  0.729717E-005  0.729717E-005  0.131505E-004
  0.246381E+001  0.481029E+001  0.399923E-005  0.720312E-005  0.720312E-005  0.129736E-004
  0.246775E+001  0.481948E+001  0.397595E-005  0.715718E-005  0.715718E-005  0.128837E-004
  0.247169E+001  0.482868E+001  0.390532E-005  0.702613E-005  0.702613E-005  0.126407E-004
  0.247563E+001  0.483787E+001  0.389252E-005  0.699923E-005  0.699923E-005  0.125854E-004
  0.247958E+001  0.484705E+001  0.386894E-005  0.695302E-005  0.695302E-005  0.124955E-004
  0.248352E+001  0.485624E+001  0.378301E-005  0.679490E-005  0.679490E-005  0.122047E-004
  0.248747E+001  0.486543E+001  0.373781E-005  0.671011E-005  0.671011E-005  0.120459E-004
  0.249142E+001  0.487462E+001  0.372195E-005  0.667807E-005  0.667807E-005  0.119820E-004
  0.249538E+001  0.488380E+001  0.370802E-005  0.664954E-005  0.664954E-005  0.119244E-004
  0.249933E+001  0.489299E+001  0.360269E-005  0.645726E-005  0.645726E-005  0.115735E-004
  0.250329E+001  0.490217E+001  0.359952E-005  0.644820E-005  0.644820E-005  0.115512E-004
