  0.811416E+000  0.106344E+000  0.538945E-001  0.345824E-002  0.345824E-002  0.221904E-003
  0.811416E+000  0.106344E+000  0.538945E-001  0.345824E-002  0.345824E-002  0.221904E-003
  0.812296E+000  0.114295E+000  0.502509E-001  0.345484E-002  0.345484E-002  0.237527E-003
  0.813235E+000  0.122240E+000  0.471097E-001  0.345267E-002  0.345267E-002  0.253046E-003
  0.814230E+000  0.130178E+000  0.442941E-001  0.344467E-002  0.344467E-002  0.267886E-003
  0.815280E+000  0.138109E+000  0.418355E-001  0.343820E-002  0.343820E-002  0.282565E-003
  0.816385E+000  0.146032E+000  0.396375E-001  0.343016E-002  0.343016E-002  0.296841E-003
  0.817543E+000  0.153948E+000  0.376996E-001  0.342403E-002  0.342403E-002  0.310985E-003
  0.818752E+000  0.161856E+000  0.359775E-001  0.341911E-002  0.341911E-002  0.324935E-003
  0.820010E+000  0.169757E+000  0.343804E-001  0.340929E-002  0.340929E-002  0.338078E-003
  0.821316E+000  0.177649E+000  0.329627E-001  0.340202E-002  0.340202E-002  0.351115E-003
  0.822668E+000  0.185534E+000  0.316804E-001  0.339490E-002  0.339490E-002  0.363801E-003
  0.824064E+000  0.193411E+000  0.305108E-001  0.338720E-002  0.338720E-002  0.376034E-003
  0.825502E+000  0.201281E+000  0.294414E-001  0.337890E-002  0.337890E-002  0.387786E-003
  0.826980E+000  0.209143E+000  0.284733E-001  0.337141E-002  0.337141E-002  0.399196E-003
  0.828494E+000  0.216999E+000  0.275814E-001  0.336278E-002  0.336278E-002  0.409997E-003
  0.830043E+000  0.224847E+000  0.267662E-001  0.335404E-002  0.335404E-002  0.420293E-003
  0.831624E+000  0.232690E+000  0.260194E-001  0.334498E-002  0.334498E-002  0.430022E-003
  0.833234E+000  0.240526E+000  0.253506E-001  0.333754E-002  0.333754E-002  0.439406E-003
  0.834868E+000  0.248357E+000  0.247230E-001  0.332743E-002  0.332743E-002  0.447834E-003
  0.836525E+000  0.256184E+000  0.241664E-001  0.331921E-002  0.331921E-002  0.455887E-003
  0.838199E+000  0.264007E+000  0.236570E-001  0.331000E-002  0.331000E-002  0.463123E-003
  0.839887E+000  0.271827E+000  0.232104E-001  0.330235E-002  0.330235E-002  0.469854E-003
  0.841583E+000  0.279645E+000  0.228098E-001  0.329410E-002  0.329410E-002  0.475721E-003
  0.843283E+000  0.287462E+000  0.224714E-001  0.328781E-002  0.328781E-002  0.481042E-003
  0.844982E+000  0.295280E+000  0.221648E-001  0.327911E-002  0.327911E-002  0.485117E-003
  0.846672E+000  0.303099E+000  0.219291E-001  0.327368E-002  0.327368E-002  0.488712E-003
  0.848348E+000  0.310921E+000  0.217390E-001  0.326774E-002  0.326774E-002  0.491198E-003
  0.850002E+000  0.318749E+000  0.216139E-001  0.326395E-002  0.326395E-002  0.492894E-003
  0.851626E+000  0.326582E+000  0.215598E-001  0.326288E-002  0.326288E-002  0.493809E-003
  0.853213E+000  0.334423E+000  0.215596E-001  0.326151E-002  0.326151E-002  0.493398E-003
  0.854753E+000  0.342273E+000  0.216475E-001  0.326439E-002  0.326439E-002  0.492261E-003
  0.856238E+000  0.350134E+000  0.218282E-001  0.327141E-002  0.327141E-002  0.490291E-003
  0.857660E+000  0.358007E+000  0.220883E-001  0.327961E-002  0.327961E-002  0.486948E-003
  0.859009E+000  0.365893E+000  0.224683E-001  0.329382E-002  0.329382E-002  0.482871E-003
  0.860278E+000  0.373791E+000  0.229803E-001  0.331432E-002  0.331432E-002  0.478005E-003
  0.861460E+000  0.381703E+000  0.236458E-001  0.334236E-002  0.334236E-002  0.472446E-003
  0.862551E+000  0.389629E+000  0.245100E-001  0.338195E-002  0.338195E-002  0.466649E-003
  0.863545E+000  0.397567E+000  0.255353E-001  0.342537E-002  0.342537E-002  0.459489E-003
  0.864443E+000  0.405516E+000  0.268256E-001  0.348333E-002  0.348333E-002  0.452314E-003
  0.865244E+000  0.413476E+000  0.284099E-001  0.355552E-002  0.355552E-002  0.444976E-003
  0.865951E+000  0.421445E+000  0.303719E-001  0.364724E-002  0.364724E-002  0.437983E-003
  0.866568E+000  0.429421E+000  0.327370E-001  0.375532E-002  0.375532E-002  0.430778E-003
  0.867101E+000  0.437403E+000  0.356897E-001  0.389310E-002  0.389310E-002  0.424667E-003
  0.867556E+000  0.445390E+000  0.389970E-001  0.402711E-002  0.402711E-002  0.415868E-003
  0.867942E+000  0.453381E+000  0.431661E-001  0.420040E-002  0.420040E-002  0.408732E-003
  0.868266E+000  0.461374E+000  0.487403E-001  0.444871E-002  0.444871E-002  0.406050E-003
  0.868537E+000  0.469370E+000  0.539288E-001  0.459460E-002  0.459460E-002  0.391449E-003
  0.868762E+000  0.477366E+000  0.612021E-001  0.484381E-002  0.484381E-002  0.383361E-003
  0.868948E+000  0.485364E+000  0.703077E-001  0.514521E-002  0.514521E-002  0.376533E-003
  0.869104E+000  0.493363E+000  0.777027E-001  0.522818E-002  0.522818E-002  0.351775E-003
  0.869235E+000  0.501362E+000  0.857353E-001  0.527679E-002  0.527679E-002  0.324773E-003
  0.869348E+000  0.509361E+000  0.995674E-001  0.557242E-002  0.557242E-002  0.311868E-003
  0.869448E+000  0.517360E+000  0.988240E-001  0.500053E-002  0.500053E-002  0.253028E-003
  0.869540E+000  0.525360E+000  0.118524E+000  0.539088E-002  0.539088E-002  0.245196E-003
  0.869630E+000  0.533359E+000  0.109208E+000  0.442955E-002  0.442955E-002  0.179666E-003
  0.869722E+000  0.541359E+000  0.834488E-001  0.299317E-002  0.299317E-002  0.107360E-003
  0.869819E+000  0.549358E+000  0.738465E-001  0.232377E-002  0.232377E-002  0.731234E-004
  0.869925E+000  0.557357E+000  0.636951E-001  0.174184E-002  0.174184E-002  0.476335E-004
  0.870043E+000  0.565357E+000  0.570697E-001  0.134241E-002  0.134241E-002  0.315766E-004
  0.870177E+000  0.573355E+000  0.459122E-001  0.917044E-003  0.917044E-003  0.183168E-004
  0.870329E+000  0.581354E+000  0.389447E-001  0.651652E-003  0.651652E-003  0.109038E-004
  0.870501E+000  0.589352E+000  0.341199E-001  0.471221E-003  0.471221E-003  0.650777E-005
  0.870697E+000  0.597350E+000  0.281238E-001  0.314587E-003  0.314587E-003  0.351874E-005
  0.870918E+000  0.605347E+000  0.241869E-001  0.214792E-003  0.214792E-003  0.190729E-005
  0.871167E+000  0.613343E+000  0.208402E-001  0.143549E-003  0.143549E-003  0.988585E-006
  0.871445E+000  0.621338E+000  0.180611E-001  0.942400E-004  0.942400E-004  0.491537E-006
  0.871755E+000  0.629332E+000  0.159260E-001  0.615362E-004  0.615362E-004  0.237572E-006
  0.872098E+000  0.637325E+000  0.139923E-001  0.396047E-004  0.396047E-004  0.111898E-006
  0.872476E+000  0.645316E+000  0.123488E-001  0.261243E-004  0.261243E-004  0.550620E-007
  0.872891E+000  0.653305E+000  0.109998E-001  0.188927E-004  0.188927E-004  0.322414E-007
  0.873345E+000  0.661292E+000  0.990708E-002  0.162004E-004  0.162004E-004  0.262812E-007
  0.873839E+000  0.669277E+000  0.892075E-002  0.166515E-004  0.166515E-004  0.308693E-007
  0.874374E+000  0.677259E+000  0.806578E-002  0.194186E-004  0.194186E-004  0.465358E-007
  0.874954E+000  0.685238E+000  0.730215E-002  0.237852E-004  0.237852E-004  0.772581E-007
  0.875579E+000  0.693213E+000  0.667876E-002  0.294544E-004  0.294544E-004  0.129679E-006
  0.876250E+000  0.701185E+000  0.611141E-002  0.358100E-004  0.358100E-004  0.209607E-006
  0.876970E+000  0.709153E+000  0.562682E-002  0.427781E-004  0.427781E-004  0.324996E-006
  0.877741E+000  0.717115E+000  0.518569E-002  0.499587E-004  0.499587E-004  0.481071E-006
  0.878563E+000  0.725073E+000  0.479455E-002  0.572561E-004  0.572561E-004  0.683514E-006
  0.879439E+000  0.733025E+000  0.445194E-002  0.646483E-004  0.646483E-004  0.938545E-006
  0.880370E+000  0.740971E+000  0.414164E-002  0.719011E-004  0.719011E-004  0.124800E-005
  0.881358E+000  0.748909E+000  0.386509E-002  0.790374E-004  0.790374E-004  0.161599E-005
  0.882405E+000  0.756840E+000  0.361710E-002  0.859970E-004  0.859970E-004  0.204434E-005
  0.883513E+000  0.764763E+000  0.339096E-002  0.926586E-004  0.926586E-004  0.253166E-005
  0.884684E+000  0.772677E+000  0.318273E-002  0.989316E-004  0.989316E-004  0.307491E-005
  0.885920E+000  0.780581E+000  0.299499E-002  0.104925E-003  0.104925E-003  0.367562E-005
  0.887222E+000  0.788475E+000  0.282265E-002  0.110510E-003  0.110510E-003  0.432632E-005
  0.888593E+000  0.796356E+000  0.266509E-002  0.115712E-003  0.115712E-003  0.502363E-005
  0.890035E+000  0.804225E+000  0.252036E-002  0.120493E-003  0.120493E-003  0.576020E-005
  0.891551E+000  0.812080E+000  0.238666E-002  0.124815E-003  0.124815E-003  0.652716E-005
  0.893142E+000  0.819920E+000  0.226230E-002  0.128616E-003  0.128616E-003  0.731171E-005
  0.894811E+000  0.827744E+000  0.214637E-002  0.131876E-003  0.131876E-003  0.810237E-005
  0.896560E+000  0.835551E+000  0.203866E-002  0.134614E-003  0.134614E-003  0.888829E-005
  0.898393E+000  0.843338E+000  0.193680E-002  0.136710E-003  0.136710E-003  0.964935E-005
  0.900311E+000  0.851105E+000  0.184204E-002  0.138270E-003  0.138270E-003  0.103787E-004
  0.902318E+000  0.858849E+000  0.175168E-002  0.139134E-003  0.139134E-003  0.110509E-004
  0.904415E+000  0.866569E+000  0.166675E-002  0.139405E-003  0.139405E-003  0.116593E-004
  0.906606E+000  0.874263E+000  0.158544E-002  0.138979E-003  0.138979E-003  0.121824E-004
  0.908893E+000  0.881929E+000  0.150786E-002  0.137905E-003  0.137905E-003  0.126120E-004
  0.911278E+000  0.889566E+000  0.143387E-002  0.136226E-003  0.136226E-003  0.129417E-004
  0.913762E+000  0.897170E+000  0.136294E-002  0.133959E-003  0.133959E-003  0.131659E-004
  0.916346E+000  0.904741E+000  0.129455E-002  0.131134E-003  0.131134E-003  0.132830E-004
  0.919032E+000  0.912277E+000  0.122933E-002  0.127911E-003  0.127911E-003  0.133085E-004
  0.921817E+000  0.919776E+000  0.116677E-002  0.124342E-003  0.124342E-003  0.132504E-004
  0.924702E+000  0.927238E+000  0.110754E-002  0.120615E-003  0.120615E-003  0.131347E-004
  0.927682E+000  0.934663E+000  0.105093E-002  0.116770E-003  0.116770E-003  0.129737E-004
  0.930753E+000  0.942049E+000  0.997809E-003  0.113018E-003  0.113018E-003  0.128005E-004
  0.933913E+000  0.949399E+000  0.948197E-003  0.109473E-003  0.109473E-003  0.126383E-004
  0.937153E+000  0.956714E+000  0.901967E-003  0.106212E-003  0.106212E-003  0.125062E-004
  0.940469E+000  0.963994E+000  0.859329E-003  0.103340E-003  0.103340E-003  0.124264E-004
  0.943854E+000  0.971243E+000  0.820296E-003  0.100922E-003  0.100922E-003  0.124157E-004
  0.947301E+000  0.978462E+000  0.784741E-003  0.989912E-004  0.989912E-004  0.124864E-004
  0.950804E+000  0.985654E+000  0.752498E-003  0.975622E-004  0.975622E-004  0.126482E-004
  0.954358E+000  0.992822E+000  0.723291E-003  0.966244E-004  0.966244E-004  0.129072E-004
  0.957955E+000  0.999967E+000  0.697000E-003  0.961761E-004  0.961761E-004  0.132701E-004
  0.961592E+000  0.100709E+001  0.674195E-003  0.963137E-004  0.963137E-004  0.137582E-004
  0.965263E+000  0.101420E+001  0.652247E-003  0.966685E-004  0.966685E-004  0.143262E-004
  0.968964E+000  0.102129E+001  0.633597E-003  0.975977E-004  0.975977E-004  0.150328E-004
  0.972692E+000  0.102837E+001  0.616031E-003  0.987729E-004  0.987729E-004  0.158361E-004
  0.976443E+000  0.103544E+001  0.601050E-003  0.100433E-003  0.100433E-003  0.167809E-004
  0.980215E+000  0.104249E+001  0.587064E-003  0.102324E-003  0.102324E-003  0.178339E-004
  0.984004E+000  0.104954E+001  0.574396E-003  0.104496E-003  0.104496E-003  0.190094E-004
  0.987809E+000  0.105658E+001  0.564314E-003  0.107196E-003  0.107196E-003  0.203619E-004
  0.991628E+000  0.106360E+001  0.553766E-003  0.109858E-003  0.109858E-003  0.217929E-004
  0.995458E+000  0.107063E+001  0.543261E-003  0.112551E-003  0.112551E-003  0.233169E-004
  0.999299E+000  0.107765E+001  0.535294E-003  0.115797E-003  0.115797E-003  0.250488E-004
  0.100315E+001  0.108466E+001  0.526380E-003  0.118863E-003  0.118863E-003  0.268396E-004
  0.100701E+001  0.109167E+001  0.520027E-003  0.122531E-003  0.122531E-003  0.288701E-004
  0.101087E+001  0.109867E+001  0.512479E-003  0.125929E-003  0.125929E-003  0.309428E-004
  0.101474E+001  0.110567E+001  0.507474E-003  0.129979E-003  0.129979E-003  0.332906E-004
  0.101861E+001  0.111267E+001  0.499766E-003  0.133339E-003  0.133339E-003  0.355743E-004
  0.102249E+001  0.111967E+001  0.493879E-003  0.137181E-003  0.137181E-003  0.381030E-004
  0.102637E+001  0.112667E+001  0.489708E-003  0.141513E-003  0.141513E-003  0.408928E-004
  0.103025E+001  0.113366E+001  0.484710E-003  0.145622E-003  0.145622E-003  0.437484E-004
  0.103414E+001  0.114066E+001  0.478149E-003  0.149257E-003  0.149257E-003  0.465905E-004
  0.103802E+001  0.114765E+001  0.476490E-003  0.154423E-003  0.154423E-003  0.500451E-004
  0.104191E+001  0.115464E+001  0.468181E-003  0.157437E-003  0.157437E-003  0.529410E-004
  0.104580E+001  0.116163E+001  0.471014E-003  0.164239E-003  0.164239E-003  0.572676E-004
  0.104968E+001  0.116863E+001  0.458570E-003  0.165682E-003  0.165682E-003  0.598600E-004
  0.105356E+001  0.117562E+001  0.454579E-003  0.170073E-003  0.170073E-003  0.636289E-004
  0.105745E+001  0.118262E+001  0.449563E-003  0.174080E-003  0.174080E-003  0.674064E-004
  0.106133E+001  0.118961E+001  0.449247E-003  0.179921E-003  0.179921E-003  0.720566E-004
  0.106520E+001  0.119661E+001  0.439690E-003  0.182013E-003  0.182013E-003  0.753442E-004
  0.106908E+001  0.120361E+001  0.435045E-003  0.186057E-003  0.186057E-003  0.795705E-004
  0.107295E+001  0.121061E+001  0.429822E-003  0.189799E-003  0.189799E-003  0.838092E-004
  0.107682E+001  0.121761E+001  0.431635E-003  0.196695E-003  0.196695E-003  0.896325E-004
  0.108068E+001  0.122462E+001  0.419081E-003  0.196970E-003  0.196970E-003  0.925756E-004
  0.108454E+001  0.123163E+001  0.414235E-003  0.200709E-003  0.200709E-003  0.972487E-004
  0.108839E+001  0.123864E+001  0.407556E-003  0.203467E-003  0.203467E-003  0.101577E-003
  0.109224E+001  0.124565E+001  0.404281E-003  0.207864E-003  0.207864E-003  0.106873E-003
  0.109608E+001  0.125267E+001  0.396281E-003  0.209730E-003  0.209730E-003  0.110998E-003
  0.109992E+001  0.125969E+001  0.392075E-003  0.213499E-003  0.213499E-003  0.116257E-003
  0.110375E+001  0.126671E+001  0.387948E-003  0.217241E-003  0.217241E-003  0.121648E-003
  0.110757E+001  0.127374E+001  0.378455E-003  0.217816E-003  0.217816E-003  0.125360E-003
  0.111139E+001  0.128077E+001  0.373422E-003  0.220783E-003  0.220783E-003  0.130534E-003
  0.111520E+001  0.128781E+001  0.365876E-003  0.222085E-003  0.222085E-003  0.134803E-003
  0.111900E+001  0.129484E+001  0.359599E-003  0.223934E-003  0.223934E-003  0.139449E-003
  0.112280E+001  0.130189E+001  0.352807E-003  0.225227E-003  0.225227E-003  0.143780E-003
  0.112659E+001  0.130893E+001  0.349013E-003  0.228166E-003  0.228166E-003  0.149160E-003
  0.113037E+001  0.131598E+001  0.338972E-003  0.226611E-003  0.226611E-003  0.151493E-003
  0.113415E+001  0.132303E+001  0.335026E-003  0.228572E-003  0.228572E-003  0.155941E-003
  0.113792E+001  0.133009E+001  0.321406E-003  0.223028E-003  0.223028E-003  0.154758E-003
  0.114170E+001  0.133714E+001  0.311123E-003  0.218236E-003  0.218236E-003  0.153076E-003
  0.114549E+001  0.134418E+001  0.291264E-003  0.203758E-003  0.203758E-003  0.142532E-003
  0.114934E+001  0.135119E+001  0.246581E-003  0.165827E-003  0.165827E-003  0.111500E-003
  0.115338E+001  0.135810E+001  0.147787E-003  0.850824E-004  0.850824E-004  0.489428E-004
  0.115775E+001  0.136480E+001  0.598881E-004  0.229419E-004  0.229419E-004  0.873908E-005
  0.116231E+001  0.137138E+001  0.287095E-004  0.500550E-005  0.500550E-005  0.829059E-006
  0.116693E+001  0.137790E+001  0.176774E-004  0.435741E-007  0.435741E-007  0.349009E-007
  0.117159E+001  0.138441E+001  0.128915E-004  0.161393E-005  0.161393E-005  0.174775E-006
  0.117627E+001  0.139090E+001  0.104101E-004  0.222241E-005  0.222241E-005  0.453375E-006
  0.118096E+001  0.139738E+001  0.903194E-005  0.244052E-005  0.244052E-005  0.643097E-006
  0.118566E+001  0.140385E+001  0.824845E-005  0.249819E-005  0.249819E-005  0.743833E-006
  0.119036E+001  0.141032E+001  0.767035E-005  0.243642E-005  0.243642E-005  0.763785E-006
  0.119508E+001  0.141678E+001  0.734971E-005  0.234733E-005  0.234733E-005  0.741591E-006
  0.119980E+001  0.142324E+001  0.712189E-005  0.221998E-005  0.221998E-005  0.685439E-006
  0.120453E+001  0.142970E+001  0.701127E-005  0.208489E-005  0.208489E-005  0.614582E-006
  0.120926E+001  0.143614E+001  0.692897E-005  0.192880E-005  0.192880E-005  0.532442E-006
  0.121400E+001  0.144259E+001  0.691901E-005  0.177237E-005  0.177237E-005  0.450240E-006
  0.121875E+001  0.144903E+001  0.690225E-005  0.159995E-005  0.159995E-005  0.367663E-006
  0.122350E+001  0.145547E+001  0.691420E-005  0.142519E-005  0.142519E-005  0.291001E-006
  0.122825E+001  0.146190E+001  0.694224E-005  0.124748E-005  0.124748E-005  0.221754E-006
  0.123301E+001  0.146833E+001  0.700512E-005  0.107078E-005  0.107078E-005  0.161556E-006
  0.123777E+001  0.147476E+001  0.702531E-005  0.884916E-006  0.884916E-006  0.109578E-006
  0.124254E+001  0.148119E+001  0.708225E-005  0.702209E-006  0.702209E-006  0.679319E-007
  0.124730E+001  0.148761E+001  0.712455E-005  0.517803E-006  0.517803E-006  0.361011E-007
  0.125208E+001  0.149403E+001  0.720350E-005  0.334770E-006  0.334770E-006  0.141609E-007
  0.125685E+001  0.150045E+001  0.720678E-005  0.149620E-006  0.149620E-006  0.182245E-008
  0.126163E+001  0.150687E+001  0.725156E-005  0.328599E-007  0.328599E-007  0.103870E-008
  0.126641E+001  0.151328E+001  0.729602E-005  0.214006E-006  0.214006E-006  0.517167E-008
  0.127119E+001  0.151970E+001  0.739052E-005  0.396401E-006  0.396401E-006  0.202262E-007
  0.127598E+001  0.152611E+001  0.736810E-005  0.571020E-006  0.571020E-006  0.432788E-007
  0.128077E+001  0.153252E+001  0.739744E-005  0.746257E-006  0.746257E-006  0.743606E-007
  0.128556E+001  0.153892E+001  0.748736E-005  0.926914E-006  0.926914E-006  0.113873E-006
  0.129035E+001  0.154533E+001  0.746077E-005  0.109128E-005  0.109128E-005  0.158783E-006
  0.129514E+001  0.155173E+001  0.748948E-005  0.126060E-005  0.126060E-005  0.211377E-006
  0.129993E+001  0.155814E+001  0.752962E-005  0.143034E-005  0.143034E-005  0.270940E-006
  0.130473E+001  0.156454E+001  0.750596E-005  0.158582E-005  0.158582E-005  0.334299E-006
  0.130953E+001  0.157094E+001  0.755259E-005  0.175394E-005  0.175394E-005  0.406597E-006
  0.131433E+001  0.157735E+001  0.752546E-005  0.190283E-005  0.190283E-005  0.480436E-006
  0.131913E+001  0.158375E+001  0.753336E-005  0.205784E-005  0.205784E-005  0.561448E-006
  0.132393E+001  0.159015E+001  0.753554E-005  0.220932E-005  0.220932E-005  0.647078E-006
  0.132873E+001  0.159654E+001  0.760181E-005  0.237892E-005  0.237892E-005  0.743813E-006
  0.133353E+001  0.160294E+001  0.756227E-005  0.251407E-005  0.251407E-005  0.835164E-006
  0.133833E+001  0.160934E+001  0.753215E-005  0.264928E-005  0.264928E-005  0.931203E-006
  0.134313E+001  0.161574E+001  0.752889E-005  0.279172E-005  0.279172E-005  0.103456E-005
  0.134794E+001  0.162214E+001  0.753454E-005  0.293637E-005  0.293637E-005  0.114375E-005
  0.135274E+001  0.162854E+001  0.750552E-005  0.306546E-005  0.306546E-005  0.125141E-005
  0.135754E+001  0.163493E+001  0.750520E-005  0.320454E-005  0.320454E-005  0.136767E-005
  0.136234E+001  0.164133E+001  0.748353E-005  0.333304E-005  0.333304E-005  0.148389E-005
  0.136715E+001  0.164773E+001  0.750308E-005  0.347918E-005  0.347918E-005  0.161272E-005
  0.137195E+001  0.165413E+001  0.745846E-005  0.359399E-005  0.359399E-005  0.173125E-005
  0.137675E+001  0.166053E+001  0.743796E-005  0.371850E-005  0.371850E-005  0.185843E-005
  0.138155E+001  0.166693E+001  0.742669E-005  0.384640E-005  0.384640E-005  0.199153E-005
  0.138635E+001  0.167333E+001  0.741263E-005  0.397184E-005  0.397184E-005  0.212762E-005
  0.139115E+001  0.167973E+001  0.739099E-005  0.409213E-005  0.409213E-005  0.226509E-005
  0.139595E+001  0.168613E+001  0.736952E-005  0.421134E-005  0.421134E-005  0.240602E-005
  0.140075E+001  0.169253E+001  0.737442E-005  0.434503E-005  0.434503E-005  0.255953E-005
  0.140554E+001  0.169893E+001  0.733348E-005  0.445057E-005  0.445057E-005  0.270040E-005
  0.141034E+001  0.170534E+001  0.731553E-005  0.456912E-005  0.456912E-005  0.285320E-005
  0.141513E+001  0.171174E+001  0.729832E-005  0.468715E-005  0.468715E-005  0.300962E-005
  0.141992E+001  0.171815E+001  0.733277E-005  0.483862E-005  0.483862E-005  0.319225E-005
  0.142471E+001  0.172455E+001  0.726817E-005  0.492424E-005  0.492424E-005  0.333562E-005
  0.142950E+001  0.173096E+001  0.725435E-005  0.504295E-005  0.504295E-005  0.350509E-005
  0.143429E+001  0.173737E+001  0.723021E-005  0.515396E-005  0.515396E-005  0.367334E-005
  0.143908E+001  0.174378E+001  0.724988E-005  0.529630E-005  0.529630E-005  0.386855E-005
  0.144386E+001  0.175019E+001  0.721818E-005  0.540087E-005  0.540087E-005  0.404051E-005
  0.144864E+001  0.175661E+001  0.719045E-005  0.550765E-005  0.550765E-005  0.421807E-005
  0.145342E+001  0.176302E+001  0.719088E-005  0.563582E-005  0.563582E-005  0.441645E-005
  0.145820E+001  0.176944E+001  0.720026E-005  0.577156E-005  0.577156E-005  0.462574E-005
  0.146297E+001  0.177586E+001  0.715253E-005  0.586098E-005  0.586098E-005  0.480203E-005
  0.146774E+001  0.178228E+001  0.714255E-005  0.598073E-005  0.598073E-005  0.500727E-005
  0.147251E+001  0.178871E+001  0.713874E-005  0.610588E-005  0.610588E-005  0.522182E-005
  0.147728E+001  0.179513E+001  0.718240E-005  0.627286E-005  0.627286E-005  0.547786E-005
  0.148204E+001  0.180156E+001  0.712918E-005  0.635532E-005  0.635532E-005  0.566483E-005
  0.148680E+001  0.180799E+001  0.713334E-005  0.648863E-005  0.648863E-005  0.590154E-005
  0.149155E+001  0.181442E+001  0.711326E-005  0.659992E-005  0.659992E-005  0.612297E-005
  0.149631E+001  0.182086E+001  0.713278E-005  0.674885E-005  0.674885E-005  0.638491E-005
  0.150105E+001  0.182730E+001  0.716509E-005  0.691093E-005  0.691093E-005  0.666510E-005
  0.150580E+001  0.183374E+001  0.711589E-005  0.699503E-005  0.699503E-005  0.687555E-005
  0.151054E+001  0.184018E+001  0.712016E-005  0.713129E-005  0.713129E-005  0.714175E-005
  0.151528E+001  0.184663E+001  0.712750E-005  0.727156E-005  0.727156E-005  0.741784E-005
  0.152001E+001  0.185308E+001  0.713720E-005  0.741503E-005  0.741503E-005  0.770297E-005
  0.152474E+001  0.185953E+001  0.714834E-005  0.756115E-005  0.756115E-005  0.799708E-005
  0.152946E+001  0.186599E+001  0.718424E-005  0.773485E-005  0.773485E-005  0.832691E-005
  0.153418E+001  0.187245E+001  0.719140E-005  0.787921E-005  0.787921E-005  0.863207E-005
  0.153890E+001  0.187891E+001  0.720730E-005  0.803444E-005  0.803444E-005  0.895574E-005
  0.154361E+001  0.188538E+001  0.721271E-005  0.817893E-005  0.817893E-005  0.927381E-005
  0.154831E+001  0.189185E+001  0.722577E-005  0.833301E-005  0.833301E-005  0.960913E-005
  0.155301E+001  0.189832E+001  0.726871E-005  0.852351E-005  0.852351E-005  0.999413E-005
  0.155770E+001  0.190480E+001  0.727324E-005  0.867050E-005  0.867050E-005  0.103354E-004
  0.156239E+001  0.191129E+001  0.730851E-005  0.885581E-005  0.885581E-005  0.107299E-004
  0.156707E+001  0.191777E+001  0.733632E-005  0.903396E-005  0.903396E-005  0.111236E-004
  0.157175E+001  0.192426E+001  0.745873E-005  0.933252E-005  0.933252E-005  0.116762E-004
  0.157641E+001  0.193076E+001  0.741469E-005  0.942472E-005  0.942472E-005  0.119788E-004
  0.158108E+001  0.193726E+001  0.748686E-005  0.966650E-005  0.966650E-005  0.124798E-004
  0.158573E+001  0.194377E+001  0.748779E-005  0.981813E-005  0.981813E-005  0.128728E-004
  0.159038E+001  0.195028E+001  0.752479E-005  0.100188E-004  0.100188E-004  0.133386E-004
  0.159502E+001  0.195680E+001  0.758445E-005  0.102524E-004  0.102524E-004  0.138580E-004
  0.159965E+001  0.196332E+001  0.765958E-005  0.105104E-004  0.105104E-004  0.144213E-004
  0.160428E+001  0.196984E+001  0.770652E-005  0.107333E-004  0.107333E-004  0.149478E-004
  0.160890E+001  0.197638E+001  0.773678E-005  0.109353E-004  0.109353E-004  0.154551E-004
  0.161351E+001  0.198292E+001  0.779520E-005  0.111797E-004  0.111797E-004  0.160328E-004
  0.161811E+001  0.198946E+001  0.788506E-005  0.114732E-004  0.114732E-004  0.166931E-004
  0.162270E+001  0.199601E+001  0.793468E-005  0.117118E-004  0.117118E-004  0.172860E-004
  0.162728E+001  0.200257E+001  0.798867E-005  0.119600E-004  0.119600E-004  0.179045E-004
  0.163185E+001  0.200913E+001  0.806577E-005  0.122464E-004  0.122464E-004  0.185929E-004
  0.163642E+001  0.201570E+001  0.816270E-005  0.125679E-004  0.125679E-004  0.193495E-004
  0.164097E+001  0.202228E+001  0.821508E-005  0.128247E-004  0.128247E-004  0.200197E-004
  0.164552E+001  0.202887E+001  0.829457E-005  0.131280E-004  0.131280E-004  0.207768E-004
  0.165005E+001  0.203546E+001  0.838046E-005  0.134456E-004  0.134456E-004  0.215710E-004
  0.165457E+001  0.204206E+001  0.849645E-005  0.138170E-004  0.138170E-004  0.224682E-004
  0.165908E+001  0.204866E+001  0.855987E-005  0.141080E-004  0.141080E-004  0.232510E-004
  0.166358E+001  0.205528E+001  0.868512E-005  0.145062E-004  0.145062E-004  0.242277E-004
  0.166807E+001  0.206190E+001  0.875387E-005  0.148157E-004  0.148157E-004  0.250739E-004
  0.167255E+001  0.206853E+001  0.889754E-005  0.152580E-004  0.152580E-004  0.261639E-004
  0.167701E+001  0.207517E+001  0.896306E-005  0.155719E-004  0.155719E-004  0.270524E-004
  0.168146E+001  0.208182E+001  0.907393E-005  0.159700E-004  0.159700E-004  0.281058E-004
  0.168590E+001  0.208847E+001  0.925580E-005  0.165014E-004  0.165014E-004  0.294175E-004
  0.169032E+001  0.209514E+001  0.930020E-005  0.167940E-004  0.167940E-004  0.303246E-004
  0.169473E+001  0.210181E+001  0.943018E-005  0.172468E-004  0.172468E-004  0.315414E-004
  0.169913E+001  0.210850E+001  0.955836E-005  0.177043E-004  0.177043E-004  0.327912E-004
  0.170351E+001  0.211519E+001  0.970707E-005  0.182078E-004  0.182078E-004  0.341513E-004
  0.170787E+001  0.212190E+001  0.987143E-005  0.187495E-004  0.187495E-004  0.356109E-004
  0.171222E+001  0.212861E+001  0.996427E-005  0.191638E-004  0.191638E-004  0.368553E-004
  0.171656E+001  0.213533E+001  0.100761E-004  0.196219E-004  0.196219E-004  0.382097E-004
  0.172088E+001  0.214207E+001  0.101875E-004  0.200865E-004  0.200865E-004  0.396029E-004
  0.172518E+001  0.214881E+001  0.103255E-004  0.206120E-004  0.206120E-004  0.411444E-004
  0.172947E+001  0.215557E+001  0.104763E-004  0.211730E-004  0.211730E-004  0.427897E-004
  0.173373E+001  0.216233E+001  0.106123E-004  0.217129E-004  0.217129E-004  0.444235E-004
  0.173799E+001  0.216911E+001  0.108240E-004  0.224207E-004  0.224207E-004  0.464403E-004
  0.174222E+001  0.217590E+001  0.108914E-004  0.228387E-004  0.228387E-004  0.478903E-004
  0.174643E+001  0.218270E+001  0.110486E-004  0.234543E-004  0.234543E-004  0.497876E-004
  0.175063E+001  0.218951E+001  0.111814E-004  0.240295E-004  0.240295E-004  0.516391E-004
  0.175480E+001  0.219633E+001  0.113308E-004  0.246507E-004  0.246507E-004  0.536272E-004
  0.175896E+001  0.220317E+001  0.114819E-004  0.252884E-004  0.252884E-004  0.556949E-004
  0.176310E+001  0.221002E+001  0.116147E-004  0.258977E-004  0.258977E-004  0.577431E-004
  0.176722E+001  0.221687E+001  0.118048E-004  0.266480E-004  0.266480E-004  0.601532E-004
  0.177132E+001  0.222375E+001  0.118793E-004  0.271497E-004  0.271497E-004  0.620480E-004
  0.177539E+001  0.223063E+001  0.120168E-004  0.278057E-004  0.278057E-004  0.643381E-004
  0.177945E+001  0.223752E+001  0.122194E-004  0.286285E-004  0.286285E-004  0.670715E-004
  0.178348E+001  0.224443E+001  0.122516E-004  0.290642E-004  0.290642E-004  0.689466E-004
  0.178750E+001  0.225135E+001  0.125492E-004  0.301465E-004  0.301465E-004  0.724179E-004
  0.179149E+001  0.225829E+001  0.124985E-004  0.304054E-004  0.304054E-004  0.739657E-004
  0.179546E+001  0.226523E+001  0.127229E-004  0.313459E-004  0.313459E-004  0.772263E-004
  0.179940E+001  0.227219E+001  0.127260E-004  0.317552E-004  0.317552E-004  0.792367E-004
  0.180333E+001  0.227916E+001  0.128459E-004  0.324689E-004  0.324689E-004  0.820653E-004
  0.180723E+001  0.228615E+001  0.129129E-004  0.330626E-004  0.330626E-004  0.846525E-004
  0.181111E+001  0.229314E+001  0.129813E-004  0.336734E-004  0.336734E-004  0.873466E-004
  0.181497E+001  0.230015E+001  0.131242E-004  0.344943E-004  0.344943E-004  0.906597E-004
  0.181880E+001  0.230717E+001  0.131149E-004  0.349292E-004  0.349292E-004  0.930251E-004
  0.182261E+001  0.231421E+001  0.131889E-004  0.355985E-004  0.355985E-004  0.960827E-004
  0.182640E+001  0.232125E+001  0.132564E-004  0.362669E-004  0.362669E-004  0.992170E-004
  0.183016E+001  0.232831E+001  0.132469E-004  0.367374E-004  0.367374E-004  0.101881E-003
  0.183390E+001  0.233538E+001  0.132779E-004  0.373336E-004  0.373336E-004  0.104969E-003
  0.183762E+001  0.234247E+001  0.133274E-004  0.379979E-004  0.379979E-004  0.108334E-003
  0.184132E+001  0.234956E+001  0.133629E-004  0.386395E-004  0.386395E-004  0.111726E-003
  0.184499E+001  0.235667E+001  0.132589E-004  0.388879E-004  0.388879E-004  0.114055E-003
  0.184864E+001  0.236379E+001  0.132566E-004  0.394453E-004  0.394453E-004  0.117368E-003
  0.185226E+001  0.237092E+001  0.132001E-004  0.398528E-004  0.398528E-004  0.120318E-003
  0.185587E+001  0.237806E+001  0.133540E-004  0.409182E-004  0.409182E-004  0.125375E-003
  0.185945E+001  0.238522E+001  0.131354E-004  0.408544E-004  0.408544E-004  0.127065E-003
  0.186300E+001  0.239238E+001  0.129738E-004  0.409664E-004  0.409664E-004  0.129354E-003
  0.186654E+001  0.239956E+001  0.129342E-004  0.414740E-004  0.414740E-004  0.132986E-003
  0.187005E+001  0.240675E+001  0.127707E-004  0.415918E-004  0.415918E-004  0.135453E-003
  0.187354E+001  0.241395E+001  0.126571E-004  0.418773E-004  0.418773E-004  0.138553E-003
  0.187701E+001  0.242116E+001  0.125160E-004  0.420792E-004  0.420792E-004  0.141469E-003
  0.188045E+001  0.242838E+001  0.126157E-004  0.431075E-004  0.431075E-004  0.147294E-003
  0.188388E+001  0.243561E+001  0.122292E-004  0.424825E-004  0.424825E-004  0.147575E-003
  0.188728E+001  0.244284E+001  0.120468E-004  0.425544E-004  0.425544E-004  0.150316E-003
  0.189067E+001  0.245009E+001  0.120500E-004  0.432966E-004  0.432966E-004  0.155565E-003
  0.189403E+001  0.245735E+001  0.117265E-004  0.428670E-004  0.428670E-004  0.156701E-003
  0.189737E+001  0.246462E+001  0.114664E-004  0.426573E-004  0.426573E-004  0.158691E-003
  0.190069E+001  0.247190E+001  0.112600E-004  0.426423E-004  0.426423E-004  0.161485E-003
  0.190399E+001  0.247919E+001  0.111431E-004  0.429701E-004  0.429701E-004  0.165698E-003
  0.190728E+001  0.248648E+001  0.109688E-004  0.430857E-004  0.430857E-004  0.169238E-003
  0.191054E+001  0.249379E+001  0.105505E-004  0.422248E-004  0.422248E-004  0.168987E-003
  0.191378E+001  0.250110E+001  0.103373E-004  0.421657E-004  0.421657E-004  0.171990E-003
  0.191701E+001  0.250842E+001  0.100772E-004  0.419099E-004  0.419099E-004  0.174295E-003
  0.192022E+001  0.251575E+001  0.990555E-005  0.420168E-004  0.420168E-004  0.178221E-003
  0.192340E+001  0.252309E+001  0.969176E-005  0.419406E-004  0.419406E-004  0.181492E-003
  0.192658E+001  0.253043E+001  0.935024E-005  0.412999E-004  0.412999E-004  0.182417E-003
  0.192973E+001  0.253778E+001  0.897608E-005  0.404795E-004  0.404795E-004  0.182547E-003
  0.193287E+001  0.254514E+001  0.874365E-005  0.402765E-004  0.402765E-004  0.185524E-003
  0.193599E+001  0.255251E+001  0.841367E-005  0.396024E-004  0.396024E-004  0.186400E-003
  0.193909E+001  0.255988E+001  0.814910E-005  0.392094E-004  0.392094E-004  0.188652E-003
  0.194218E+001  0.256726E+001  0.784376E-005  0.385973E-004  0.385973E-004  0.189923E-003
  0.194525E+001  0.257465E+001  0.767736E-005  0.386524E-004  0.386524E-004  0.194594E-003
  0.194831E+001  0.258204E+001  0.728147E-005  0.375263E-004  0.375263E-004  0.193393E-003
  0.195135E+001  0.258944E+001  0.708082E-005  0.373720E-004  0.373720E-004  0.197240E-003
  0.195438E+001  0.259684E+001  0.670210E-005  0.362454E-004  0.362454E-004  0.196012E-003
  0.195740E+001  0.260425E+001  0.655336E-005  0.363353E-004  0.363353E-004  0.201457E-003
  0.196040E+001  0.261167E+001  0.622332E-005  0.353938E-004  0.353938E-004  0.201288E-003
  0.196338E+001  0.261909E+001  0.586117E-005  0.342100E-004  0.342100E-004  0.199667E-003
  0.196635E+001  0.262652E+001  0.564598E-005  0.338408E-004  0.338408E-004  0.202828E-003
  0.196931E+001  0.263395E+001  0.533977E-005  0.328883E-004  0.328883E-004  0.202555E-003
  0.197226E+001  0.264139E+001  0.505211E-005  0.319965E-004  0.319965E-004  0.202636E-003
  0.197519E+001  0.264883E+001  0.483000E-005  0.314741E-004  0.314741E-004  0.205089E-003
  0.197812E+001  0.265628E+001  0.456948E-005  0.306630E-004  0.306630E-004  0.205752E-003
  0.198103E+001  0.266373E+001  0.433014E-005  0.299422E-004  0.299422E-004  0.207037E-003
  0.198393E+001  0.267119E+001  0.408472E-005  0.291295E-004  0.291295E-004  0.207723E-003
  0.198681E+001  0.267865E+001  0.382661E-005  0.281642E-004  0.281642E-004  0.207281E-003
  0.198969E+001  0.268611E+001  0.359138E-005  0.273082E-004  0.273082E-004  0.207637E-003
  0.199255E+001  0.269358E+001  0.336820E-005  0.264815E-004  0.264815E-004  0.208192E-003
  0.199541E+001  0.270106E+001  0.313018E-005  0.254750E-004  0.254750E-004  0.207317E-003
  0.199825E+001  0.270853E+001  0.293170E-005  0.247214E-004  0.247214E-004  0.208449E-003
  0.200109E+001  0.271601E+001  0.273358E-005  0.239133E-004  0.239133E-004  0.209180E-003
  0.200391E+001  0.272350E+001  0.254679E-005  0.231377E-004  0.231377E-004  0.210194E-003
  0.200673E+001  0.273099E+001  0.232990E-005  0.220143E-004  0.220143E-004  0.207990E-003
  0.200954E+001  0.273848E+001  0.217519E-005  0.214044E-004  0.214044E-004  0.210609E-003
  0.201233E+001  0.274597E+001  0.197761E-005  0.202938E-004  0.202938E-004  0.208235E-003
  0.201512E+001  0.275347E+001  0.180952E-005  0.193983E-004  0.193983E-004  0.207934E-003
  0.201790E+001  0.276097E+001  0.165098E-005  0.185211E-004  0.185211E-004  0.207754E-003
  0.202067E+001  0.276848E+001  0.151668E-005  0.178385E-004  0.178385E-004  0.209787E-003
  0.202344E+001  0.277599E+001  0.136019E-005  0.168101E-004  0.168101E-004  0.207725E-003
  0.202619E+001  0.278350E+001  0.123786E-005  0.161079E-004  0.161079E-004  0.209581E-003
  0.202894E+001  0.279101E+001  0.109624E-005  0.150599E-004  0.150599E-004  0.206861E-003
  0.203168E+001  0.279852E+001  0.975792E-006  0.141908E-004  0.141908E-004  0.206344E-003
  0.203441E+001  0.280604E+001  0.872216E-006  0.134686E-004  0.134686E-004  0.207945E-003
  0.203714E+001  0.281356E+001  0.758832E-006  0.124873E-004  0.124873E-004  0.205450E-003
  0.203986E+001  0.282109E+001  0.662674E-006  0.116657E-004  0.116657E-004  0.205318E-003
  0.204257E+001  0.282861E+001  0.573939E-006  0.108557E-004  0.108557E-004  0.205276E-003
  0.204528E+001  0.283614E+001  0.488556E-006  0.998108E-005  0.998108E-005  0.203851E-003
  0.204798E+001  0.284367E+001  0.412702E-006  0.915997E-005  0.915997E-005  0.203237E-003
  0.205067E+001  0.285121E+001  0.354393E-006  0.860368E-005  0.860368E-005  0.208791E-003
  0.205336E+001  0.285874E+001  0.283136E-006  0.758259E-005  0.758259E-005  0.202967E-003
  0.205605E+001  0.286628E+001  0.228640E-006  0.682403E-005  0.682403E-005  0.203548E-003
  0.205872E+001  0.287382E+001  0.178708E-006  0.601439E-005  0.601439E-005  0.202259E-003
  0.206139E+001  0.288136E+001  0.136666E-006  0.526921E-005  0.526921E-005  0.202955E-003
  0.206406E+001  0.288890E+001  0.979219E-007  0.441598E-005  0.441598E-005  0.198874E-003
  0.206672E+001  0.289644E+001  0.675180E-007  0.366125E-005  0.366125E-005  0.198144E-003
  0.206938E+001  0.290399E+001  0.432622E-007  0.293859E-005  0.293859E-005  0.198996E-003
  0.207203E+001  0.291154E+001  0.240365E-007  0.217976E-005  0.217976E-005  0.196602E-003
  0.207467E+001  0.291909E+001  0.109631E-007  0.149135E-005  0.149135E-005  0.200499E-003
  0.207732E+001  0.292664E+001  0.268604E-008  0.742161E-006  0.742161E-006  0.195687E-003
  0.207995E+001  0.293419E+001  0.120279E-009  0.377143E-007  0.377143E-007  0.196506E-003
  0.208259E+001  0.294175E+001  0.210733E-008  0.656054E-006  0.656054E-006  0.192686E-003
  0.208522E+001  0.294930E+001  0.923982E-008  0.134363E-005  0.134363E-005  0.192773E-003
  0.208784E+001  0.295686E+001  0.212121E-007  0.203130E-005  0.203130E-005  0.193388E-003
  0.209046E+001  0.296442E+001  0.384830E-007  0.275377E-005  0.275377E-005  0.196426E-003
  0.209308E+001  0.297198E+001  0.588239E-007  0.336513E-005  0.336513E-005  0.192109E-003
  0.209570E+001  0.297954E+001  0.827438E-007  0.394678E-005  0.394678E-005  0.187981E-003
  0.209831E+001  0.298710E+001  0.111507E-006  0.456691E-005  0.456691E-005  0.186842E-003
  0.210092E+001  0.299466E+001  0.146413E-006  0.525752E-005  0.525752E-005  0.188639E-003
  0.210352E+001  0.300223E+001  0.181061E-006  0.579452E-005  0.579452E-005  0.185322E-003
  0.210612E+001  0.300979E+001  0.220712E-006  0.637409E-005  0.637409E-005  0.183984E-003
  0.210872E+001  0.301736E+001  0.263810E-006  0.694480E-005  0.694480E-005  0.182742E-003
  0.211132E+001  0.302492E+001  0.318953E-006  0.771763E-005  0.771763E-005  0.186674E-003
  0.211391E+001  0.303249E+001  0.361255E-006  0.809331E-005  0.809331E-005  0.181260E-003
  0.211650E+001  0.304006E+001  0.413411E-006  0.862613E-005  0.862613E-005  0.179942E-003
  0.211909E+001  0.304763E+001  0.475998E-006  0.929765E-005  0.929765E-005  0.181568E-003
  0.212167E+001  0.305520E+001  0.524666E-006  0.963873E-005  0.963873E-005  0.177038E-003
  0.212425E+001  0.306277E+001  0.586944E-006  0.101809E-004  0.101809E-004  0.176561E-003
  0.212683E+001  0.307035E+001  0.661373E-006  0.108688E-004  0.108688E-004  0.178585E-003
  0.212941E+001  0.307792E+001  0.714764E-006  0.111630E-004  0.111630E-004  0.174314E-003
  0.213199E+001  0.308549E+001  0.786404E-006  0.117042E-004  0.117042E-004  0.174173E-003
  0.213456E+001  0.309307E+001  0.853151E-006  0.121328E-004  0.121328E-004  0.172520E-003
  0.213713E+001  0.310064E+001  0.925894E-006  0.126098E-004  0.126098E-004  0.171715E-003
  0.213970E+001  0.310822E+001  0.101079E-005  0.132103E-004  0.132103E-004  0.172631E-003
  0.214227E+001  0.311580E+001  0.108437E-005  0.136253E-004  0.136253E-004  0.171188E-003
  0.214484E+001  0.312337E+001  0.114100E-005  0.138077E-004  0.138077E-004  0.167078E-003
  0.214741E+001  0.313095E+001  0.124114E-005  0.144882E-004  0.144882E-004  0.169112E-003
  0.214997E+001  0.313853E+001  0.129497E-005  0.146054E-004  0.146054E-004  0.164714E-003
  0.215253E+001  0.314611E+001  0.138284E-005  0.150893E-004  0.150893E-004  0.164639E-003
  0.215509E+001  0.315369E+001  0.147606E-005  0.156025E-004  0.156025E-004  0.164914E-003
  0.215765E+001  0.316127E+001  0.155835E-005  0.159757E-004  0.159757E-004  0.163768E-003
  0.216021E+001  0.316885E+001  0.162814E-005  0.162059E-004  0.162059E-004  0.161298E-003
  0.216277E+001  0.317643E+001  0.169995E-005  0.164457E-004  0.164457E-004  0.159090E-003
  0.216532E+001  0.318401E+001  0.184933E-005  0.174073E-004  0.174073E-004  0.163841E-003
  0.216788E+001  0.319159E+001  0.187077E-005  0.171470E-004  0.171470E-004  0.157157E-003
  0.217043E+001  0.319917E+001  0.200608E-005  0.179219E-004  0.179219E-004  0.160103E-003
  0.217299E+001  0.320675E+001  0.203960E-005  0.177728E-004  0.177728E-004  0.154863E-003
  0.217554E+001  0.321433E+001  0.212302E-005  0.180601E-004  0.180601E-004  0.153626E-003
  0.217809E+001  0.322191E+001  0.221723E-005  0.184265E-004  0.184265E-004  0.153128E-003
  0.218064E+001  0.322950E+001  0.237614E-005  0.193048E-004  0.193048E-004  0.156835E-003
  0.218320E+001  0.323708E+001  0.240803E-005  0.191367E-004  0.191367E-004  0.152074E-003
  0.218575E+001  0.324466E+001  0.250691E-005  0.195012E-004  0.195012E-004  0.151694E-003
  0.218830E+001  0.325224E+001  0.262292E-005  0.199840E-004  0.199840E-004  0.152253E-003
  0.219084E+001  0.325983E+001  0.272365E-005  0.203377E-004  0.203377E-004  0.151858E-003
  0.219339E+001  0.326741E+001  0.275825E-005  0.201947E-004  0.201947E-004  0.147851E-003
  0.219594E+001  0.327499E+001  0.281133E-005  0.201925E-004  0.201925E-004  0.145029E-003
  0.219849E+001  0.328258E+001  0.290105E-005  0.204513E-004  0.204513E-004  0.144170E-003
  0.220104E+001  0.329016E+001  0.298078E-005  0.206343E-004  0.206343E-004  0.142836E-003
  0.220359E+001  0.329774E+001  0.311814E-005  0.212053E-004  0.212053E-004  0.144205E-003
  0.220613E+001  0.330533E+001  0.322791E-005  0.215763E-004  0.215763E-004  0.144218E-003
  0.220868E+001  0.331291E+001  0.323868E-005  0.212853E-004  0.212853E-004  0.139888E-003
  0.221123E+001  0.332049E+001  0.332208E-005  0.214759E-004  0.214759E-004  0.138830E-003
  0.221378E+001  0.332808E+001  0.340794E-005  0.216785E-004  0.216785E-004  0.137898E-003
  0.221632E+001  0.333566E+001  0.353886E-005  0.221607E-004  0.221607E-004  0.138770E-003
  0.221887E+001  0.334324E+001  0.356224E-005  0.219662E-004  0.219662E-004  0.135449E-003
  0.222142E+001  0.335083E+001  0.364388E-005  0.221337E-004  0.221337E-004  0.134442E-003
  0.222397E+001  0.335841E+001  0.373429E-005  0.223512E-004  0.223512E-004  0.133777E-003
  0.222652E+001  0.336599E+001  0.388199E-005  0.229027E-004  0.229027E-004  0.135117E-003
  0.222906E+001  0.337358E+001  0.400404E-005  0.232931E-004  0.232931E-004  0.135503E-003
  0.223161E+001  0.338116E+001  0.400636E-005  0.229869E-004  0.229869E-004  0.131887E-003
  0.223416E+001  0.338874E+001  0.404743E-005  0.229106E-004  0.229106E-004  0.129684E-003
  0.223671E+001  0.339633E+001  0.416497E-005  0.232657E-004  0.232657E-004  0.129960E-003
  0.223926E+001  0.340391E+001  0.421751E-005  0.232553E-004  0.232553E-004  0.128227E-003
  0.224181E+001  0.341149E+001  0.428373E-005  0.233219E-004  0.233219E-004  0.126969E-003
  0.224436E+001  0.341907E+001  0.435953E-005  0.234404E-004  0.234404E-004  0.126033E-003
  0.224692E+001  0.342666E+001  0.445954E-005  0.236857E-004  0.236857E-004  0.125798E-003
  0.224947E+001  0.343424E+001  0.450310E-005  0.236320E-004  0.236320E-004  0.124017E-003
  0.225202E+001  0.344182E+001  0.455433E-005  0.236213E-004  0.236213E-004  0.122512E-003
  0.225457E+001  0.344940E+001  0.464458E-005  0.238131E-004  0.238131E-004  0.122089E-003
  0.225713E+001  0.345698E+001  0.477728E-005  0.242165E-004  0.242165E-004  0.122754E-003
  0.225968E+001  0.346456E+001  0.476308E-005  0.238776E-004  0.238776E-004  0.119698E-003
  0.226224E+001  0.347214E+001  0.496247E-005  0.246061E-004  0.246061E-004  0.122006E-003
  0.226479E+001  0.347973E+001  0.495209E-005  0.242930E-004  0.242930E-004  0.119170E-003
  0.226735E+001  0.348731E+001  0.496266E-005  0.240890E-004  0.240890E-004  0.116927E-003
  0.226991E+001  0.349489E+001  0.505412E-005  0.242796E-004  0.242796E-004  0.116636E-003
  0.227246E+001  0.350247E+001  0.525114E-005  0.249712E-004  0.249712E-004  0.118746E-003
  0.227502E+001  0.351005E+001  0.527861E-005  0.248516E-004  0.248516E-004  0.116999E-003
  0.227758E+001  0.351763E+001  0.535589E-005  0.249683E-004  0.249683E-004  0.116397E-003
  0.228014E+001  0.352520E+001  0.532909E-005  0.246041E-004  0.246041E-004  0.113594E-003
  0.228271E+001  0.353278E+001  0.542350E-005  0.248019E-004  0.248019E-004  0.113419E-003
  0.228527E+001  0.354036E+001  0.539814E-005  0.244561E-004  0.244561E-004  0.110796E-003
  0.228783E+001  0.354794E+001  0.551185E-005  0.247425E-004  0.247425E-004  0.111067E-003
  0.229040E+001  0.355552E+001  0.551181E-005  0.245186E-004  0.245186E-004  0.109067E-003
  0.229296E+001  0.356309E+001  0.559286E-005  0.246587E-004  0.246587E-004  0.108718E-003
  0.229553E+001  0.357067E+001  0.561844E-005  0.245546E-004  0.245546E-004  0.107311E-003
  0.229810E+001  0.357825E+001  0.567287E-005  0.245789E-004  0.245789E-004  0.106492E-003
  0.230067E+001  0.358582E+001  0.579157E-005  0.248805E-004  0.248805E-004  0.106885E-003
  0.230324E+001  0.359340E+001  0.579798E-005  0.247002E-004  0.247002E-004  0.105225E-003
  0.230581E+001  0.360098E+001  0.582701E-005  0.246199E-004  0.246199E-004  0.104021E-003
  0.230838E+001  0.360855E+001  0.588290E-005  0.246550E-004  0.246550E-004  0.103327E-003
  0.231096E+001  0.361613E+001  0.597868E-005  0.248561E-004  0.248561E-004  0.103337E-003
  0.231353E+001  0.362370E+001  0.596919E-005  0.246221E-004  0.246221E-004  0.101562E-003
  0.231611E+001  0.363127E+001  0.616772E-005  0.252437E-004  0.252437E-004  0.103318E-003
  0.231868E+001  0.363885E+001  0.614799E-005  0.249715E-004  0.249715E-004  0.101427E-003
  0.232126E+001  0.364642E+001  0.611548E-005  0.246526E-004  0.246526E-004  0.993780E-004
  0.232384E+001  0.365399E+001  0.614740E-005  0.245976E-004  0.245976E-004  0.984212E-004
  0.232642E+001  0.366157E+001  0.627147E-005  0.249107E-004  0.249107E-004  0.989462E-004
  0.232900E+001  0.366914E+001  0.640129E-005  0.252434E-004  0.252434E-004  0.995458E-004
  0.233159E+001  0.367671E+001  0.627848E-005  0.245828E-004  0.245828E-004  0.962504E-004
  0.233417E+001  0.368428E+001  0.636888E-005  0.247624E-004  0.247624E-004  0.962757E-004
  0.233676E+001  0.369185E+001  0.634800E-005  0.245104E-004  0.245104E-004  0.946369E-004
  0.233935E+001  0.369942E+001  0.643092E-005  0.246612E-004  0.246612E-004  0.945697E-004
  0.234194E+001  0.370699E+001  0.649920E-005  0.247555E-004  0.247555E-004  0.942926E-004
  0.234453E+001  0.371456E+001  0.650751E-005  0.246227E-004  0.246227E-004  0.931653E-004
  0.234712E+001  0.372213E+001  0.649170E-005  0.244023E-004  0.244023E-004  0.917276E-004
  0.234971E+001  0.372969E+001  0.652162E-005  0.243567E-004  0.243567E-004  0.909658E-004
  0.235231E+001  0.373726E+001  0.669723E-005  0.248529E-004  0.248529E-004  0.922261E-004
  0.235490E+001  0.374483E+001  0.660526E-005  0.243578E-004  0.243578E-004  0.898219E-004
  0.235750E+001  0.375240E+001  0.661547E-005  0.242439E-004  0.242439E-004  0.888466E-004
  0.236010E+001  0.375996E+001  0.667894E-005  0.243265E-004  0.243265E-004  0.886028E-004
  0.236270E+001  0.376753E+001  0.667266E-005  0.241567E-004  0.241567E-004  0.874522E-004
  0.236530E+001  0.377509E+001  0.669895E-005  0.241071E-004  0.241071E-004  0.867521E-004
  0.236790E+001  0.378266E+001  0.685522E-005  0.245242E-004  0.245242E-004  0.877335E-004
  0.237051E+001  0.379022E+001  0.676653E-005  0.240657E-004  0.240657E-004  0.855912E-004
  0.237312E+001  0.379778E+001  0.702809E-005  0.248521E-004  0.248521E-004  0.878790E-004
  0.237572E+001  0.380535E+001  0.687972E-005  0.241897E-004  0.241897E-004  0.850527E-004
  0.237833E+001  0.381291E+001  0.685254E-005  0.239590E-004  0.239590E-004  0.837691E-004
  0.238094E+001  0.382047E+001  0.688430E-005  0.239368E-004  0.239368E-004  0.832280E-004
  0.238356E+001  0.382803E+001  0.702130E-005  0.242792E-004  0.242792E-004  0.839552E-004
  0.238617E+001  0.383559E+001  0.689323E-005  0.237077E-004  0.237077E-004  0.815366E-004
  0.238879E+001  0.384315E+001  0.710021E-005  0.242889E-004  0.242889E-004  0.830887E-004
  0.239140E+001  0.385071E+001  0.693391E-005  0.235952E-004  0.235952E-004  0.802908E-004
  0.239402E+001  0.385827E+001  0.694003E-005  0.234928E-004  0.234928E-004  0.795255E-004
  0.239664E+001  0.386583E+001  0.696911E-005  0.234697E-004  0.234697E-004  0.790379E-004
  0.239926E+001  0.387339E+001  0.708075E-005  0.237244E-004  0.237244E-004  0.794890E-004
  0.240189E+001  0.388095E+001  0.699186E-005  0.233083E-004  0.233083E-004  0.777011E-004
  0.240451E+001  0.388851E+001  0.716076E-005  0.237529E-004  0.237529E-004  0.787899E-004
  0.240714E+001  0.389606E+001  0.701214E-005  0.231454E-004  0.231454E-004  0.763968E-004
  0.240977E+001  0.390362E+001  0.702472E-005  0.230741E-004  0.230741E-004  0.757912E-004
  0.241240E+001  0.391117E+001  0.705349E-005  0.230573E-004  0.230573E-004  0.753720E-004
  0.241503E+001  0.391873E+001  0.707039E-005  0.230028E-004  0.230028E-004  0.748369E-004
  0.241766E+001  0.392628E+001  0.715398E-005  0.231656E-004  0.231656E-004  0.750128E-004
  0.242030E+001  0.393383E+001  0.709140E-005  0.228561E-004  0.228561E-004  0.736661E-004
  0.242294E+001  0.394139E+001  0.712038E-005  0.228439E-004  0.228439E-004  0.732885E-004
  0.242557E+001  0.394894E+001  0.722664E-005  0.230799E-004  0.230799E-004  0.737102E-004
  0.242822E+001  0.395649E+001  0.727451E-005  0.231280E-004  0.231280E-004  0.735309E-004
  0.243086E+001  0.396404E+001  0.719770E-005  0.227822E-004  0.227822E-004  0.721099E-004
  0.243350E+001  0.397159E+001  0.710757E-005  0.223982E-004  0.223982E-004  0.705832E-004
  0.243615E+001  0.397914E+001  0.729370E-005  0.228847E-004  0.228847E-004  0.718022E-004
  0.243879E+001  0.398669E+001  0.712747E-005  0.222672E-004  0.222672E-004  0.695652E-004
  0.244144E+001  0.399424E+001  0.711936E-005  0.221472E-004  0.221472E-004  0.688958E-004
  0.244409E+001  0.400179E+001  0.713416E-005  0.220998E-004  0.220998E-004  0.684593E-004
  0.244674E+001  0.400934E+001  0.723677E-005  0.223244E-004  0.223244E-004  0.688674E-004
  0.244940E+001  0.401688E+001  0.723356E-005  0.222224E-004  0.222224E-004  0.682695E-004
  0.245205E+001  0.402443E+001  0.715966E-005  0.219059E-004  0.219059E-004  0.670234E-004
  0.245471E+001  0.403198E+001  0.713319E-005  0.217368E-004  0.217368E-004  0.662375E-004
  0.245737E+001  0.403952E+001  0.714611E-005  0.216892E-004  0.216892E-004  0.658285E-004
  0.246003E+001  0.404707E+001  0.712852E-005  0.215504E-004  0.215504E-004  0.651489E-004
  0.246269E+001  0.405461E+001  0.714017E-005  0.215013E-004  0.215013E-004  0.647465E-004
  0.246536E+001  0.406215E+001  0.729508E-005  0.218826E-004  0.218826E-004  0.656392E-004
  0.246802E+001  0.406970E+001  0.717035E-005  0.214262E-004  0.214262E-004  0.640248E-004
  0.247069E+001  0.407724E+001  0.711718E-005  0.211866E-004  0.211866E-004  0.630687E-004
  0.247336E+001  0.408478E+001  0.712504E-005  0.211304E-004  0.211304E-004  0.626653E-004
  0.247603E+001  0.409232E+001  0.711178E-005  0.210128E-004  0.210128E-004  0.620850E-004
  0.247870E+001  0.409986E+001  0.712689E-005  0.209801E-004  0.209801E-004  0.617606E-004
  0.248138E+001  0.410740E+001  0.716172E-005  0.210057E-004  0.210057E-004  0.616105E-004
  0.248405E+001  0.411494E+001  0.715540E-005  0.209117E-004  0.209117E-004  0.611141E-004
  0.248673E+001  0.412248E+001  0.710758E-005  0.206978E-004  0.206978E-004  0.602729E-004
  0.248941E+001  0.413002E+001  0.711556E-005  0.206478E-004  0.206478E-004  0.599148E-004
  0.249209E+001  0.413755E+001  0.708541E-005  0.204884E-004  0.204884E-004  0.592444E-004
  0.249478E+001  0.414509E+001  0.714978E-005  0.206027E-004  0.206027E-004  0.593680E-004
  0.249746E+001  0.415263E+001  0.709436E-005  0.203730E-004  0.203730E-004  0.585050E-004
  0.250015E+001  0.416016E+001  0.707879E-005  0.202591E-004  0.202591E-004  0.579800E-004
