  0.943738E+000  0.362319E-001  0.592767E-004  0.411959E-003  0.411959E-003  0.286305E-002
  0.943738E+000  0.362319E-001  0.592767E-004  0.411959E-003  0.411959E-003  0.286305E-002
  0.943453E+000  0.412238E-001  0.684790E-004  0.418119E-003  0.418119E-003  0.255297E-002
  0.943136E+000  0.462138E-001  0.775279E-004  0.422141E-003  0.422141E-003  0.229858E-002
  0.942788E+000  0.512016E-001  0.869256E-004  0.427047E-003  0.427047E-003  0.209800E-002
  0.942411E+000  0.561874E-001  0.968381E-004  0.433381E-003  0.433381E-003  0.193952E-002
  0.942005E+000  0.611709E-001  0.106910E-003  0.439176E-003  0.439176E-003  0.180410E-002
  0.941573E+000  0.661522E-001  0.117623E-003  0.446485E-003  0.446485E-003  0.169482E-002
  0.941116E+000  0.711313E-001  0.128850E-003  0.454479E-003  0.454479E-003  0.160304E-002
  0.940636E+000  0.761081E-001  0.140617E-003  0.463105E-003  0.463105E-003  0.152519E-002
  0.940134E+000  0.810829E-001  0.153082E-003  0.472681E-003  0.472681E-003  0.145953E-002
  0.939612E+000  0.860556E-001  0.166362E-003  0.483378E-003  0.483378E-003  0.140449E-002
  0.939072E+000  0.910263E-001  0.179943E-003  0.493589E-003  0.493589E-003  0.135393E-002
  0.938515E+000  0.959952E-001  0.194520E-003  0.505149E-003  0.505149E-003  0.131182E-002
  0.937942E+000  0.100962E+000  0.210284E-003  0.518268E-003  0.518268E-003  0.127733E-002
  0.937356E+000  0.105928E+000  0.226683E-003  0.531465E-003  0.531465E-003  0.124603E-002
  0.936757E+000  0.110892E+000  0.244501E-003  0.546386E-003  0.546386E-003  0.122101E-002
  0.936146E+000  0.115854E+000  0.262997E-003  0.561172E-003  0.561172E-003  0.119740E-002
  0.935526E+000  0.120816E+000  0.282983E-003  0.577522E-003  0.577522E-003  0.117863E-002
  0.934897E+000  0.125776E+000  0.304473E-003  0.595184E-003  0.595184E-003  0.116347E-002
  0.934261E+000  0.130735E+000  0.327494E-003  0.614035E-003  0.614035E-003  0.115129E-002
  0.933619E+000  0.135694E+000  0.352673E-003  0.635017E-003  0.635017E-003  0.114340E-002
  0.932971E+000  0.140652E+000  0.378961E-003  0.655975E-003  0.655975E-003  0.113548E-002
  0.932320E+000  0.145609E+000  0.407636E-003  0.679063E-003  0.679063E-003  0.113122E-002
  0.931666E+000  0.150566E+000  0.438722E-003  0.704000E-003  0.704000E-003  0.112968E-002
  0.931010E+000  0.155523E+000  0.472240E-003  0.730561E-003  0.730561E-003  0.113019E-002
  0.930353E+000  0.160480E+000  0.508671E-003  0.759235E-003  0.759235E-003  0.113322E-002
  0.929697E+000  0.165436E+000  0.548220E-003  0.790080E-003  0.790080E-003  0.113865E-002
  0.929041E+000  0.170393E+000  0.591614E-003  0.823748E-003  0.823748E-003  0.114697E-002
  0.928388E+000  0.175350E+000  0.637943E-003  0.858744E-003  0.858744E-003  0.115597E-002
  0.927738E+000  0.180308E+000  0.688963E-003  0.897119E-003  0.897119E-003  0.116816E-002
  0.927092E+000  0.185266E+000  0.745693E-003  0.939757E-003  0.939757E-003  0.118433E-002
  0.926450E+000  0.190225E+000  0.806147E-003  0.983707E-003  0.983707E-003  0.120038E-002
  0.925814E+000  0.195184E+000  0.873697E-003  0.103279E-002  0.103279E-002  0.122085E-002
  0.925185E+000  0.200144E+000  0.947824E-003  0.108585E-002  0.108585E-002  0.124398E-002
  0.924563E+000  0.205106E+000  0.102983E-002  0.114383E-002  0.114383E-002  0.127045E-002
  0.923949E+000  0.210068E+000  0.112240E-002  0.120907E-002  0.120907E-002  0.130243E-002
  0.923345E+000  0.215031E+000  0.122206E-002  0.127724E-002  0.127724E-002  0.133491E-002
  0.922751E+000  0.219996E+000  0.133412E-002  0.135329E-002  0.135329E-002  0.137274E-002
  0.922168E+000  0.224962E+000  0.146005E-002  0.143785E-002  0.143785E-002  0.141599E-002
  0.921597E+000  0.229929E+000  0.160161E-002  0.153173E-002  0.153173E-002  0.146491E-002
  0.921039E+000  0.234898E+000  0.176240E-002  0.163733E-002  0.163733E-002  0.152113E-002
  0.920494E+000  0.239868E+000  0.194395E-002  0.175477E-002  0.175477E-002  0.158400E-002
  0.919965E+000  0.244840E+000  0.214662E-002  0.188335E-002  0.188335E-002  0.165238E-002
  0.919452E+000  0.249813E+000  0.238056E-002  0.203054E-002  0.203054E-002  0.173198E-002
  0.918956E+000  0.254789E+000  0.265040E-002  0.219840E-002  0.219840E-002  0.182349E-002
  0.918478E+000  0.259766E+000  0.297022E-002  0.239635E-002  0.239635E-002  0.193336E-002
  0.918020E+000  0.264745E+000  0.333452E-002  0.261749E-002  0.261749E-002  0.205465E-002
  0.917583E+000  0.269726E+000  0.376050E-002  0.287281E-002  0.287281E-002  0.219466E-002
  0.917168E+000  0.274708E+000  0.427411E-002  0.317852E-002  0.317852E-002  0.236377E-002
  0.916777E+000  0.279693E+000  0.490451E-002  0.355161E-002  0.355161E-002  0.257191E-002
  0.916410E+000  0.284680E+000  0.565629E-002  0.398936E-002  0.398936E-002  0.281368E-002
  0.916071E+000  0.289668E+000  0.662874E-002  0.455529E-002  0.455529E-002  0.313041E-002
  0.915759E+000  0.294658E+000  0.780383E-002  0.522634E-002  0.522634E-002  0.350015E-002
  0.915478E+000  0.299650E+000  0.938950E-002  0.613077E-002  0.613077E-002  0.400302E-002
  0.915228E+000  0.304644E+000  0.115655E-001  0.736435E-002  0.736435E-002  0.468927E-002
  0.915013E+000  0.309640E+000  0.147588E-001  0.916938E-002  0.916938E-002  0.569677E-002
  0.914833E+000  0.314636E+000  0.194959E-001  0.118219E-001  0.118219E-001  0.716859E-002
  0.914691E+000  0.319634E+000  0.282344E-001  0.167178E-001  0.167178E-001  0.989869E-002
  0.914588E+000  0.324633E+000  0.479899E-001  0.277521E-001  0.277521E-001  0.160488E-001
  0.914529E+000  0.329633E+000  0.172088E+000  0.973035E-001  0.973035E-001  0.550183E-001
  0.914513E+000  0.334633E+000  0.562886E+000  0.311129E+000  0.311129E+000  0.171973E+000
  0.914544E+000  0.339633E+000  0.823191E-001  0.445222E-001  0.445222E-001  0.240798E-001
  0.914624E+000  0.344632E+000  0.460243E-001  0.243690E-001  0.243690E-001  0.129030E-001
  0.914755E+000  0.349630E+000  0.331534E-001  0.171965E-001  0.171965E-001  0.891976E-002
  0.914940E+000  0.354627E+000  0.260920E-001  0.132660E-001  0.132660E-001  0.674490E-002
  0.915180E+000  0.359621E+000  0.221501E-001  0.110474E-001  0.110474E-001  0.550994E-002
  0.915476E+000  0.364612E+000  0.193940E-001  0.949643E-002  0.949643E-002  0.465000E-002
  0.915832E+000  0.369600E+000  0.174002E-001  0.837066E-002  0.837066E-002  0.402686E-002
  0.916248E+000  0.374582E+000  0.159700E-001  0.755410E-002  0.755410E-002  0.357323E-002
  0.916726E+000  0.379560E+000  0.148494E-001  0.691222E-002  0.691222E-002  0.321755E-002
  0.917266E+000  0.384530E+000  0.139853E-001  0.641188E-002  0.641188E-002  0.293968E-002
  0.917869E+000  0.389494E+000  0.132896E-001  0.600639E-002  0.600639E-002  0.271466E-002
  0.918535E+000  0.394449E+000  0.127199E-001  0.567228E-002  0.567228E-002  0.252948E-002
  0.919264E+000  0.399396E+000  0.122451E-001  0.539254E-002  0.539254E-002  0.237478E-002
  0.920055E+000  0.404333E+000  0.118558E-001  0.516065E-002  0.516065E-002  0.224636E-002
  0.920909E+000  0.409259E+000  0.115136E-001  0.495799E-002  0.495799E-002  0.213500E-002
  0.921822E+000  0.414175E+000  0.112195E-001  0.478375E-002  0.478375E-002  0.203969E-002
  0.922795E+000  0.419080E+000  0.109670E-001  0.463389E-002  0.463389E-002  0.195796E-002
  0.923826E+000  0.423972E+000  0.107378E-001  0.449981E-002  0.449981E-002  0.188570E-002
  0.924912E+000  0.428853E+000  0.105419E-001  0.438493E-002  0.438493E-002  0.182393E-002
  0.926052E+000  0.433721E+000  0.103656E-001  0.428288E-002  0.428288E-002  0.176961E-002
  0.927244E+000  0.438577E+000  0.102047E-001  0.419137E-002  0.419137E-002  0.172151E-002
  0.928486E+000  0.443420E+000  0.100592E-001  0.410990E-002  0.410990E-002  0.167918E-002
  0.929775E+000  0.448251E+000  0.992613E-002  0.403687E-002  0.403687E-002  0.164176E-002
  0.931109E+000  0.453070E+000  0.980152E-002  0.397033E-002  0.397033E-002  0.160827E-002
  0.932487E+000  0.457877E+000  0.968865E-002  0.391126E-002  0.391126E-002  0.157895E-002
  0.933905E+000  0.462671E+000  0.957941E-002  0.385611E-002  0.385611E-002  0.155225E-002
  0.935363E+000  0.467454E+000  0.948033E-002  0.380727E-002  0.380727E-002  0.152899E-002
  0.936857E+000  0.472225E+000  0.938188E-002  0.376069E-002  0.376069E-002  0.150745E-002
  0.938387E+000  0.476986E+000  0.929027E-002  0.371865E-002  0.371865E-002  0.148847E-002
  0.939950E+000  0.481735E+000  0.920277E-002  0.367988E-002  0.367988E-002  0.147146E-002
  0.941545E+000  0.486474E+000  0.911843E-002  0.364384E-002  0.364384E-002  0.145613E-002
  0.943170E+000  0.491202E+000  0.903670E-002  0.361017E-002  0.361017E-002  0.144227E-002
  0.944824E+000  0.495921E+000  0.895779E-002  0.357883E-002  0.357883E-002  0.142982E-002
  0.946505E+000  0.500630E+000  0.888143E-002  0.354957E-002  0.354957E-002  0.141863E-002
  0.948212E+000  0.505330E+000  0.880739E-002  0.352221E-002  0.352221E-002  0.140859E-002
  0.949943E+000  0.510020E+000  0.873424E-002  0.349608E-002  0.349608E-002  0.139938E-002
  0.951698E+000  0.514702E+000  0.866396E-002  0.347187E-002  0.347187E-002  0.139127E-002
  0.953475E+000  0.519376E+000  0.859316E-002  0.344816E-002  0.344816E-002  0.138364E-002
  0.955273E+000  0.524041E+000  0.852498E-002  0.342612E-002  0.342612E-002  0.137693E-002
  0.957092E+000  0.528699E+000  0.845804E-002  0.340515E-002  0.340515E-002  0.137089E-002
  0.958930E+000  0.533348E+000  0.839214E-002  0.338509E-002  0.338509E-002  0.136542E-002
  0.960787E+000  0.537991E+000  0.832792E-002  0.336615E-002  0.336615E-002  0.136060E-002
  0.962662E+000  0.542626E+000  0.826338E-002  0.334748E-002  0.334748E-002  0.135606E-002
  0.964554E+000  0.547254E+000  0.820051E-002  0.332984E-002  0.332984E-002  0.135209E-002
  0.966462E+000  0.551876E+000  0.813966E-002  0.331333E-002  0.331333E-002  0.134872E-002
  0.968387E+000  0.556491E+000  0.807802E-002  0.329676E-002  0.329676E-002  0.134546E-002
  0.970326E+000  0.561099E+000  0.801752E-002  0.328089E-002  0.328089E-002  0.134259E-002
  0.972280E+000  0.565702E+000  0.795775E-002  0.326552E-002  0.326552E-002  0.134003E-002
  0.974248E+000  0.570298E+000  0.789917E-002  0.325082E-002  0.325082E-002  0.133784E-002
  0.976229E+000  0.574889E+000  0.784266E-002  0.323711E-002  0.323711E-002  0.133614E-002
  0.978224E+000  0.579473E+000  0.778374E-002  0.322254E-002  0.322254E-002  0.133416E-002
  0.980232E+000  0.584053E+000  0.772753E-002  0.320919E-002  0.320919E-002  0.133276E-002
  0.982251E+000  0.588627E+000  0.767169E-002  0.319608E-002  0.319608E-002  0.133151E-002
  0.984283E+000  0.593195E+000  0.761663E-002  0.318336E-002  0.318336E-002  0.133048E-002
  0.986326E+000  0.597759E+000  0.756149E-002  0.317064E-002  0.317064E-002  0.132950E-002
  0.988380E+000  0.602318E+000  0.750718E-002  0.315831E-002  0.315831E-002  0.132872E-002
  0.990445E+000  0.606871E+000  0.745430E-002  0.314660E-002  0.314660E-002  0.132824E-002
  0.992520E+000  0.611420E+000  0.740089E-002  0.313466E-002  0.313466E-002  0.132769E-002
  0.994606E+000  0.615965E+000  0.734870E-002  0.312324E-002  0.312324E-002  0.132740E-002
  0.996701E+000  0.620504E+000  0.729696E-002  0.311199E-002  0.311199E-002  0.132720E-002
  0.998806E+000  0.625040E+000  0.724591E-002  0.310101E-002  0.310101E-002  0.132713E-002
  0.100092E+001  0.629571E+000  0.719620E-002  0.309057E-002  0.309057E-002  0.132731E-002
  0.100304E+001  0.634097E+000  0.718842E-002  0.309814E-002  0.309814E-002  0.133527E-002
  0.100518E+001  0.638620E+000  0.714334E-002  0.308971E-002  0.308971E-002  0.133639E-002
  0.100732E+001  0.643138E+000  0.707859E-002  0.307266E-002  0.307266E-002  0.133377E-002
  0.100947E+001  0.647653E+000  0.703921E-002  0.306655E-002  0.306655E-002  0.133590E-002
  0.101162E+001  0.652163E+000  0.698901E-002  0.305563E-002  0.305563E-002  0.133593E-002
  0.101379E+001  0.656670E+000  0.690458E-002  0.302966E-002  0.302966E-002  0.132939E-002
  0.101596E+001  0.661173E+000  0.687398E-002  0.302717E-002  0.302717E-002  0.133311E-002
  0.101814E+001  0.665672E+000  0.684014E-002  0.302322E-002  0.302322E-002  0.133621E-002
  0.102033E+001  0.670168E+000  0.677215E-002  0.300409E-002  0.300409E-002  0.133260E-002
  0.102253E+001  0.674660E+000  0.673727E-002  0.299955E-002  0.299955E-002  0.133546E-002
  0.102473E+001  0.679149E+000  0.667261E-002  0.298162E-002  0.298162E-002  0.133232E-002
  0.102694E+001  0.683634E+000  0.662785E-002  0.297246E-002  0.297246E-002  0.133309E-002
  0.102916E+001  0.688116E+000  0.661892E-002  0.297934E-002  0.297934E-002  0.134108E-002
  0.103138E+001  0.692594E+000  0.654141E-002  0.295522E-002  0.295522E-002  0.133508E-002
  0.103361E+001  0.697070E+000  0.649817E-002  0.294645E-002  0.294645E-002  0.133600E-002
  0.103585E+001  0.701542E+000  0.651512E-002  0.296497E-002  0.296497E-002  0.134933E-002
  0.103809E+001  0.706011E+000  0.642875E-002  0.293637E-002  0.293637E-002  0.134120E-002
  0.104034E+001  0.710477E+000  0.641461E-002  0.294064E-002  0.294064E-002  0.134807E-002
  0.104259E+001  0.714940E+000  0.632750E-002  0.291130E-002  0.291130E-002  0.133949E-002
  0.104485E+001  0.719400E+000  0.628655E-002  0.290302E-002  0.290302E-002  0.134056E-002
  0.104712E+001  0.723857E+000  0.627869E-002  0.290999E-002  0.290999E-002  0.134870E-002
  0.104939E+001  0.728311E+000  0.621655E-002  0.289169E-002  0.289169E-002  0.134510E-002
  0.105167E+001  0.732763E+000  0.621850E-002  0.290313E-002  0.290313E-002  0.135534E-002
  0.105395E+001  0.737211E+000  0.613998E-002  0.287688E-002  0.287688E-002  0.134796E-002
  0.105624E+001  0.741657E+000  0.613455E-002  0.288478E-002  0.288478E-002  0.135657E-002
  0.105853E+001  0.746100E+000  0.605292E-002  0.285669E-002  0.285669E-002  0.134822E-002
  0.106083E+001  0.750541E+000  0.603116E-002  0.285672E-002  0.285672E-002  0.135311E-002
  0.106313E+001  0.754979E+000  0.597039E-002  0.283813E-002  0.283813E-002  0.134915E-002
  0.106544E+001  0.759414E+000  0.594124E-002  0.283444E-002  0.283444E-002  0.135225E-002
  0.106775E+001  0.763847E+000  0.589753E-002  0.282369E-002  0.282369E-002  0.135196E-002
  0.107007E+001  0.768277E+000  0.586234E-002  0.281691E-002  0.281691E-002  0.135355E-002
  0.107239E+001  0.772705E+000  0.582332E-002  0.280816E-002  0.280816E-002  0.135417E-002
  0.107472E+001  0.777131E+000  0.579168E-002  0.280288E-002  0.280288E-002  0.135645E-002
  0.107705E+001  0.781554E+000  0.574916E-002  0.279220E-002  0.279220E-002  0.135609E-002
  0.107939E+001  0.785975E+000  0.575468E-002  0.280482E-002  0.280482E-002  0.136707E-002
  0.108173E+001  0.790393E+000  0.572052E-002  0.279805E-002  0.279805E-002  0.136860E-002
  0.108407E+001  0.794810E+000  0.564256E-002  0.276965E-002  0.276965E-002  0.135948E-002
  0.108642E+001  0.799224E+000  0.561031E-002  0.276353E-002  0.276353E-002  0.136126E-002
  0.108877E+001  0.803635E+000  0.557567E-002  0.275610E-002  0.275610E-002  0.136237E-002
  0.109113E+001  0.808045E+000  0.554633E-002  0.275122E-002  0.275122E-002  0.136473E-002
  0.109349E+001  0.812453E+000  0.550698E-002  0.274125E-002  0.274125E-002  0.136453E-002
  0.109585E+001  0.816858E+000  0.549374E-002  0.274416E-002  0.274416E-002  0.137073E-002
  0.109822E+001  0.821262E+000  0.544738E-002  0.273047E-002  0.273047E-002  0.136863E-002
  0.110059E+001  0.825663E+000  0.543857E-002  0.273549E-002  0.273549E-002  0.137589E-002
  0.110297E+001  0.830063E+000  0.537316E-002  0.271194E-002  0.271194E-002  0.136877E-002
  0.110535E+001  0.834460E+000  0.534043E-002  0.270471E-002  0.270471E-002  0.136982E-002
  0.110773E+001  0.838855E+000  0.532136E-002  0.270429E-002  0.270429E-002  0.137431E-002
  0.111012E+001  0.843249E+000  0.527678E-002  0.269083E-002  0.269083E-002  0.137216E-002
  0.111251E+001  0.847641E+000  0.524496E-002  0.268374E-002  0.268374E-002  0.137321E-002
  0.111490E+001  0.852031E+000  0.523439E-002  0.268743E-002  0.268743E-002  0.137977E-002
  0.111730E+001  0.856419E+000  0.518278E-002  0.266997E-002  0.266997E-002  0.137547E-002
  0.111970E+001  0.860805E+000  0.515205E-002  0.266312E-002  0.266312E-002  0.137658E-002
  0.112210E+001  0.865190E+000  0.514738E-002  0.266966E-002  0.266966E-002  0.138461E-002
  0.112451E+001  0.869572E+000  0.509129E-002  0.264946E-002  0.264946E-002  0.137876E-002
  0.112692E+001  0.873953E+000  0.506158E-002  0.264283E-002  0.264283E-002  0.137991E-002
  0.112933E+001  0.878333E+000  0.504371E-002  0.264228E-002  0.264228E-002  0.138423E-002
  0.113175E+001  0.882710E+000  0.500859E-002  0.263264E-002  0.263264E-002  0.138378E-002
  0.113417E+001  0.887086E+000  0.499105E-002  0.263213E-002  0.263213E-002  0.138811E-002
  0.113659E+001  0.891461E+000  0.494740E-002  0.261774E-002  0.261774E-002  0.138508E-002
  0.113901E+001  0.895834E+000  0.493077E-002  0.261753E-002  0.261753E-002  0.138953E-002
  0.114144E+001  0.900205E+000  0.488702E-002  0.260285E-002  0.260285E-002  0.138629E-002
  0.114387E+001  0.904575E+000  0.485894E-002  0.259637E-002  0.259637E-002  0.138737E-002
  0.114630E+001  0.908943E+000  0.484421E-002  0.259694E-002  0.259694E-002  0.139220E-002
  0.114874E+001  0.913310E+000  0.480666E-002  0.258522E-002  0.258522E-002  0.139043E-002
  0.115118E+001  0.917675E+000  0.479621E-002  0.258798E-002  0.258798E-002  0.139644E-002
  0.115362E+001  0.922039E+000  0.476180E-002  0.257772E-002  0.257772E-002  0.139540E-002
  0.115606E+001  0.926402E+000  0.472153E-002  0.256414E-002  0.256414E-002  0.139252E-002
  0.115851E+001  0.930763E+000  0.471749E-002  0.257020E-002  0.257020E-002  0.140030E-002
  0.116095E+001  0.935122E+000  0.468886E-002  0.256275E-002  0.256275E-002  0.140070E-002
  0.116340E+001  0.939481E+000  0.467300E-002  0.256223E-002  0.256223E-002  0.140489E-002
  0.116586E+001  0.943838E+000  0.462453E-002  0.254375E-002  0.254375E-002  0.139920E-002
  0.116831E+001  0.948193E+000  0.459653E-002  0.253635E-002  0.253635E-002  0.139954E-002
  0.117077E+001  0.952548E+000  0.456352E-002  0.252610E-002  0.252610E-002  0.139830E-002
  0.117323E+001  0.956901E+000  0.453821E-002  0.251999E-002  0.251999E-002  0.139931E-002
  0.117569E+001  0.961253E+000  0.451606E-002  0.251556E-002  0.251556E-002  0.140123E-002
  0.117816E+001  0.965604E+000  0.451277E-002  0.252161E-002  0.252161E-002  0.140900E-002
  0.118062E+001  0.969953E+000  0.446645E-002  0.250348E-002  0.250348E-002  0.140322E-002
  0.118309E+001  0.974301E+000  0.443809E-002  0.249532E-002  0.249532E-002  0.140299E-002
  0.118556E+001  0.978649E+000  0.441380E-002  0.248934E-002  0.248934E-002  0.140397E-002
  0.118803E+001  0.982995E+000  0.439963E-002  0.248899E-002  0.248899E-002  0.140809E-002
  0.119051E+001  0.987339E+000  0.438139E-002  0.248631E-002  0.248631E-002  0.141091E-002
  0.119298E+001  0.991683E+000  0.435197E-002  0.247716E-002  0.247716E-002  0.141001E-002
  0.119546E+001  0.996026E+000  0.431908E-002  0.246595E-002  0.246595E-002  0.140792E-002
  0.119794E+001  0.100037E+001  0.430146E-002  0.246336E-002  0.246336E-002  0.141071E-002
  0.120042E+001  0.100471E+001  0.428968E-002  0.246405E-002  0.246405E-002  0.141538E-002
  0.120291E+001  0.100905E+001  0.425498E-002  0.245152E-002  0.245152E-002  0.141245E-002
  0.120539E+001  0.101339E+001  0.424265E-002  0.245175E-002  0.245175E-002  0.141682E-002
  0.120788E+001  0.101772E+001  0.421837E-002  0.244503E-002  0.244503E-002  0.141718E-002
  0.121037E+001  0.102206E+001  0.419024E-002  0.243599E-002  0.243599E-002  0.141616E-002
  0.121286E+001  0.102640E+001  0.415696E-002  0.242383E-002  0.242383E-002  0.141328E-002
  0.121535E+001  0.103073E+001  0.413561E-002  0.241853E-002  0.241853E-002  0.141437E-002
  0.121784E+001  0.103506E+001  0.411319E-002  0.241251E-002  0.241251E-002  0.141501E-002
  0.122034E+001  0.103940E+001  0.409103E-002  0.240659E-002  0.240659E-002  0.141570E-002
  0.122284E+001  0.104373E+001  0.409761E-002  0.241753E-002  0.241753E-002  0.142631E-002
  0.122533E+001  0.104806E+001  0.405646E-002  0.240022E-002  0.240022E-002  0.142022E-002
  0.122783E+001  0.105239E+001  0.403162E-002  0.239247E-002  0.239247E-002  0.141975E-002
  0.123033E+001  0.105672E+001  0.401879E-002  0.239176E-002  0.239176E-002  0.142344E-002
  0.123284E+001  0.106105E+001  0.399947E-002  0.238715E-002  0.238715E-002  0.142481E-002
  0.123534E+001  0.106538E+001  0.396626E-002  0.237413E-002  0.237413E-002  0.142111E-002
  0.123785E+001  0.106970E+001  0.401242E-002  0.240865E-002  0.240865E-002  0.144591E-002
  0.124035E+001  0.107403E+001  0.392377E-002  0.236214E-002  0.236214E-002  0.142203E-002
  0.124286E+001  0.107836E+001  0.390395E-002  0.235690E-002  0.235690E-002  0.142291E-002
  0.124537E+001  0.108268E+001  0.389207E-002  0.235638E-002  0.235638E-002  0.142663E-002
  0.124788E+001  0.108701E+001  0.386308E-002  0.234542E-002  0.234542E-002  0.142399E-002
  0.125039E+001  0.109133E+001  0.384297E-002  0.233976E-002  0.233976E-002  0.142454E-002
  0.125290E+001  0.109565E+001  0.382391E-002  0.233467E-002  0.233467E-002  0.142541E-002
  0.125542E+001  0.109997E+001  0.386038E-002  0.236351E-002  0.236351E-002  0.144706E-002
  0.125793E+001  0.110430E+001  0.379215E-002  0.232817E-002  0.232817E-002  0.142937E-002
  0.126045E+001  0.110862E+001  0.377125E-002  0.232175E-002  0.232175E-002  0.142937E-002
  0.126296E+001  0.111294E+001  0.376808E-002  0.232616E-002  0.232616E-002  0.143602E-002
  0.126548E+001  0.111726E+001  0.373410E-002  0.231151E-002  0.231151E-002  0.143089E-002
  0.126800E+001  0.112158E+001  0.371239E-002  0.230434E-002  0.230434E-002  0.143035E-002
  0.127052E+001  0.112590E+001  0.369628E-002  0.230058E-002  0.230058E-002  0.143189E-002
  0.127304E+001  0.113021E+001  0.367665E-002  0.229456E-002  0.229456E-002  0.143201E-002
  0.127556E+001  0.113453E+001  0.365633E-002  0.228802E-002  0.228802E-002  0.143177E-002
  0.127808E+001  0.113885E+001  0.366785E-002  0.230139E-002  0.230139E-002  0.144400E-002
  0.128061E+001  0.114316E+001  0.364740E-002  0.229469E-002  0.229469E-002  0.144365E-002
  0.128313E+001  0.114748E+001  0.360337E-002  0.227300E-002  0.227300E-002  0.143381E-002
  0.128566E+001  0.115180E+001  0.358559E-002  0.226779E-002  0.226779E-002  0.143432E-002
  0.128818E+001  0.115611E+001  0.356923E-002  0.226339E-002  0.226339E-002  0.143530E-002
  0.129071E+001  0.116043E+001  0.355086E-002  0.225766E-002  0.225766E-002  0.143544E-002
  0.129324E+001  0.116474E+001  0.355173E-002  0.226413E-002  0.226413E-002  0.144332E-002
  0.129576E+001  0.116905E+001  0.351765E-002  0.224823E-002  0.224823E-002  0.143691E-002
  0.129829E+001  0.117337E+001  0.351277E-002  0.225094E-002  0.225094E-002  0.144237E-002
  0.130082E+001  0.117768E+001  0.348369E-002  0.223807E-002  0.223807E-002  0.143783E-002
  0.130335E+001  0.118199E+001  0.346709E-002  0.223313E-002  0.223313E-002  0.143835E-002
  0.130588E+001  0.118631E+001  0.346600E-002  0.223815E-002  0.223815E-002  0.144527E-002
  0.130841E+001  0.119062E+001  0.344769E-002  0.223200E-002  0.223200E-002  0.144497E-002
  0.131094E+001  0.119493E+001  0.343520E-002  0.222955E-002  0.222955E-002  0.144704E-002
  0.131348E+001  0.119924E+001  0.342449E-002  0.222823E-002  0.222823E-002  0.144986E-002
  0.131601E+001  0.120355E+001  0.339514E-002  0.221469E-002  0.221469E-002  0.144467E-002
  0.131854E+001  0.120786E+001  0.337149E-002  0.220477E-002  0.220477E-002  0.144180E-002
  0.132108E+001  0.121217E+001  0.341117E-002  0.223630E-002  0.223630E-002  0.146607E-002
  0.132361E+001  0.121648E+001  0.335548E-002  0.220525E-002  0.220525E-002  0.144931E-002
  0.132614E+001  0.122080E+001  0.336167E-002  0.221477E-002  0.221477E-002  0.145916E-002
  0.132868E+001  0.122511E+001  0.331117E-002  0.218689E-002  0.218689E-002  0.144435E-002
  0.133121E+001  0.122941E+001  0.329598E-002  0.218219E-002  0.218219E-002  0.144478E-002
  0.133375E+001  0.123372E+001  0.330159E-002  0.219126E-002  0.219126E-002  0.145433E-002
  0.133628E+001  0.123803E+001  0.326842E-002  0.217451E-002  0.217451E-002  0.144672E-002
  0.133882E+001  0.124234E+001  0.325802E-002  0.217286E-002  0.217286E-002  0.144913E-002
  0.134136E+001  0.124665E+001  0.327018E-002  0.218624E-002  0.218624E-002  0.146159E-002
  0.134389E+001  0.125096E+001  0.322529E-002  0.216140E-002  0.216140E-002  0.144845E-002
  0.134643E+001  0.125527E+001  0.321289E-002  0.215826E-002  0.215826E-002  0.144981E-002
  0.134896E+001  0.125958E+001  0.322696E-002  0.217288E-002  0.217288E-002  0.146311E-002
  0.135150E+001  0.126389E+001  0.319321E-002  0.215527E-002  0.215527E-002  0.145471E-002
  0.135404E+001  0.126820E+001  0.317046E-002  0.214499E-002  0.214499E-002  0.145120E-002
  0.135658E+001  0.127250E+001  0.319698E-002  0.216805E-002  0.216805E-002  0.147027E-002
  0.135911E+001  0.127681E+001  0.314419E-002  0.213726E-002  0.213726E-002  0.145279E-002
  0.136165E+001  0.128112E+001  0.312934E-002  0.213216E-002  0.213216E-002  0.145273E-002
  0.136419E+001  0.128543E+001  0.312027E-002  0.213095E-002  0.213095E-002  0.145531E-002
  0.136672E+001  0.128974E+001  0.313728E-002  0.214755E-002  0.214755E-002  0.147005E-002
  0.136926E+001  0.129405E+001  0.310788E-002  0.213237E-002  0.213237E-002  0.146306E-002
  0.137180E+001  0.129835E+001  0.308693E-002  0.212291E-002  0.212291E-002  0.145994E-002
  0.137434E+001  0.130266E+001  0.308765E-002  0.212831E-002  0.212831E-002  0.146704E-002
  0.137687E+001  0.130697E+001  0.306098E-002  0.211478E-002  0.211478E-002  0.146106E-002
  0.137941E+001  0.131128E+001  0.304127E-002  0.210600E-002  0.210600E-002  0.145834E-002
  0.138195E+001  0.131559E+001  0.302917E-002  0.210243E-002  0.210243E-002  0.145921E-002
  0.138448E+001  0.131990E+001  0.305352E-002  0.212416E-002  0.212416E-002  0.147766E-002
  0.138702E+001  0.132421E+001  0.301768E-002  0.210403E-002  0.210403E-002  0.146700E-002
  0.138956E+001  0.132851E+001  0.301128E-002  0.210436E-002  0.210436E-002  0.147057E-002
  0.139209E+001  0.133282E+001  0.298456E-002  0.209041E-002  0.209041E-002  0.146414E-002
  0.139463E+001  0.133713E+001  0.296961E-002  0.208467E-002  0.208467E-002  0.146344E-002
  0.139717E+001  0.134144E+001  0.297669E-002  0.209438E-002  0.209438E-002  0.147359E-002
  0.139970E+001  0.134575E+001  0.294664E-002  0.207792E-002  0.207792E-002  0.146531E-002
  0.140224E+001  0.135006E+001  0.294291E-002  0.207999E-002  0.207999E-002  0.147009E-002
  0.140477E+001  0.135437E+001  0.292600E-002  0.207270E-002  0.207270E-002  0.146824E-002
  0.140731E+001  0.135868E+001  0.292071E-002  0.207362E-002  0.207362E-002  0.147222E-002
  0.140984E+001  0.136299E+001  0.290127E-002  0.206445E-002  0.206445E-002  0.146900E-002
  0.141238E+001  0.136730E+001  0.291235E-002  0.207702E-002  0.207702E-002  0.148129E-002
  0.141491E+001  0.137161E+001  0.288163E-002  0.205974E-002  0.205974E-002  0.147226E-002
  0.141744E+001  0.137592E+001  0.286814E-002  0.205471E-002  0.205471E-002  0.147197E-002
  0.141998E+001  0.138023E+001  0.289881E-002  0.208137E-002  0.208137E-002  0.149444E-002
  0.142251E+001  0.138454E+001  0.287152E-002  0.206642E-002  0.206642E-002  0.148705E-002
  0.142504E+001  0.138886E+001  0.283691E-002  0.204611E-002  0.204611E-002  0.147575E-002
  0.142757E+001  0.139317E+001  0.282699E-002  0.204356E-002  0.204356E-002  0.147723E-002
  0.143010E+001  0.139748E+001  0.281562E-002  0.203994E-002  0.203994E-002  0.147795E-002
  0.143263E+001  0.140179E+001  0.280422E-002  0.203627E-002  0.203627E-002  0.147862E-002
  0.143516E+001  0.140611E+001  0.280693E-002  0.204286E-002  0.204286E-002  0.148677E-002
  0.143769E+001  0.141042E+001  0.278518E-002  0.203162E-002  0.203162E-002  0.148195E-002
  0.144022E+001  0.141473E+001  0.277685E-002  0.203016E-002  0.203016E-002  0.148425E-002
  0.144275E+001  0.141905E+001  0.276349E-002  0.202499E-002  0.202499E-002  0.148384E-002
  0.144527E+001  0.142336E+001  0.276978E-002  0.203422E-002  0.203422E-002  0.149400E-002
  0.144780E+001  0.142767E+001  0.274493E-002  0.202059E-002  0.202059E-002  0.148739E-002
  0.145033E+001  0.143199E+001  0.273795E-002  0.202008E-002  0.202008E-002  0.149043E-002
  0.145285E+001  0.143631E+001  0.274967E-002  0.203338E-002  0.203338E-002  0.150369E-002
  0.145538E+001  0.144062E+001  0.272072E-002  0.201663E-002  0.201663E-002  0.149475E-002
  0.145790E+001  0.144494E+001  0.271202E-002  0.201483E-002  0.201483E-002  0.149686E-002
  0.146042E+001  0.144925E+001  0.269929E-002  0.201002E-002  0.201002E-002  0.149676E-002
  0.146295E+001  0.145357E+001  0.269291E-002  0.200996E-002  0.200996E-002  0.150022E-002
  0.146547E+001  0.145789E+001  0.267481E-002  0.200112E-002  0.200112E-002  0.149711E-002
  0.146799E+001  0.146221E+001  0.266800E-002  0.200072E-002  0.200072E-002  0.150032E-002
  0.147051E+001  0.146652E+001  0.266257E-002  0.200136E-002  0.200136E-002  0.150435E-002
  0.147303E+001  0.147084E+001  0.265380E-002  0.199950E-002  0.199950E-002  0.150652E-002
  0.147555E+001  0.147516E+001  0.265207E-002  0.200295E-002  0.200295E-002  0.151272E-002
  0.147807E+001  0.147948E+001  0.266484E-002  0.201742E-002  0.201742E-002  0.152730E-002
  0.148058E+001  0.148380E+001  0.261795E-002  0.198668E-002  0.198668E-002  0.150763E-002
  0.148310E+001  0.148812E+001  0.263172E-002  0.200196E-002  0.200196E-002  0.152291E-002
  0.148561E+001  0.149245E+001  0.261241E-002  0.199210E-002  0.199210E-002  0.151908E-002
  0.148813E+001  0.149677E+001  0.259740E-002  0.198551E-002  0.198551E-002  0.151776E-002
  0.149064E+001  0.150109E+001  0.258290E-002  0.197927E-002  0.197927E-002  0.151671E-002
  0.149315E+001  0.150541E+001  0.257358E-002  0.197700E-002  0.197700E-002  0.151871E-002
  0.149566E+001  0.150974E+001  0.256653E-002  0.197649E-002  0.197649E-002  0.152209E-002
  0.149817E+001  0.151406E+001  0.255223E-002  0.197039E-002  0.197039E-002  0.152119E-002
  0.150068E+001  0.151839E+001  0.254483E-002  0.196963E-002  0.196963E-002  0.152443E-002
  0.150319E+001  0.152271E+001  0.254520E-002  0.197490E-002  0.197490E-002  0.153239E-002
  0.150569E+001  0.152704E+001  0.254315E-002  0.197833E-002  0.197833E-002  0.153895E-002
  0.150820E+001  0.153137E+001  0.251944E-002  0.196492E-002  0.196492E-002  0.153245E-002
  0.151070E+001  0.153569E+001  0.251076E-002  0.196320E-002  0.196320E-002  0.153506E-002
  0.151321E+001  0.154002E+001  0.250347E-002  0.196261E-002  0.196261E-002  0.153859E-002
  0.151571E+001  0.154435E+001  0.248742E-002  0.195512E-002  0.195512E-002  0.153673E-002
  0.151821E+001  0.154868E+001  0.247935E-002  0.195391E-002  0.195391E-002  0.153983E-002
  0.152071E+001  0.155301E+001  0.246975E-002  0.195152E-002  0.195152E-002  0.154202E-002
  0.152321E+001  0.155734E+001  0.246008E-002  0.194908E-002  0.194908E-002  0.154422E-002
  0.152571E+001  0.156167E+001  0.246321E-002  0.195682E-002  0.195682E-002  0.155452E-002
  0.152820E+001  0.156601E+001  0.247325E-002  0.197010E-002  0.197010E-002  0.156931E-002
  0.153070E+001  0.157034E+001  0.243192E-002  0.194249E-002  0.194249E-002  0.155155E-002
  0.153319E+001  0.157467E+001  0.242421E-002  0.194165E-002  0.194165E-002  0.155514E-002
  0.153569E+001  0.157901E+001  0.241943E-002  0.194321E-002  0.194321E-002  0.156071E-002
  0.153818E+001  0.158334E+001  0.242028E-002  0.194931E-002  0.194931E-002  0.156998E-002
  0.154067E+001  0.158768E+001  0.239940E-002  0.193793E-002  0.193793E-002  0.156521E-002
  0.154315E+001  0.159201E+001  0.238881E-002  0.193482E-002  0.193482E-002  0.156711E-002
  0.154564E+001  0.159635E+001  0.237655E-002  0.193040E-002  0.193040E-002  0.156800E-002
  0.154813E+001  0.160069E+001  0.237113E-002  0.193154E-002  0.193154E-002  0.157345E-002
  0.155061E+001  0.160503E+001  0.236196E-002  0.192964E-002  0.192964E-002  0.157645E-002
  0.155310E+001  0.160937E+001  0.236200E-002  0.193533E-002  0.193533E-002  0.158572E-002
  0.155558E+001  0.161371E+001  0.234591E-002  0.192779E-002  0.192779E-002  0.158420E-002
  0.155806E+001  0.161805E+001  0.233995E-002  0.192859E-002  0.192859E-002  0.158955E-002
  0.156054E+001  0.162239E+001  0.234999E-002  0.194266E-002  0.194266E-002  0.160593E-002
  0.156301E+001  0.162674E+001  0.232611E-002  0.192868E-002  0.192868E-002  0.159916E-002
  0.156549E+001  0.163108E+001  0.230326E-002  0.191554E-002  0.191554E-002  0.159308E-002
  0.156796E+001  0.163543E+001  0.231200E-002  0.192867E-002  0.192867E-002  0.160890E-002
  0.157044E+001  0.163977E+001  0.230060E-002  0.192509E-002  0.192509E-002  0.161087E-002
  0.157291E+001  0.164412E+001  0.227508E-002  0.190964E-002  0.190964E-002  0.160289E-002
  0.157538E+001  0.164847E+001  0.226330E-002  0.190569E-002  0.190569E-002  0.160458E-002
  0.157784E+001  0.165281E+001  0.225756E-002  0.190681E-002  0.190681E-002  0.161056E-002
  0.158031E+001  0.165716E+001  0.224381E-002  0.190123E-002  0.190123E-002  0.161094E-002
  0.158278E+001  0.166151E+001  0.225705E-002  0.191857E-002  0.191857E-002  0.163084E-002
  0.158524E+001  0.166586E+001  0.223067E-002  0.190224E-002  0.190224E-002  0.162217E-002
  0.158770E+001  0.167022E+001  0.222162E-002  0.190066E-002  0.190066E-002  0.162607E-002
  0.159016E+001  0.167457E+001  0.220656E-002  0.189395E-002  0.189395E-002  0.162562E-002
  0.159262E+001  0.167892E+001  0.219864E-002  0.189336E-002  0.189336E-002  0.163047E-002
  0.159508E+001  0.168328E+001  0.219011E-002  0.189228E-002  0.189228E-002  0.163495E-002
  0.159753E+001  0.168763E+001  0.217610E-002  0.188644E-002  0.188644E-002  0.163534E-002
  0.159998E+001  0.169199E+001  0.217828E-002  0.189467E-002  0.189467E-002  0.164799E-002
  0.160244E+001  0.169635E+001  0.216151E-002  0.188648E-002  0.188648E-002  0.164644E-002
  0.160489E+001  0.170071E+001  0.214958E-002  0.188247E-002  0.188247E-002  0.164855E-002
  0.160733E+001  0.170507E+001  0.216066E-002  0.189866E-002  0.189866E-002  0.166842E-002
  0.160978E+001  0.170943E+001  0.212869E-002  0.187705E-002  0.187705E-002  0.165515E-002
  0.161223E+001  0.171379E+001  0.212977E-002  0.188456E-002  0.188456E-002  0.166758E-002
  0.161467E+001  0.171815E+001  0.211325E-002  0.187650E-002  0.187650E-002  0.166627E-002
  0.161711E+001  0.172252E+001  0.209722E-002  0.186884E-002  0.186884E-002  0.166533E-002
  0.161955E+001  0.172688E+001  0.208970E-002  0.186877E-002  0.186877E-002  0.167120E-002
  0.162199E+001  0.173125E+001  0.208079E-002  0.186748E-002  0.186748E-002  0.167603E-002
  0.162442E+001  0.173561E+001  0.206669E-002  0.186150E-002  0.186150E-002  0.167668E-002
  0.162685E+001  0.173998E+001  0.206516E-002  0.186687E-002  0.186687E-002  0.168762E-002
  0.162929E+001  0.174435E+001  0.205614E-002  0.186554E-002  0.186554E-002  0.169261E-002
  0.163172E+001  0.174872E+001  0.204693E-002  0.186402E-002  0.186402E-002  0.169745E-002
  0.163414E+001  0.175309E+001  0.203190E-002  0.185716E-002  0.185716E-002  0.169746E-002
  0.163657E+001  0.175746E+001  0.201773E-002  0.185111E-002  0.185111E-002  0.169825E-002
  0.163899E+001  0.176184E+001  0.202699E-002  0.186657E-002  0.186657E-002  0.171885E-002
  0.164142E+001  0.176621E+001  0.200747E-002  0.185561E-002  0.185561E-002  0.171523E-002
  0.164384E+001  0.177059E+001  0.198608E-002  0.184282E-002  0.184282E-002  0.170989E-002
  0.164625E+001  0.177496E+001  0.197923E-002  0.184347E-002  0.184347E-002  0.171702E-002
  0.164867E+001  0.177934E+001  0.196354E-002  0.183591E-002  0.183591E-002  0.171658E-002
  0.165108E+001  0.178372E+001  0.197217E-002  0.185112E-002  0.185112E-002  0.173749E-002
  0.165350E+001  0.178810E+001  0.194567E-002  0.183339E-002  0.183339E-002  0.172759E-002
  0.165591E+001  0.179248E+001  0.193598E-002  0.183141E-002  0.183141E-002  0.173250E-002
  0.165831E+001  0.179686E+001  0.193549E-002  0.183816E-002  0.183816E-002  0.174573E-002
  0.166072E+001  0.180124E+001  0.191160E-002  0.182270E-002  0.182270E-002  0.173793E-002
  0.166312E+001  0.180563E+001  0.192706E-002  0.184477E-002  0.184477E-002  0.176600E-002
  0.166553E+001  0.181001E+001  0.190237E-002  0.182848E-002  0.182848E-002  0.175747E-002
  0.166793E+001  0.181440E+001  0.188320E-002  0.181738E-002  0.181738E-002  0.175386E-002
  0.167032E+001  0.181879E+001  0.189843E-002  0.183951E-002  0.183951E-002  0.178241E-002
  0.167272E+001  0.182317E+001  0.186081E-002  0.181045E-002  0.181045E-002  0.176145E-002
  0.167511E+001  0.182756E+001  0.184964E-002  0.180697E-002  0.180697E-002  0.176529E-002
  0.167751E+001  0.183196E+001  0.183829E-002  0.180335E-002  0.180335E-002  0.176907E-002
  0.167990E+001  0.183635E+001  0.183197E-002  0.180464E-002  0.180464E-002  0.177770E-002
  0.168228E+001  0.184074E+001  0.181985E-002  0.180018E-002  0.180018E-002  0.178072E-002
  0.168467E+001  0.184513E+001  0.181606E-002  0.180400E-002  0.180400E-002  0.179203E-002
  0.168705E+001  0.184953E+001  0.179517E-002  0.179080E-002  0.179080E-002  0.178643E-002
  0.168943E+001  0.185393E+001  0.179507E-002  0.179831E-002  0.179831E-002  0.180156E-002
  0.169181E+001  0.185832E+001  0.177269E-002  0.178350E-002  0.178350E-002  0.179437E-002
  0.169419E+001  0.186272E+001  0.176793E-002  0.178637E-002  0.178637E-002  0.180500E-002
  0.169656E+001  0.186712E+001  0.175207E-002  0.177799E-002  0.177799E-002  0.180429E-002
  0.169894E+001  0.187152E+001  0.176538E-002  0.179931E-002  0.179931E-002  0.183389E-002
  0.170131E+001  0.187593E+001  0.173097E-002  0.177195E-002  0.177195E-002  0.181390E-002
  0.170368E+001  0.188033E+001  0.173507E-002  0.178396E-002  0.178396E-002  0.183423E-002
  0.170604E+001  0.188474E+001  0.171587E-002  0.177199E-002  0.177199E-002  0.182995E-002
  0.170841E+001  0.188914E+001  0.171213E-002  0.177600E-002  0.177600E-002  0.184224E-002
  0.171077E+001  0.189355E+001  0.168672E-002  0.175744E-002  0.175744E-002  0.183112E-002
  0.171313E+001  0.189796E+001  0.167466E-002  0.175269E-002  0.175269E-002  0.183437E-002
  0.171548E+001  0.190237E+001  0.169699E-002  0.178404E-002  0.178404E-002  0.187556E-002
  0.171784E+001  0.190678E+001  0.165746E-002  0.175039E-002  0.175039E-002  0.184853E-002
  0.172019E+001  0.191119E+001  0.165972E-002  0.176074E-002  0.176074E-002  0.186791E-002
  0.172255E+001  0.191560E+001  0.164230E-002  0.175025E-002  0.175025E-002  0.186530E-002
  0.172489E+001  0.192001E+001  0.162389E-002  0.173855E-002  0.173855E-002  0.186130E-002
  0.172724E+001  0.192443E+001  0.161229E-002  0.173410E-002  0.173410E-002  0.186512E-002
  0.172959E+001  0.192884E+001  0.161641E-002  0.174662E-002  0.174662E-002  0.188730E-002
  0.173193E+001  0.193326E+001  0.158773E-002  0.172360E-002  0.172360E-002  0.187109E-002
  0.173427E+001  0.193768E+001  0.157578E-002  0.171862E-002  0.171862E-002  0.187442E-002
  0.173661E+001  0.194210E+001  0.156503E-002  0.171492E-002  0.171492E-002  0.187917E-002
  0.173895E+001  0.194652E+001  0.156489E-002  0.172288E-002  0.172288E-002  0.189681E-002
  0.174128E+001  0.195094E+001  0.154320E-002  0.170703E-002  0.170703E-002  0.188825E-002
  0.174361E+001  0.195536E+001  0.153181E-002  0.170249E-002  0.170249E-002  0.189218E-002
  0.174594E+001  0.195979E+001  0.152781E-002  0.170616E-002  0.170616E-002  0.190532E-002
  0.174827E+001  0.196421E+001  0.151025E-002  0.169466E-002  0.169466E-002  0.190157E-002
  0.175060E+001  0.196864E+001  0.150269E-002  0.169431E-002  0.169431E-002  0.191036E-002
  0.175292E+001  0.197307E+001  0.149258E-002  0.169105E-002  0.169105E-002  0.191590E-002
  0.175524E+001  0.197749E+001  0.147723E-002  0.168177E-002  0.168177E-002  0.191464E-002
  0.175756E+001  0.198192E+001  0.146657E-002  0.167778E-002  0.167778E-002  0.191942E-002
  0.175988E+001  0.198635E+001  0.145614E-002  0.167402E-002  0.167402E-002  0.192450E-002
  0.176220E+001  0.199078E+001  0.146509E-002  0.169261E-002  0.169261E-002  0.195547E-002
  0.176451E+001  0.199522E+001  0.143461E-002  0.166556E-002  0.166556E-002  0.193369E-002
  0.176682E+001  0.199965E+001  0.142367E-002  0.166105E-002  0.166105E-002  0.193801E-002
  0.176913E+001  0.200409E+001  0.142040E-002  0.166548E-002  0.166548E-002  0.195284E-002
  0.177144E+001  0.200852E+001  0.140144E-002  0.165146E-002  0.165146E-002  0.194608E-002
  0.177375E+001  0.201296E+001  0.139665E-002  0.165408E-002  0.165408E-002  0.195895E-002
  0.177605E+001  0.201739E+001  0.138672E-002  0.165057E-002  0.165057E-002  0.196461E-002
  0.177835E+001  0.202183E+001  0.136946E-002  0.163824E-002  0.163824E-002  0.195977E-002
  0.178065E+001  0.202627E+001  0.135883E-002  0.163375E-002  0.163375E-002  0.196431E-002
  0.178295E+001  0.203071E+001  0.135527E-002  0.163777E-002  0.163777E-002  0.197915E-002
  0.178524E+001  0.203516E+001  0.135507E-002  0.164587E-002  0.164587E-002  0.199906E-002
  0.178754E+001  0.203960E+001  0.132686E-002  0.161987E-002  0.161987E-002  0.197758E-002
  0.178983E+001  0.204404E+001  0.131631E-002  0.161524E-002  0.161524E-002  0.198205E-002
  0.179212E+001  0.204849E+001  0.130513E-002  0.160977E-002  0.160977E-002  0.198552E-002
  0.179441E+001  0.205293E+001  0.130144E-002  0.161353E-002  0.161353E-002  0.200046E-002
  0.179669E+001  0.205738E+001  0.129061E-002  0.160838E-002  0.160838E-002  0.200439E-002
  0.179898E+001  0.206183E+001  0.127343E-002  0.159526E-002  0.159526E-002  0.199842E-002
  0.180126E+001  0.206628E+001  0.126422E-002  0.159198E-002  0.159198E-002  0.200472E-002
  0.180354E+001  0.207073E+001  0.125447E-002  0.158799E-002  0.158799E-002  0.201016E-002
  0.180582E+001  0.207518E+001  0.124182E-002  0.158024E-002  0.158024E-002  0.201088E-002
  0.180809E+001  0.207963E+001  0.124615E-002  0.159409E-002  0.159409E-002  0.203917E-002
  0.181037E+001  0.208408E+001  0.122224E-002  0.157179E-002  0.157179E-002  0.202131E-002
  0.181264E+001  0.208854E+001  0.121931E-002  0.157634E-002  0.157634E-002  0.203790E-002
  0.181491E+001  0.209299E+001  0.120333E-002  0.156396E-002  0.156396E-002  0.203267E-002
  0.181718E+001  0.209745E+001  0.119505E-002  0.156150E-002  0.156150E-002  0.204031E-002
  0.181945E+001  0.210190E+001  0.118699E-002  0.155928E-002  0.155928E-002  0.204834E-002
  0.182171E+001  0.210636E+001  0.117259E-002  0.154862E-002  0.154862E-002  0.204525E-002
  0.182397E+001  0.211082E+001  0.117413E-002  0.155901E-002  0.155901E-002  0.207006E-002
  0.182624E+001  0.211528E+001  0.115680E-002  0.154434E-002  0.154434E-002  0.206170E-002
  0.182849E+001  0.211974E+001  0.115055E-002  0.154430E-002  0.154430E-002  0.207280E-002
  0.183075E+001  0.212420E+001  0.113105E-002  0.152640E-002  0.152640E-002  0.205993E-002
  0.183301E+001  0.212866E+001  0.113806E-002  0.154426E-002  0.154426E-002  0.209543E-002
  0.183526E+001  0.213313E+001  0.111146E-002  0.151641E-002  0.151641E-002  0.206890E-002
  0.183751E+001  0.213759E+001  0.110368E-002  0.151405E-002  0.151405E-002  0.207702E-002
  0.183976E+001  0.214206E+001  0.109301E-002  0.150768E-002  0.150768E-002  0.207968E-002
  0.184200E+001  0.214653E+001  0.110177E-002  0.152814E-002  0.152814E-002  0.211951E-002
  0.184425E+001  0.215099E+001  0.107681E-002  0.150182E-002  0.150182E-002  0.209459E-002
  0.184649E+001  0.215546E+001  0.106363E-002  0.149169E-002  0.149169E-002  0.209200E-002
  0.184873E+001  0.215993E+001  0.105423E-002  0.148675E-002  0.148675E-002  0.209671E-002
  0.185097E+001  0.216440E+001  0.104806E-002  0.148633E-002  0.148633E-002  0.210786E-002
  0.185320E+001  0.216888E+001  0.105543E-002  0.150515E-002  0.150515E-002  0.214651E-002
  0.185544E+001  0.217335E+001  0.102712E-002  0.147306E-002  0.147306E-002  0.211261E-002
  0.185767E+001  0.217782E+001  0.101950E-002  0.147038E-002  0.147038E-002  0.212068E-002
  0.185990E+001  0.218230E+001  0.100874E-002  0.146313E-002  0.146313E-002  0.212219E-002
  0.186213E+001  0.218678E+001  0.100285E-002  0.146287E-002  0.146287E-002  0.213391E-002
  0.186435E+001  0.219125E+001  0.993221E-003  0.145708E-002  0.145708E-002  0.213756E-002
  0.186657E+001  0.219573E+001  0.981268E-003  0.144778E-002  0.144778E-002  0.213608E-002
  0.186879E+001  0.220021E+001  0.973009E-003  0.144385E-002  0.144385E-002  0.214253E-002
  0.187101E+001  0.220470E+001  0.963476E-003  0.143796E-002  0.143796E-002  0.214612E-002
  0.187322E+001  0.220918E+001  0.957357E-003  0.143709E-002  0.143709E-002  0.215721E-002
  0.187543E+001  0.221366E+001  0.948145E-003  0.143152E-002  0.143152E-002  0.216133E-002
  0.187764E+001  0.221815E+001  0.942859E-003  0.143185E-002  0.143185E-002  0.217444E-002
  0.187985E+001  0.222263E+001  0.932312E-003  0.142413E-002  0.142413E-002  0.217540E-002
  0.188205E+001  0.222712E+001  0.921278E-003  0.141553E-002  0.141553E-002  0.217495E-002
  0.188425E+001  0.223161E+001  0.915096E-003  0.141432E-002  0.141432E-002  0.218591E-002
  0.188645E+001  0.223610E+001  0.903506E-003  0.140469E-002  0.140469E-002  0.218389E-002
  0.188865E+001  0.224060E+001  0.894879E-003  0.139957E-002  0.139957E-002  0.218889E-002
  0.189084E+001  0.224509E+001  0.886673E-003  0.139500E-002  0.139500E-002  0.219476E-002
  0.189303E+001  0.224958E+001  0.880569E-003  0.139371E-002  0.139371E-002  0.220588E-002
  0.189522E+001  0.225408E+001  0.877225E-003  0.139679E-002  0.139679E-002  0.222409E-002
  0.189740E+001  0.225858E+001  0.861879E-003  0.138064E-002  0.138064E-002  0.221164E-002
  0.189958E+001  0.226308E+001  0.853770E-003  0.137596E-002  0.137596E-002  0.221753E-002
  0.190176E+001  0.226758E+001  0.849589E-003  0.137758E-002  0.137758E-002  0.223371E-002
  0.190393E+001  0.227208E+001  0.837890E-003  0.136692E-002  0.136692E-002  0.222998E-002
  0.190610E+001  0.227659E+001  0.831608E-003  0.136502E-002  0.136502E-002  0.224059E-002
  0.190827E+001  0.228109E+001  0.825900E-003  0.136405E-002  0.136405E-002  0.225286E-002
  0.191043E+001  0.228560E+001  0.814492E-003  0.135356E-002  0.135356E-002  0.224939E-002
  0.191259E+001  0.229011E+001  0.807279E-003  0.134994E-002  0.134994E-002  0.225739E-002
  0.191475E+001  0.229462E+001  0.799304E-003  0.134501E-002  0.134501E-002  0.226327E-002
  0.191690E+001  0.229913E+001  0.790348E-003  0.133831E-002  0.133831E-002  0.226618E-002
  0.191905E+001  0.230365E+001  0.784086E-003  0.133612E-002  0.133612E-002  0.227682E-002
  0.192120E+001  0.230816E+001  0.784021E-003  0.134454E-002  0.134454E-002  0.230578E-002
  0.192334E+001  0.231268E+001  0.768825E-003  0.132691E-002  0.132691E-002  0.229011E-002
  0.192548E+001  0.231720E+001  0.764654E-003  0.132821E-002  0.132821E-002  0.230712E-002
  0.192761E+001  0.232172E+001  0.752047E-003  0.131475E-002  0.131475E-002  0.229848E-002
  0.192974E+001  0.232625E+001  0.748146E-003  0.131644E-002  0.131644E-002  0.231640E-002
  0.193187E+001  0.233077E+001  0.739379E-003  0.130953E-002  0.130953E-002  0.231935E-002
  0.193399E+001  0.233530E+001  0.729869E-003  0.130118E-002  0.130118E-002  0.231970E-002
  0.193611E+001  0.233983E+001  0.721984E-003  0.129564E-002  0.129564E-002  0.232511E-002
  0.193822E+001  0.234436E+001  0.719607E-003  0.129995E-002  0.129995E-002  0.234832E-002
  0.194033E+001  0.234889E+001  0.709686E-003  0.129060E-002  0.129060E-002  0.234703E-002
  0.194244E+001  0.235343E+001  0.700256E-003  0.128204E-002  0.128204E-002  0.234717E-002
  0.194454E+001  0.235796E+001  0.692444E-003  0.127631E-002  0.127631E-002  0.235247E-002
  0.194664E+001  0.236250E+001  0.686343E-003  0.127368E-002  0.127368E-002  0.236364E-002
  0.194873E+001  0.236704E+001  0.678150E-003  0.126708E-002  0.126708E-002  0.236747E-002
  0.195082E+001  0.237159E+001  0.674061E-003  0.126812E-002  0.126812E-002  0.238574E-002
  0.195291E+001  0.237613E+001  0.669050E-003  0.126744E-002  0.126744E-002  0.240102E-002
  0.195499E+001  0.238068E+001  0.658088E-003  0.125537E-002  0.125537E-002  0.239473E-002
  0.195706E+001  0.238523E+001  0.653624E-003  0.125557E-002  0.125557E-002  0.241189E-002
  0.195913E+001  0.238978E+001  0.649299E-003  0.125607E-002  0.125607E-002  0.242985E-002
  0.196120E+001  0.239433E+001  0.634688E-003  0.123654E-002  0.123654E-002  0.240909E-002
  0.196326E+001  0.239888E+001  0.627686E-003  0.123163E-002  0.123163E-002  0.241665E-002
  0.196532E+001  0.240344E+001  0.620381E-003  0.122606E-002  0.122606E-002  0.242305E-002
  0.196737E+001  0.240800E+001  0.618527E-003  0.123123E-002  0.123123E-002  0.245085E-002
  0.196942E+001  0.241256E+001  0.608322E-003  0.121974E-002  0.121974E-002  0.244569E-002
  0.197147E+001  0.241712E+001  0.604881E-003  0.122176E-002  0.122176E-002  0.246775E-002
  0.197351E+001  0.242169E+001  0.593747E-003  0.120812E-002  0.120812E-002  0.245821E-002
  0.197554E+001  0.242626E+001  0.590654E-003  0.121073E-002  0.121073E-002  0.248178E-002
  0.197757E+001  0.243083E+001  0.586822E-003  0.121187E-002  0.121187E-002  0.250267E-002
  0.197960E+001  0.243540E+001  0.571568E-003  0.118927E-002  0.118927E-002  0.247452E-002
  0.198162E+001  0.243997E+001  0.564747E-003  0.118397E-002  0.118397E-002  0.248215E-002
  0.198364E+001  0.244454E+001  0.562443E-003  0.118814E-002  0.118814E-002  0.250992E-002
  0.198565E+001  0.244912E+001  0.550654E-003  0.117216E-002  0.117216E-002  0.249514E-002
  0.198766E+001  0.245370E+001  0.545214E-003  0.116956E-002  0.116956E-002  0.250887E-002
  0.198966E+001  0.245828E+001  0.536967E-003  0.116082E-002  0.116082E-002  0.250945E-002
  0.199166E+001  0.246286E+001  0.531416E-003  0.115782E-002  0.115782E-002  0.252258E-002
  0.199365E+001  0.246745E+001  0.528078E-003  0.115960E-002  0.115960E-002  0.254634E-002
  0.199564E+001  0.247204E+001  0.523588E-003  0.115887E-002  0.115887E-002  0.256494E-002
  0.199763E+001  0.247663E+001  0.509892E-003  0.113759E-002  0.113759E-002  0.253803E-002
  0.199961E+001  0.248122E+001  0.503244E-003  0.113179E-002  0.113179E-002  0.254539E-002
  0.200159E+001  0.248581E+001  0.501772E-003  0.113764E-002  0.113764E-002  0.257932E-002
  0.200356E+001  0.249041E+001  0.489858E-003  0.111968E-002  0.111968E-002  0.255928E-002
  0.200552E+001  0.249500E+001  0.486767E-003  0.112172E-002  0.112172E-002  0.258492E-002
  0.200749E+001  0.249960E+001  0.478920E-003  0.111280E-002  0.111280E-002  0.258564E-002
  0.200945E+001  0.250420E+001  0.476336E-003  0.111601E-002  0.111601E-002  0.261472E-002
  0.201140E+001  0.250880E+001  0.464478E-003  0.109734E-002  0.109734E-002  0.259247E-002
  0.201335E+001  0.251341E+001  0.456910E-003  0.108857E-002  0.108857E-002  0.259348E-002
  0.201529E+001  0.251801E+001  0.452138E-003  0.108633E-002  0.108633E-002  0.261009E-002
  0.201724E+001  0.252262E+001  0.452168E-003  0.109575E-002  0.109575E-002  0.265535E-002
  0.201917E+001  0.252723E+001  0.437822E-003  0.107009E-002  0.107009E-002  0.261545E-002
  0.202110E+001  0.253184E+001  0.432968E-003  0.106740E-002  0.106740E-002  0.263149E-002
  0.202303E+001  0.253646E+001  0.427908E-003  0.106416E-002  0.106416E-002  0.264644E-002
  0.202496E+001  0.254107E+001  0.423930E-003  0.106357E-002  0.106357E-002  0.266834E-002
  0.202688E+001  0.254569E+001  0.415554E-003  0.105180E-002  0.105180E-002  0.266219E-002
  0.202879E+001  0.255031E+001  0.407287E-003  0.104005E-002  0.104005E-002  0.265588E-002
  0.203070E+001  0.255493E+001  0.402868E-003  0.103801E-002  0.103801E-002  0.267447E-002
  0.203261E+001  0.255955E+001  0.393556E-003  0.102321E-002  0.102321E-002  0.266023E-002
  0.203451E+001  0.256417E+001  0.388203E-003  0.101847E-002  0.101847E-002  0.267203E-002
  0.203641E+001  0.256880E+001  0.383324E-003  0.101491E-002  0.101491E-002  0.268714E-002
  0.203831E+001  0.257342E+001  0.380198E-003  0.101597E-002  0.101597E-002  0.271488E-002
  0.204020E+001  0.257805E+001  0.371026E-003  0.100069E-002  0.100069E-002  0.269894E-002
  0.204209E+001  0.258268E+001  0.370292E-003  0.100809E-002  0.100809E-002  0.274445E-002
  0.204397E+001  0.258732E+001  0.357544E-003  0.982568E-003  0.982568E-003  0.270020E-002
  0.204585E+001  0.259195E+001  0.351476E-003  0.975089E-003  0.975089E-003  0.270516E-002
  0.204772E+001  0.259658E+001  0.347443E-003  0.973113E-003  0.973113E-003  0.272548E-002
  0.204960E+001  0.260122E+001  0.342482E-003  0.968524E-003  0.968524E-003  0.273894E-002
  0.205146E+001  0.260586E+001  0.339838E-003  0.970354E-003  0.970354E-003  0.277069E-002
  0.205333E+001  0.261050E+001  0.328169E-003  0.946249E-003  0.946249E-003  0.272843E-002
  0.205519E+001  0.261514E+001  0.322494E-003  0.939062E-003  0.939062E-003  0.273443E-002
  0.205705E+001  0.261978E+001  0.319485E-003  0.939569E-003  0.939569E-003  0.276316E-002
  0.205890E+001  0.262442E+001  0.311840E-003  0.926261E-003  0.926261E-003  0.275128E-002
  0.206075E+001  0.262907E+001  0.305679E-003  0.917130E-003  0.917130E-003  0.275166E-002
  0.206260E+001  0.263372E+001  0.301316E-003  0.913254E-003  0.913254E-003  0.276797E-002
  0.206444E+001  0.263836E+001  0.296310E-003  0.907275E-003  0.907275E-003  0.277799E-002
  0.206628E+001  0.264301E+001  0.291494E-003  0.901751E-003  0.901751E-003  0.278961E-002
  0.206811E+001  0.264766E+001  0.284711E-003  0.889905E-003  0.889905E-003  0.278153E-002
  0.206995E+001  0.265232E+001  0.279707E-003  0.883474E-003  0.883474E-003  0.279051E-002
  0.207178E+001  0.265697E+001  0.277554E-003  0.885947E-003  0.885947E-003  0.282792E-002
  0.207360E+001  0.266162E+001  0.268325E-003  0.865586E-003  0.865586E-003  0.279227E-002
  0.207542E+001  0.266628E+001  0.264312E-003  0.861784E-003  0.861784E-003  0.280982E-002
  0.207724E+001  0.267094E+001  0.259248E-003  0.854424E-003  0.854424E-003  0.281599E-002
  0.207906E+001  0.267560E+001  0.252858E-003  0.842475E-003  0.842475E-003  0.280697E-002
  0.208087E+001  0.268026E+001  0.248310E-003  0.836409E-003  0.836409E-003  0.281736E-002
  0.208268E+001  0.268492E+001  0.242887E-003  0.827214E-003  0.827214E-003  0.281729E-002
  0.208449E+001  0.268958E+001  0.240149E-003  0.827050E-003  0.827050E-003  0.284827E-002
  0.208629E+001  0.269424E+001  0.233611E-003  0.813581E-003  0.813581E-003  0.283340E-002
  0.208809E+001  0.269891E+001  0.228178E-003  0.803689E-003  0.803689E-003  0.283075E-002
  0.208989E+001  0.270357E+001  0.227398E-003  0.810131E-003  0.810131E-003  0.288618E-002
  0.209168E+001  0.270824E+001  0.218709E-003  0.788156E-003  0.788156E-003  0.284025E-002
  0.209347E+001  0.271291E+001  0.214535E-003  0.782115E-003  0.782115E-003  0.285130E-002
  0.209526E+001  0.271758E+001  0.209451E-003  0.772562E-003  0.772562E-003  0.284960E-002
  0.209704E+001  0.272225E+001  0.208788E-003  0.779217E-003  0.779217E-003  0.290811E-002
  0.209883E+001  0.272692E+001  0.201699E-003  0.761797E-003  0.761797E-003  0.287723E-002
  0.210061E+001  0.273159E+001  0.198855E-003  0.760114E-003  0.760114E-003  0.290549E-002
  0.210238E+001  0.273627E+001  0.194235E-003  0.751452E-003  0.751452E-003  0.290719E-002
  0.210416E+001  0.274094E+001  0.188829E-003  0.739533E-003  0.739533E-003  0.289632E-002
  0.210593E+001  0.274562E+001  0.183024E-003  0.725672E-003  0.725672E-003  0.287721E-002
  0.210770E+001  0.275029E+001  0.181883E-003  0.730168E-003  0.730168E-003  0.293125E-002
  0.210946E+001  0.275497E+001  0.174835E-003  0.710695E-003  0.710695E-003  0.288894E-002
  0.211123E+001  0.275965E+001  0.173485E-003  0.714221E-003  0.714221E-003  0.294037E-002
  0.211299E+001  0.276433E+001  0.168817E-003  0.703932E-003  0.703932E-003  0.293524E-002
  0.211474E+001  0.276901E+001  0.163365E-003  0.689993E-003  0.689993E-003  0.291426E-002
  0.211650E+001  0.277369E+001  0.159084E-003  0.680733E-003  0.680733E-003  0.291290E-002
  0.211825E+001  0.277838E+001  0.155442E-003  0.673928E-003  0.673928E-003  0.292185E-002
  0.212000E+001  0.278306E+001  0.150966E-003  0.663258E-003  0.663258E-003  0.291398E-002
  0.212175E+001  0.278774E+001  0.147390E-003  0.656291E-003  0.656291E-003  0.292229E-002
  0.212349E+001  0.279243E+001  0.145369E-003  0.656076E-003  0.656076E-003  0.296099E-002
  0.212524E+001  0.279712E+001  0.139555E-003  0.638538E-003  0.638538E-003  0.292164E-002
  0.212698E+001  0.280180E+001  0.136990E-003  0.635510E-003  0.635510E-003  0.294818E-002
  0.212872E+001  0.280649E+001  0.134411E-003  0.632310E-003  0.632310E-003  0.297457E-002
  0.213045E+001  0.281118E+001  0.128845E-003  0.614694E-003  0.614694E-003  0.293259E-002
  0.213219E+001  0.281587E+001  0.127767E-003  0.618328E-003  0.618328E-003  0.299238E-002
  0.213392E+001  0.282056E+001  0.123530E-003  0.606481E-003  0.606481E-003  0.297756E-002
  0.213565E+001  0.282525E+001  0.121753E-003  0.606519E-003  0.606519E-003  0.302140E-002
  0.213737E+001  0.282995E+001  0.116083E-003  0.586807E-003  0.586807E-003  0.296634E-002
  0.213910E+001  0.283464E+001  0.112818E-003  0.578871E-003  0.578871E-003  0.297019E-002
  0.214082E+001  0.283933E+001  0.109203E-003  0.568800E-003  0.568800E-003  0.296267E-002
  0.214254E+001  0.284403E+001  0.105533E-003  0.558105E-003  0.558105E-003  0.295150E-002
  0.214426E+001  0.284872E+001  0.104057E-003  0.558840E-003  0.558840E-003  0.300125E-002
  0.214597E+001  0.285342E+001  0.998974E-004  0.544886E-003  0.544886E-003  0.297206E-002
  0.214769E+001  0.285812E+001  0.968146E-004  0.536483E-003  0.536483E-003  0.297284E-002
  0.214940E+001  0.286281E+001  0.943215E-004  0.531057E-003  0.531057E-003  0.299000E-002
  0.215111E+001  0.286751E+001  0.912700E-004  0.522235E-003  0.522235E-003  0.298816E-002
  0.215282E+001  0.287221E+001  0.895397E-004  0.520784E-003  0.520784E-003  0.302899E-002
  0.215452E+001  0.287691E+001  0.849655E-004  0.502393E-003  0.502393E-003  0.297060E-002
  0.215623E+001  0.288161E+001  0.843288E-004  0.507083E-003  0.507083E-003  0.304917E-002
  0.215793E+001  0.288631E+001  0.806663E-004  0.493353E-003  0.493353E-003  0.301733E-002
  0.215963E+001  0.289102E+001  0.770078E-004  0.479147E-003  0.479147E-003  0.298128E-002
  0.216133E+001  0.289572E+001  0.753284E-004  0.476947E-003  0.476947E-003  0.301982E-002
  0.216302E+001  0.290042E+001  0.718454E-004  0.462972E-003  0.462972E-003  0.298339E-002
  0.216472E+001  0.290513E+001  0.696246E-004  0.456798E-003  0.456798E-003  0.299698E-002
  0.216641E+001  0.290983E+001  0.669886E-004  0.447548E-003  0.447548E-003  0.299004E-002
  0.216810E+001  0.291454E+001  0.645941E-004  0.439572E-003  0.439572E-003  0.299135E-002
  0.216979E+001  0.291924E+001  0.623249E-004  0.432140E-003  0.432140E-003  0.299630E-002
  0.217148E+001  0.292395E+001  0.603241E-004  0.426293E-003  0.426293E-003  0.301249E-002
  0.217316E+001  0.292866E+001  0.583413E-004  0.420275E-003  0.420275E-003  0.302754E-002
  0.217485E+001  0.293336E+001  0.565578E-004  0.415506E-003  0.415506E-003  0.305254E-002
  0.217653E+001  0.293807E+001  0.535166E-004  0.401045E-003  0.401045E-003  0.300536E-002
  0.217821E+001  0.294278E+001  0.513055E-004  0.392316E-003  0.392316E-003  0.299990E-002
  0.217989E+001  0.294749E+001  0.493193E-004  0.384954E-003  0.384954E-003  0.300469E-002
  0.218157E+001  0.295220E+001  0.477986E-004  0.380965E-003  0.380965E-003  0.303637E-002
  0.218324E+001  0.295691E+001  0.454662E-004  0.370123E-003  0.370123E-003  0.301302E-002
  0.218492E+001  0.296162E+001  0.439609E-004  0.365709E-003  0.365709E-003  0.304231E-002
  0.218659E+001  0.296634E+001  0.417008E-004  0.354605E-003  0.354605E-003  0.301540E-002
  0.218826E+001  0.297105E+001  0.399881E-004  0.347733E-003  0.347733E-003  0.302385E-002
  0.218993E+001  0.297576E+001  0.380920E-004  0.338886E-003  0.338886E-003  0.301490E-002
  0.219160E+001  0.298047E+001  0.363377E-004  0.330887E-003  0.330887E-003  0.301301E-002
  0.219327E+001  0.298519E+001  0.347269E-004  0.323815E-003  0.323815E-003  0.301944E-002
  0.219493E+001  0.298990E+001  0.331574E-004  0.316717E-003  0.316717E-003  0.302525E-002
  0.219660E+001  0.299462E+001  0.315004E-004  0.308429E-003  0.308429E-003  0.301990E-002
  0.219826E+001  0.299933E+001  0.299118E-004  0.300330E-003  0.300330E-003  0.301546E-002
  0.219992E+001  0.300405E+001  0.285458E-004  0.294075E-003  0.294075E-003  0.302952E-002
  0.220158E+001  0.300877E+001  0.273017E-004  0.288750E-003  0.288750E-003  0.305388E-002
  0.220324E+001  0.301348E+001  0.255646E-004  0.277750E-003  0.277750E-003  0.301765E-002
  0.220490E+001  0.301820E+001  0.242181E-004  0.270472E-003  0.270472E-003  0.302066E-002
  0.220656E+001  0.302292E+001  0.231609E-004  0.266072E-003  0.266072E-003  0.305661E-002
  0.220821E+001  0.302764E+001  0.216578E-004  0.256068E-003  0.256068E-003  0.302756E-002
  0.220986E+001  0.303235E+001  0.204813E-004  0.249414E-003  0.249414E-003  0.303725E-002
  0.221152E+001  0.303707E+001  0.194732E-004  0.244482E-003  0.244482E-003  0.306940E-002
  0.221317E+001  0.304179E+001  0.181256E-004  0.234765E-003  0.234765E-003  0.304069E-002
  0.221482E+001  0.304651E+001  0.169820E-004  0.227115E-003  0.227115E-003  0.303740E-002
  0.221647E+001  0.305123E+001  0.159812E-004  0.220899E-003  0.220899E-003  0.305334E-002
  0.221812E+001  0.305595E+001  0.152047E-004  0.217432E-003  0.217432E-003  0.310934E-002
  0.221976E+001  0.306067E+001  0.137908E-004  0.204205E-003  0.204205E-003  0.302373E-002
  0.222141E+001  0.306540E+001  0.128304E-004  0.196987E-003  0.196987E-003  0.302434E-002
  0.222305E+001  0.307012E+001  0.120125E-004  0.191416E-003  0.191416E-003  0.305015E-002
  0.222470E+001  0.307484E+001  0.111645E-004  0.184926E-003  0.184926E-003  0.306306E-002
  0.222634E+001  0.307956E+001  0.102227E-004  0.176215E-003  0.176215E-003  0.303753E-002
  0.222798E+001  0.308428E+001  0.939616E-005  0.168812E-003  0.168812E-003  0.303285E-002
  0.222962E+001  0.308901E+001  0.860103E-005  0.161317E-003  0.161317E-003  0.302556E-002
  0.223126E+001  0.309373E+001  0.786526E-005  0.154272E-003  0.154272E-003  0.302592E-002
  0.223290E+001  0.309846E+001  0.715938E-005  0.147140E-003  0.147140E-003  0.302397E-002
  0.223454E+001  0.310318E+001  0.659831E-005  0.142390E-003  0.142390E-003  0.307268E-002
  0.223617E+001  0.310790E+001  0.586676E-005  0.133199E-003  0.133199E-003  0.302408E-002
  0.223781E+001  0.311263E+001  0.528710E-005  0.126652E-003  0.126652E-003  0.303387E-002
  0.223944E+001  0.311735E+001  0.471135E-005  0.119372E-003  0.119372E-003  0.302450E-002
  0.224108E+001  0.312208E+001  0.423138E-005  0.113793E-003  0.113793E-003  0.306014E-002
  0.224271E+001  0.312681E+001  0.368706E-005  0.105572E-003  0.105572E-003  0.302281E-002
  0.224434E+001  0.313153E+001  0.322633E-005  0.987474E-004  0.987474E-004  0.302225E-002
  0.224597E+001  0.313626E+001  0.281752E-005  0.925926E-004  0.925926E-004  0.304278E-002
  0.224760E+001  0.314098E+001  0.240326E-005  0.852388E-004  0.852388E-004  0.302313E-002
  0.224923E+001  0.314571E+001  0.204099E-005  0.785956E-004  0.785956E-004  0.302647E-002
  0.225086E+001  0.315044E+001  0.170576E-005  0.718198E-004  0.718198E-004  0.302376E-002
  0.225249E+001  0.315517E+001  0.140101E-005  0.650380E-004  0.650380E-004  0.301902E-002
  0.225412E+001  0.315989E+001  0.115725E-005  0.598348E-004  0.598348E-004  0.309347E-002
  0.225574E+001  0.316462E+001  0.891237E-006  0.519308E-004  0.519308E-004  0.302561E-002
  0.225737E+001  0.316935E+001  0.679031E-006  0.453342E-004  0.453342E-004  0.302626E-002
  0.225899E+001  0.317408E+001  0.500956E-006  0.390870E-004  0.390870E-004  0.304923E-002
  0.226062E+001  0.317881E+001  0.342884E-006  0.321971E-004  0.321971E-004  0.302257E-002
  0.226224E+001  0.318354E+001  0.219020E-006  0.257544E-004  0.257544E-004  0.302724E-002
  0.226386E+001  0.318827E+001  0.125385E-006  0.196932E-004  0.196932E-004  0.309092E-002
  0.226549E+001  0.319300E+001  0.540283E-007  0.127919E-004  0.127919E-004  0.302384E-002
  0.226711E+001  0.319773E+001  0.133353E-007  0.635771E-005  0.635771E-005  0.301172E-002
  0.226873E+001  0.320246E+001  0.854310E-010  0.920122E-010  0.920122E-010  0.301135E-002
  0.227035E+001  0.320719E+001  0.132283E-007  0.633210E-005  0.633210E-005  0.301167E-002
  0.227197E+001  0.321192E+001  0.529126E-007  0.126284E-004  0.126284E-004  0.300913E-002
  0.227359E+001  0.321665E+001  0.118607E-006  0.188925E-004  0.188925E-004  0.300718E-002
  0.227521E+001  0.322138E+001  0.210674E-006  0.252108E-004  0.252108E-004  0.301570E-002
  0.227683E+001  0.322611E+001  0.331755E-006  0.318192E-004  0.318192E-004  0.305106E-002
  0.227844E+001  0.323084E+001  0.470820E-006  0.377422E-004  0.377422E-004  0.302498E-002
  0.228006E+001  0.323557E+001  0.633747E-006  0.436246E-004  0.436246E-004  0.300254E-002
  0.228168E+001  0.324030E+001  0.839156E-006  0.506382E-004  0.506382E-004  0.305542E-002
  0.228329E+001  0.324503E+001  0.103764E-005  0.558023E-004  0.558023E-004  0.300071E-002
  0.228491E+001  0.324977E+001  0.127580E-005  0.618647E-004  0.618647E-004  0.299967E-002
  0.228652E+001  0.325450E+001  0.154979E-005  0.684860E-004  0.684860E-004  0.302627E-002
  0.228814E+001  0.325923E+001  0.183039E-005  0.742843E-004  0.742843E-004  0.301462E-002
  0.228975E+001  0.326396E+001  0.212315E-005  0.797260E-004  0.797260E-004  0.299366E-002
  0.229137E+001  0.326869E+001  0.254872E-005  0.890380E-004  0.890380E-004  0.311039E-002
  0.229298E+001  0.327343E+001  0.280142E-005  0.915526E-004  0.915526E-004  0.299193E-002
  0.229459E+001  0.327816E+001  0.317136E-005  0.973861E-004  0.973861E-004  0.299046E-002
  0.229620E+001  0.328289E+001  0.357695E-005  0.103612E-003  0.103612E-003  0.300123E-002
  0.229782E+001  0.328763E+001  0.400819E-005  0.109861E-003  0.109861E-003  0.301114E-002
  0.229943E+001  0.329236E+001  0.443036E-005  0.115297E-003  0.115297E-003  0.300048E-002
  0.230104E+001  0.329709E+001  0.488052E-005  0.120928E-003  0.120928E-003  0.299627E-002
  0.230265E+001  0.330183E+001  0.532956E-005  0.126042E-003  0.126042E-003  0.298078E-002
  0.230426E+001  0.330656E+001  0.581733E-005  0.131610E-003  0.131610E-003  0.297747E-002
  0.230587E+001  0.331129E+001  0.632956E-005  0.137269E-003  0.137269E-003  0.297693E-002
  0.230748E+001  0.331603E+001  0.686536E-005  0.142994E-003  0.142994E-003  0.297828E-002
  0.230909E+001  0.332076E+001  0.740122E-005  0.148307E-003  0.148307E-003  0.297177E-002
  0.231070E+001  0.332549E+001  0.799928E-005  0.154456E-003  0.154456E-003  0.298233E-002
  0.231231E+001  0.333023E+001  0.855581E-005  0.159424E-003  0.159424E-003  0.297057E-002
  0.231392E+001  0.333496E+001  0.925273E-005  0.166607E-003  0.166607E-003  0.299993E-002
  0.231553E+001  0.333970E+001  0.984407E-005  0.171506E-003  0.171506E-003  0.298801E-002
  0.231713E+001  0.334443E+001  0.105243E-004  0.177657E-003  0.177657E-003  0.299892E-002
  0.231874E+001  0.334917E+001  0.111842E-004  0.183092E-003  0.183092E-003  0.299730E-002
  0.232035E+001  0.335390E+001  0.117080E-004  0.186069E-003  0.186069E-003  0.295708E-002
  0.232196E+001  0.335863E+001  0.125325E-004  0.193544E-003  0.193544E-003  0.298895E-002
  0.232357E+001  0.336337E+001  0.133003E-004  0.199779E-003  0.199779E-003  0.300080E-002
  0.232517E+001  0.336810E+001  0.138180E-004  0.202083E-003  0.202083E-003  0.295537E-002
  0.232678E+001  0.337284E+001  0.145226E-004  0.206921E-003  0.206921E-003  0.294823E-002
  0.232839E+001  0.337757E+001  0.155155E-004  0.215544E-003  0.215544E-003  0.299435E-002
  0.232999E+001  0.338231E+001  0.162672E-004  0.220533E-003  0.220533E-003  0.298974E-002
  0.233160E+001  0.338704E+001  0.167931E-004  0.222288E-003  0.222288E-003  0.294240E-002
  0.233321E+001  0.339178E+001  0.176657E-004  0.228470E-003  0.228470E-003  0.295478E-002
  0.233481E+001  0.339651E+001  0.184380E-004  0.233160E-003  0.233160E-003  0.294844E-002
  0.233642E+001  0.340125E+001  0.191717E-004  0.237158E-003  0.237158E-003  0.293369E-002
  0.233803E+001  0.340598E+001  0.205041E-004  0.248259E-003  0.248259E-003  0.300584E-002
  0.233963E+001  0.341072E+001  0.209311E-004  0.248216E-003  0.248216E-003  0.294352E-002
  0.234124E+001  0.341545E+001  0.218820E-004  0.254253E-003  0.254253E-003  0.295424E-002
  0.234284E+001  0.342019E+001  0.228919E-004  0.260779E-003  0.260779E-003  0.297071E-002
  0.234445E+001  0.342492E+001  0.234528E-004  0.262027E-003  0.262027E-003  0.292749E-002
  0.234606E+001  0.342966E+001  0.246532E-004  0.270260E-003  0.270260E-003  0.296271E-002
  0.234766E+001  0.343439E+001  0.251735E-004  0.270924E-003  0.270924E-003  0.291576E-002
  0.234927E+001  0.343913E+001  0.262546E-004  0.277483E-003  0.277483E-003  0.293268E-002
  0.235087E+001  0.344386E+001  0.270217E-004  0.280601E-003  0.280601E-003  0.291384E-002
  0.235248E+001  0.344860E+001  0.279722E-004  0.285476E-003  0.285476E-003  0.291348E-002
  0.235408E+001  0.345333E+001  0.289933E-004  0.290946E-003  0.290946E-003  0.291962E-002
  0.235569E+001  0.345807E+001  0.297967E-004  0.294079E-003  0.294079E-003  0.290240E-002
  0.235729E+001  0.346280E+001  0.311051E-004  0.302065E-003  0.302065E-003  0.293338E-002
  0.235890E+001  0.346754E+001  0.317386E-004  0.303339E-003  0.303339E-003  0.289913E-002
  0.236051E+001  0.347227E+001  0.334187E-004  0.314442E-003  0.314442E-003  0.295863E-002
  0.236211E+001  0.347701E+001  0.338344E-004  0.313542E-003  0.313542E-003  0.290557E-002
  0.236372E+001  0.348174E+001  0.350343E-004  0.319818E-003  0.319818E-003  0.291953E-002
  0.236532E+001  0.348648E+001  0.361604E-004  0.325297E-003  0.325297E-003  0.292635E-002
  0.236693E+001  0.349121E+001  0.367622E-004  0.325961E-003  0.325961E-003  0.289021E-002
  0.236854E+001  0.349595E+001  0.382332E-004  0.334226E-003  0.334226E-003  0.292172E-002
  0.237014E+001  0.350068E+001  0.387021E-004  0.333671E-003  0.333671E-003  0.287675E-002
  0.237175E+001  0.350542E+001  0.398462E-004  0.338866E-003  0.338866E-003  0.288183E-002
  0.237335E+001  0.351015E+001  0.410405E-004  0.344391E-003  0.344391E-003  0.288995E-002
  0.237496E+001  0.351489E+001  0.418410E-004  0.346503E-003  0.346503E-003  0.286953E-002
  0.237657E+001  0.351962E+001  0.435604E-004  0.356091E-003  0.356091E-003  0.291091E-002
  0.237817E+001  0.352436E+001  0.445676E-004  0.359736E-003  0.359736E-003  0.290367E-002
  0.237978E+001  0.352909E+001  0.450131E-004  0.358805E-003  0.358805E-003  0.286007E-002
  0.238139E+001  0.353383E+001  0.462437E-004  0.364097E-003  0.364097E-003  0.286670E-002
  0.238299E+001  0.353856E+001  0.475862E-004  0.370181E-003  0.370181E-003  0.287969E-002
  0.238460E+001  0.354330E+001  0.484436E-004  0.372383E-003  0.372383E-003  0.286247E-002
  0.238621E+001  0.354803E+001  0.494670E-004  0.375814E-003  0.375814E-003  0.285515E-002
  0.238782E+001  0.355277E+001  0.506907E-004  0.380690E-003  0.380690E-003  0.285899E-002
  0.238942E+001  0.355750E+001  0.520966E-004  0.386854E-003  0.386854E-003  0.287266E-002
  0.239103E+001  0.356224E+001  0.531403E-004  0.390214E-003  0.390214E-003  0.286538E-002
  0.239264E+001  0.356697E+001  0.537195E-004  0.390146E-003  0.390146E-003  0.283350E-002
  0.239425E+001  0.357170E+001  0.553287E-004  0.397499E-003  0.397499E-003  0.285576E-002
  0.239586E+001  0.357644E+001  0.563313E-004  0.400403E-003  0.400403E-003  0.284605E-002
  0.239747E+001  0.358117E+001  0.586167E-004  0.412286E-003  0.412286E-003  0.289985E-002
  0.239907E+001  0.358591E+001  0.597175E-004  0.415724E-003  0.415724E-003  0.289406E-002
  0.240068E+001  0.359064E+001  0.598599E-004  0.412481E-003  0.412481E-003  0.284230E-002
  0.240229E+001  0.359538E+001  0.616059E-004  0.420260E-003  0.420260E-003  0.286690E-002
  0.240390E+001  0.360011E+001  0.620662E-004  0.419220E-003  0.419220E-003  0.283158E-002
  0.240551E+001  0.360484E+001  0.628740E-004  0.420543E-003  0.420543E-003  0.281287E-002
  0.240712E+001  0.360958E+001  0.646845E-004  0.428502E-003  0.428502E-003  0.283860E-002
  0.240873E+001  0.361431E+001  0.655234E-004  0.429952E-003  0.429952E-003  0.282126E-002
  0.241034E+001  0.361904E+001  0.665158E-004  0.432391E-003  0.432391E-003  0.281079E-002
  0.241195E+001  0.362378E+001  0.691580E-004  0.445429E-003  0.445429E-003  0.286889E-002
  0.241357E+001  0.362851E+001  0.697082E-004  0.444871E-003  0.444871E-003  0.283913E-002
  0.241518E+001  0.363324E+001  0.706858E-004  0.447070E-003  0.447070E-003  0.282760E-002
  0.241679E+001  0.363798E+001  0.708427E-004  0.444102E-003  0.444102E-003  0.278400E-002
  0.241840E+001  0.364271E+001  0.720812E-004  0.447925E-003  0.447925E-003  0.278348E-002
  0.242001E+001  0.364744E+001  0.735622E-004  0.453193E-003  0.453193E-003  0.279198E-002
  0.242163E+001  0.365218E+001  0.747121E-004  0.456343E-003  0.456343E-003  0.278735E-002
  0.242324E+001  0.365691E+001  0.755222E-004  0.457422E-003  0.457422E-003  0.277051E-002
  0.242485E+001  0.366164E+001  0.769932E-004  0.462471E-003  0.462471E-003  0.277790E-002
  0.242647E+001  0.366637E+001  0.796034E-004  0.474217E-003  0.474217E-003  0.282502E-002
  0.242808E+001  0.367111E+001  0.792054E-004  0.468038E-003  0.468038E-003  0.276571E-002
  0.242969E+001  0.367584E+001  0.820685E-004  0.481090E-003  0.481090E-003  0.282018E-002
  0.243131E+001  0.368057E+001  0.814549E-004  0.473711E-003  0.473711E-003  0.275492E-002
  0.243292E+001  0.368530E+001  0.834156E-004  0.481341E-003  0.481341E-003  0.277753E-002
  0.243454E+001  0.369003E+001  0.839944E-004  0.480935E-003  0.480935E-003  0.275374E-002
  0.243616E+001  0.369477E+001  0.857167E-004  0.487050E-003  0.487050E-003  0.276746E-002
  0.243777E+001  0.369950E+001  0.865152E-004  0.487901E-003  0.487901E-003  0.275151E-002
  0.243939E+001  0.370423E+001  0.875188E-004  0.489883E-003  0.489883E-003  0.274209E-002
  0.244100E+001  0.370896E+001  0.901929E-004  0.501155E-003  0.501155E-003  0.278466E-002
  0.244262E+001  0.371369E+001  0.898497E-004  0.495614E-003  0.495614E-003  0.273382E-002
  0.244424E+001  0.371842E+001  0.909576E-004  0.498116E-003  0.498116E-003  0.272786E-002
  0.244586E+001  0.372315E+001  0.929853E-004  0.505600E-003  0.505600E-003  0.274915E-002
  0.244748E+001  0.372788E+001  0.955050E-004  0.515650E-003  0.515650E-003  0.278409E-002
  0.244909E+001  0.373261E+001  0.952952E-004  0.510965E-003  0.510965E-003  0.273975E-002
  0.245071E+001  0.373734E+001  0.960522E-004  0.511486E-003  0.511486E-003  0.272370E-002
  0.245233E+001  0.374208E+001  0.992011E-004  0.524666E-003  0.524666E-003  0.277491E-002
  0.245395E+001  0.374681E+001  0.100424E-003  0.527569E-003  0.527569E-003  0.277152E-002
  0.245557E+001  0.375154E+001  0.102126E-003  0.532943E-003  0.532943E-003  0.278116E-002
  0.245720E+001  0.375627E+001  0.101168E-003  0.524458E-003  0.524458E-003  0.271880E-002
  0.245882E+001  0.376100E+001  0.101739E-003  0.523992E-003  0.523992E-003  0.269874E-002
  0.246044E+001  0.376573E+001  0.102673E-003  0.525406E-003  0.525406E-003  0.268864E-002
  0.246206E+001  0.377045E+001  0.103891E-003  0.528258E-003  0.528258E-003  0.268605E-002
  0.246368E+001  0.377518E+001  0.105460E-003  0.532866E-003  0.532866E-003  0.269245E-002
  0.246531E+001  0.377991E+001  0.107911E-003  0.541839E-003  0.541839E-003  0.272066E-002
  0.246693E+001  0.378464E+001  0.107382E-003  0.535868E-003  0.535868E-003  0.267412E-002
  0.246855E+001  0.378937E+001  0.110136E-003  0.546263E-003  0.546263E-003  0.270940E-002
  0.247018E+001  0.379410E+001  0.109785E-003  0.541221E-003  0.541221E-003  0.266813E-002
  0.247180E+001  0.379883E+001  0.112979E-003  0.553649E-003  0.553649E-003  0.271313E-002
  0.247343E+001  0.380356E+001  0.112108E-003  0.546121E-003  0.546121E-003  0.266036E-002
  0.247506E+001  0.380828E+001  0.116874E-003  0.565995E-003  0.565995E-003  0.274098E-002
  0.247668E+001  0.381301E+001  0.114495E-003  0.551271E-003  0.551271E-003  0.265425E-002
  0.247831E+001  0.381774E+001  0.115698E-003  0.553857E-003  0.553857E-003  0.265136E-002
  0.247994E+001  0.382247E+001  0.117596E-003  0.559738E-003  0.559738E-003  0.266425E-002
  0.248156E+001  0.382720E+001  0.121331E-003  0.574277E-003  0.574277E-003  0.271815E-002
  0.248319E+001  0.383192E+001  0.119328E-003  0.561649E-003  0.561649E-003  0.264354E-002
  0.248482E+001  0.383665E+001  0.120462E-003  0.563854E-003  0.563854E-003  0.263926E-002
  0.248645E+001  0.384138E+001  0.121814E-003  0.567065E-003  0.567065E-003  0.263977E-002
  0.248808E+001  0.384610E+001  0.122487E-003  0.567110E-003  0.567110E-003  0.262568E-002
  0.248971E+001  0.385083E+001  0.123847E-003  0.570332E-003  0.570332E-003  0.262645E-002
  0.249134E+001  0.385556E+001  0.126208E-003  0.578117E-003  0.578117E-003  0.264816E-002
  0.249297E+001  0.386028E+001  0.126904E-003  0.578252E-003  0.578252E-003  0.263485E-002
  0.249461E+001  0.386501E+001  0.128414E-003  0.582067E-003  0.582067E-003  0.263835E-002
  0.249624E+001  0.386974E+001  0.128222E-003  0.578197E-003  0.578197E-003  0.260729E-002
  0.249787E+001  0.387446E+001  0.129614E-003  0.581490E-003  0.581490E-003  0.260875E-002
  0.249951E+001  0.387919E+001  0.131580E-003  0.587307E-003  0.587307E-003  0.262144E-002
  0.250114E+001  0.388391E+001  0.131669E-003  0.584759E-003  0.584759E-003  0.259699E-002
