  0.102353E+001  0.554948E-001  0.260187E-003  0.101085E-003  0.101085E-003  0.392726E-004
  0.102353E+001  0.554948E-001  0.260187E-003  0.101085E-003  0.101085E-003  0.392726E-004
  0.102414E+001  0.604572E-001  0.250346E-003  0.105605E-003  0.105605E-003  0.445481E-004
  0.102480E+001  0.654140E-001  0.215544E-003  0.980954E-004  0.980954E-004  0.446438E-004
  0.102550E+001  0.703650E-001  0.205792E-003  0.100399E-003  0.100399E-003  0.489813E-004
  0.102624E+001  0.753101E-001  0.195804E-003  0.101858E-003  0.101858E-003  0.529867E-004
  0.102701E+001  0.802491E-001  0.190789E-003  0.105274E-003  0.105274E-003  0.580885E-004
  0.102783E+001  0.851821E-001  0.163693E-003  0.955103E-004  0.955103E-004  0.557273E-004
  0.102868E+001  0.901090E-001  0.157603E-003  0.968507E-004  0.968507E-004  0.595168E-004
  0.102957E+001  0.950298E-001  0.146212E-003  0.943596E-004  0.943596E-004  0.608958E-004
  0.103049E+001  0.999446E-001  0.139347E-003  0.941537E-004  0.941537E-004  0.636174E-004
  0.103144E+001  0.104853E+000  0.131762E-003  0.929623E-004  0.929623E-004  0.655875E-004
  0.103242E+001  0.109756E+000  0.125339E-003  0.921196E-004  0.921196E-004  0.677042E-004
  0.103343E+001  0.114653E+000  0.119706E-003  0.914564E-004  0.914564E-004  0.698733E-004
  0.103447E+001  0.119544E+000  0.116399E-003  0.922694E-004  0.922694E-004  0.731418E-004
  0.103553E+001  0.124430E+000  0.110094E-003  0.903655E-004  0.903655E-004  0.741717E-004
  0.103662E+001  0.129310E+000  0.105450E-003  0.894850E-004  0.894850E-004  0.759369E-004
  0.103773E+001  0.134184E+000  0.103118E-003  0.903197E-004  0.903197E-004  0.791092E-004
  0.103887E+001  0.139054E+000  0.977639E-004  0.882718E-004  0.882718E-004  0.797009E-004
  0.104003E+001  0.143918E+000  0.951832E-004  0.884686E-004  0.884686E-004  0.822272E-004
  0.104121E+001  0.148776E+000  0.925441E-004  0.884309E-004  0.884309E-004  0.845001E-004
  0.104241E+001  0.153630E+000  0.896030E-004  0.879207E-004  0.879207E-004  0.862694E-004
  0.104363E+001  0.158479E+000  0.874109E-004  0.879777E-004  0.879777E-004  0.885475E-004
  0.104486E+001  0.163324E+000  0.847270E-004  0.873661E-004  0.873661E-004  0.900869E-004
  0.104612E+001  0.168163E+000  0.800610E-004  0.845151E-004  0.845151E-004  0.892165E-004
  0.104739E+001  0.172999E+000  0.792438E-004  0.855483E-004  0.855483E-004  0.923539E-004
  0.104868E+001  0.177829E+000  0.768796E-004  0.848081E-004  0.848081E-004  0.935536E-004
  0.104999E+001  0.182656E+000  0.735475E-004  0.828399E-004  0.828399E-004  0.933058E-004
  0.105131E+001  0.187478E+000  0.717771E-004  0.824753E-004  0.824753E-004  0.947674E-004
  0.105265E+001  0.192296E+000  0.702665E-004  0.823112E-004  0.823112E-004  0.964198E-004
  0.105400E+001  0.197110E+000  0.682638E-004  0.814583E-004  0.814583E-004  0.972023E-004
  0.105536E+001  0.201920E+000  0.675083E-004  0.820008E-004  0.820008E-004  0.996037E-004
  0.105674E+001  0.206726E+000  0.652171E-004  0.805920E-004  0.805920E-004  0.995908E-004
  0.105813E+001  0.211529E+000  0.643261E-004  0.808164E-004  0.808164E-004  0.101533E-003
  0.105954E+001  0.216328E+000  0.627756E-004  0.801420E-004  0.801420E-004  0.102312E-003
  0.106095E+001  0.221123E+000  0.616891E-004  0.799696E-004  0.799696E-004  0.103667E-003
  0.106238E+001  0.225915E+000  0.598513E-004  0.787472E-004  0.787472E-004  0.103608E-003
  0.106382E+001  0.230703E+000  0.586232E-004  0.782413E-004  0.782413E-004  0.104424E-003
  0.106527E+001  0.235488E+000  0.576627E-004  0.780258E-004  0.780258E-004  0.105579E-003
  0.106673E+001  0.240269E+000  0.570449E-004  0.782198E-004  0.782198E-004  0.107254E-003
  0.106821E+001  0.245048E+000  0.567176E-004  0.787773E-004  0.787773E-004  0.109416E-003
  0.106969E+001  0.249823E+000  0.548396E-004  0.771115E-004  0.771115E-004  0.108428E-003
  0.107118E+001  0.254595E+000  0.537198E-004  0.764375E-004  0.764375E-004  0.108761E-003
  0.107268E+001  0.259364E+000  0.532367E-004  0.766197E-004  0.766197E-004  0.110272E-003
  0.107419E+001  0.264130E+000  0.530756E-004  0.772324E-004  0.772324E-004  0.112383E-003
  0.107572E+001  0.268893E+000  0.525372E-004  0.772682E-004  0.772682E-004  0.113640E-003
  0.107725E+001  0.273653E+000  0.518041E-004  0.769705E-004  0.769705E-004  0.114362E-003
  0.107878E+001  0.278411E+000  0.510042E-004  0.765241E-004  0.765241E-004  0.114812E-003
  0.108033E+001  0.283165E+000  0.495931E-004  0.751127E-004  0.751127E-004  0.113763E-003
  0.108189E+001  0.287917E+000  0.490493E-004  0.749662E-004  0.749662E-004  0.114576E-003
  0.108345E+001  0.292666E+000  0.485302E-004  0.748185E-004  0.748185E-004  0.115346E-003
  0.108502E+001  0.297412E+000  0.486786E-004  0.756749E-004  0.756749E-004  0.117642E-003
  0.108660E+001  0.302156E+000  0.483340E-004  0.757422E-004  0.757422E-004  0.118691E-003
  0.108819E+001  0.306897E+000  0.472070E-004  0.745456E-004  0.745456E-004  0.117715E-003
  0.108979E+001  0.311635E+000  0.465753E-004  0.740906E-004  0.740906E-004  0.117860E-003
  0.109139E+001  0.316371E+000  0.461318E-004  0.739002E-004  0.739002E-004  0.118382E-003
  0.109300E+001  0.321105E+000  0.458329E-004  0.739145E-004  0.739145E-004  0.119200E-003
  0.109462E+001  0.325836E+000  0.453743E-004  0.736445E-004  0.736445E-004  0.119527E-003
  0.109624E+001  0.330565E+000  0.456783E-004  0.745891E-004  0.745891E-004  0.121797E-003
  0.109788E+001  0.335291E+000  0.455564E-004  0.748243E-004  0.748243E-004  0.122894E-003
  0.109951E+001  0.340015E+000  0.450055E-004  0.743251E-004  0.743251E-004  0.122744E-003
  0.110116E+001  0.344737E+000  0.443136E-004  0.735665E-004  0.735665E-004  0.122129E-003
  0.110281E+001  0.349456E+000  0.440398E-004  0.734738E-004  0.734738E-004  0.122579E-003
  0.110447E+001  0.354173E+000  0.439920E-004  0.737377E-004  0.737377E-004  0.123595E-003
  0.110613E+001  0.358888E+000  0.438490E-004  0.738213E-004  0.738213E-004  0.124280E-003
  0.110780E+001  0.363601E+000  0.437980E-004  0.740412E-004  0.740412E-004  0.125166E-003
  0.110948E+001  0.368312E+000  0.433955E-004  0.736466E-004  0.736466E-004  0.124985E-003
  0.111116E+001  0.373020E+000  0.434276E-004  0.739686E-004  0.739686E-004  0.125987E-003
  0.111285E+001  0.377726E+000  0.432000E-004  0.738302E-004  0.738302E-004  0.126177E-003
  0.111455E+001  0.382430E+000  0.439929E-004  0.754224E-004  0.754224E-004  0.129304E-003
  0.111625E+001  0.387132E+000  0.438886E-004  0.754619E-004  0.754619E-004  0.129747E-003
  0.111795E+001  0.391832E+000  0.430599E-004  0.742336E-004  0.742336E-004  0.127975E-003
  0.111966E+001  0.396530E+000  0.431910E-004  0.746408E-004  0.746408E-004  0.128990E-003
  0.112138E+001  0.401226E+000  0.430479E-004  0.745581E-004  0.745581E-004  0.129132E-003
  0.112310E+001  0.405920E+000  0.431276E-004  0.748442E-004  0.748442E-004  0.129884E-003
  0.112483E+001  0.410612E+000  0.431123E-004  0.749498E-004  0.749498E-004  0.130297E-003
  0.112656E+001  0.415302E+000  0.433001E-004  0.753928E-004  0.753928E-004  0.131270E-003
  0.112830E+001  0.419991E+000  0.432436E-004  0.753953E-004  0.753953E-004  0.131451E-003
  0.113004E+001  0.424677E+000  0.437892E-004  0.764328E-004  0.764328E-004  0.133410E-003
  0.113179E+001  0.429361E+000  0.435706E-004  0.761217E-004  0.761217E-004  0.132990E-003
  0.113355E+001  0.434044E+000  0.441865E-004  0.772538E-004  0.772538E-004  0.135066E-003
  0.113530E+001  0.438724E+000  0.441248E-004  0.771864E-004  0.771864E-004  0.135019E-003
  0.113707E+001  0.443403E+000  0.442041E-004  0.773511E-004  0.773511E-004  0.135352E-003
  0.113883E+001  0.448080E+000  0.447697E-004  0.783520E-004  0.783520E-004  0.137123E-003
  0.114061E+001  0.452755E+000  0.444943E-004  0.778665E-004  0.778665E-004  0.136268E-003
  0.114238E+001  0.457429E+000  0.452338E-004  0.791428E-004  0.791428E-004  0.138470E-003
  0.114417E+001  0.462101E+000  0.450125E-004  0.787231E-004  0.787231E-004  0.137679E-003
  0.114595E+001  0.466770E+000  0.452866E-004  0.791562E-004  0.791562E-004  0.138355E-003
  0.114774E+001  0.471439E+000  0.458765E-004  0.801262E-004  0.801262E-004  0.139944E-003
  0.114954E+001  0.476105E+000  0.455486E-004  0.794791E-004  0.794791E-004  0.138684E-003
  0.115134E+001  0.480770E+000  0.458582E-004  0.799312E-004  0.799312E-004  0.139319E-003
  0.115314E+001  0.485433E+000  0.466468E-004  0.812030E-004  0.812030E-004  0.141357E-003
  0.115495E+001  0.490095E+000  0.467333E-004  0.812370E-004  0.812370E-004  0.141214E-003
  0.115677E+001  0.494754E+000  0.476788E-004  0.827482E-004  0.827482E-004  0.143611E-003
  0.115858E+001  0.499413E+000  0.474306E-004  0.821740E-004  0.821740E-004  0.142366E-003
  0.116040E+001  0.504069E+000  0.479730E-004  0.829557E-004  0.829557E-004  0.143447E-003
  0.116223E+001  0.508724E+000  0.481946E-004  0.831673E-004  0.831673E-004  0.143517E-003
  0.116406E+001  0.513378E+000  0.487087E-004  0.838690E-004  0.838690E-004  0.144408E-003
  0.116589E+001  0.518029E+000  0.490080E-004  0.841863E-004  0.841863E-004  0.144615E-003
  0.116773E+001  0.522680E+000  0.496109E-004  0.850093E-004  0.850093E-004  0.145663E-003
  0.116957E+001  0.527328E+000  0.500329E-004  0.855065E-004  0.855065E-004  0.146129E-003
  0.117141E+001  0.531976E+000  0.509994E-004  0.869170E-004  0.869170E-004  0.148129E-003
  0.117326E+001  0.536621E+000  0.512241E-004  0.870456E-004  0.870456E-004  0.147916E-003
  0.117511E+001  0.541265E+000  0.523519E-004  0.886915E-004  0.886915E-004  0.150254E-003
  0.117697E+001  0.545908E+000  0.522324E-004  0.882074E-004  0.882074E-004  0.148959E-003
  0.117883E+001  0.550549E+000  0.528274E-004  0.889172E-004  0.889172E-004  0.149661E-003
  0.118069E+001  0.555189E+000  0.541055E-004  0.907563E-004  0.907563E-004  0.152233E-003
  0.118256E+001  0.559827E+000  0.541596E-004  0.905232E-004  0.905232E-004  0.151301E-003
  0.118443E+001  0.564464E+000  0.549268E-004  0.914677E-004  0.914677E-004  0.152317E-003
  0.118631E+001  0.569100E+000  0.558606E-004  0.926681E-004  0.926681E-004  0.153727E-003
  0.118818E+001  0.573734E+000  0.568153E-004  0.938838E-004  0.938838E-004  0.155136E-003
  0.119007E+001  0.578366E+000  0.577896E-004  0.951065E-004  0.951065E-004  0.156519E-003
  0.119195E+001  0.582998E+000  0.577213E-004  0.946009E-004  0.946009E-004  0.155042E-003
  0.119384E+001  0.587628E+000  0.586981E-004  0.957911E-004  0.957911E-004  0.156323E-003
  0.119573E+001  0.592256E+000  0.594108E-004  0.965307E-004  0.965307E-004  0.156842E-003
  0.119762E+001  0.596883E+000  0.605605E-004  0.979589E-004  0.979589E-004  0.158451E-003
  0.119952E+001  0.601509E+000  0.611245E-004  0.984171E-004  0.984171E-004  0.158461E-003
  0.120142E+001  0.606134E+000  0.621541E-004  0.996059E-004  0.996059E-004  0.159623E-003
  0.120333E+001  0.610757E+000  0.635666E-004  0.101380E-003  0.101380E-003  0.161685E-003
  0.120523E+001  0.615379E+000  0.643153E-004  0.102074E-003  0.102074E-003  0.161998E-003
  0.120714E+001  0.620000E+000  0.654455E-004  0.103349E-003  0.103349E-003  0.163204E-003
  0.120906E+001  0.624619E+000  0.663496E-004  0.104242E-003  0.104242E-003  0.163773E-003
  0.121097E+001  0.629237E+000  0.674477E-004  0.105419E-003  0.105419E-003  0.164767E-003
  0.121289E+001  0.633854E+000  0.684260E-004  0.106384E-003  0.106384E-003  0.165397E-003
  0.121482E+001  0.638470E+000  0.702275E-004  0.108596E-003  0.108596E-003  0.167927E-003
  0.121674E+001  0.643084E+000  0.704585E-004  0.108360E-003  0.108360E-003  0.166650E-003
  0.121867E+001  0.647697E+000  0.717793E-004  0.109779E-003  0.109779E-003  0.167894E-003
  0.122060E+001  0.652310E+000  0.729144E-004  0.110887E-003  0.110887E-003  0.168633E-003
  0.122253E+001  0.656920E+000  0.746414E-004  0.112865E-003  0.112865E-003  0.170662E-003
  0.122447E+001  0.661530E+000  0.755211E-004  0.113532E-003  0.113532E-003  0.170672E-003
  0.122641E+001  0.666139E+000  0.768936E-004  0.114914E-003  0.114914E-003  0.171734E-003
  0.122835E+001  0.670746E+000  0.783952E-004  0.116460E-003  0.116460E-003  0.173007E-003
  0.123030E+001  0.675352E+000  0.803872E-004  0.118696E-003  0.118696E-003  0.175259E-003
  0.123224E+001  0.679958E+000  0.819782E-004  0.120306E-003  0.120306E-003  0.176553E-003
  0.123419E+001  0.684562E+000  0.835516E-004  0.121855E-003  0.121855E-003  0.177718E-003
  0.123615E+001  0.689164E+000  0.849857E-004  0.123166E-003  0.123166E-003  0.178498E-003
  0.123810E+001  0.693766E+000  0.861208E-004  0.124021E-003  0.124021E-003  0.178598E-003
  0.124006E+001  0.698367E+000  0.876892E-004  0.125467E-003  0.125467E-003  0.179520E-003
  0.124202E+001  0.702967E+000  0.894114E-004  0.127101E-003  0.127101E-003  0.180677E-003
  0.124398E+001  0.707566E+000  0.915566E-004  0.129297E-003  0.129297E-003  0.182594E-003
  0.124595E+001  0.712163E+000  0.933466E-004  0.130949E-003  0.130949E-003  0.183697E-003
  0.124792E+001  0.716760E+000  0.961250E-004  0.133942E-003  0.133942E-003  0.186635E-003
  0.124989E+001  0.721355E+000  0.982938E-004  0.136037E-003  0.136037E-003  0.188272E-003
  0.125186E+001  0.725950E+000  0.993012E-004  0.136493E-003  0.136493E-003  0.187614E-003
  0.125383E+001  0.730544E+000  0.101185E-003  0.138126E-003  0.138126E-003  0.188552E-003
  0.125581E+001  0.735136E+000  0.103235E-003  0.139942E-003  0.139942E-003  0.189699E-003
  0.125779E+001  0.739728E+000  0.105615E-003  0.142163E-003  0.142163E-003  0.191356E-003
  0.125977E+001  0.744319E+000  0.107631E-003  0.143850E-003  0.143850E-003  0.192256E-003
  0.126175E+001  0.748908E+000  0.110193E-003  0.146224E-003  0.146224E-003  0.194035E-003
  0.126374E+001  0.753497E+000  0.112614E-003  0.148358E-003  0.148358E-003  0.195447E-003
  0.126573E+001  0.758085E+000  0.116037E-003  0.151757E-003  0.151757E-003  0.198470E-003
  0.126772E+001  0.762672E+000  0.118751E-003  0.154169E-003  0.154169E-003  0.200151E-003
  0.126971E+001  0.767258E+000  0.120540E-003  0.155340E-003  0.155340E-003  0.200184E-003
  0.127170E+001  0.771844E+000  0.122824E-003  0.157109E-003  0.157109E-003  0.200963E-003
  0.127370E+001  0.776428E+000  0.126126E-003  0.160122E-003  0.160122E-003  0.203281E-003
  0.127569E+001  0.781011E+000  0.129826E-003  0.163582E-003  0.163582E-003  0.206114E-003
  0.127769E+001  0.785594E+000  0.132762E-003  0.166012E-003  0.166012E-003  0.207588E-003
  0.127970E+001  0.790176E+000  0.135477E-003  0.168107E-003  0.168107E-003  0.208595E-003
  0.128170E+001  0.794757E+000  0.137611E-003  0.169443E-003  0.169443E-003  0.208637E-003
  0.128371E+001  0.799337E+000  0.142745E-003  0.174400E-003  0.174400E-003  0.213074E-003
  0.128571E+001  0.803917E+000  0.144656E-003  0.175362E-003  0.175362E-003  0.212586E-003
  0.128772E+001  0.808495E+000  0.147774E-003  0.177737E-003  0.177737E-003  0.213775E-003
  0.128973E+001  0.813073E+000  0.151524E-003  0.180810E-003  0.180810E-003  0.215754E-003
  0.129174E+001  0.817650E+000  0.156384E-003  0.185129E-003  0.185129E-003  0.219157E-003
  0.129376E+001  0.822227E+000  0.158891E-003  0.186590E-003  0.186590E-003  0.219118E-003
  0.129577E+001  0.826802E+000  0.164091E-003  0.191154E-003  0.191154E-003  0.222679E-003
  0.129779E+001  0.831377E+000  0.166903E-003  0.192857E-003  0.192857E-003  0.222846E-003
  0.129981E+001  0.835952E+000  0.170933E-003  0.195909E-003  0.195909E-003  0.224533E-003
  0.130183E+001  0.840525E+000  0.175301E-003  0.199274E-003  0.199274E-003  0.226525E-003
  0.130385E+001  0.845098E+000  0.180697E-003  0.203724E-003  0.203724E-003  0.229684E-003
  0.130588E+001  0.849670E+000  0.184996E-003  0.206844E-003  0.206844E-003  0.231270E-003
  0.130790E+001  0.854242E+000  0.189403E-003  0.210018E-003  0.210018E-003  0.232876E-003
  0.130993E+001  0.858813E+000  0.193852E-003  0.213156E-003  0.213156E-003  0.234381E-003
  0.131196E+001  0.863383E+000  0.199797E-003  0.217849E-003  0.217849E-003  0.237532E-003
  0.131399E+001  0.867952E+000  0.205708E-003  0.222405E-003  0.222405E-003  0.240457E-003
  0.131602E+001  0.872521E+000  0.210529E-003  0.225693E-003  0.225693E-003  0.241947E-003
  0.131805E+001  0.877090E+000  0.214944E-003  0.228468E-003  0.228468E-003  0.242842E-003
  0.132008E+001  0.881658E+000  0.221082E-003  0.232988E-003  0.232988E-003  0.245535E-003
  0.132212E+001  0.886225E+000  0.227585E-003  0.237778E-003  0.237778E-003  0.248426E-003
  0.132415E+001  0.890792E+000  0.233304E-003  0.241658E-003  0.241658E-003  0.250310E-003
  0.132619E+001  0.895358E+000  0.238716E-003  0.245121E-003  0.245121E-003  0.251696E-003
  0.132823E+001  0.899924E+000  0.245645E-003  0.250039E-003  0.250039E-003  0.254512E-003
  0.133027E+001  0.904489E+000  0.252746E-003  0.255020E-003  0.255020E-003  0.257314E-003
  0.133231E+001  0.909054E+000  0.259268E-003  0.259307E-003  0.259307E-003  0.259346E-003
  0.133435E+001  0.913618E+000  0.265872E-003  0.263573E-003  0.263573E-003  0.261293E-003
  0.133639E+001  0.918182E+000  0.273818E-003  0.269053E-003  0.269053E-003  0.264370E-003
  0.133844E+001  0.922745E+000  0.283338E-003  0.275928E-003  0.275928E-003  0.268711E-003
  0.134048E+001  0.927308E+000  0.288596E-003  0.278549E-003  0.278549E-003  0.268850E-003
  0.134253E+001  0.931870E+000  0.299168E-003  0.286163E-003  0.286163E-003  0.273723E-003
  0.134457E+001  0.936432E+000  0.305889E-003  0.289972E-003  0.289972E-003  0.274882E-003
  0.134662E+001  0.940994E+000  0.313596E-003  0.294594E-003  0.294594E-003  0.276742E-003
  0.134867E+001  0.945555E+000  0.322923E-003  0.300607E-003  0.300607E-003  0.279833E-003
  0.135072E+001  0.950116E+000  0.332600E-003  0.306802E-003  0.306802E-003  0.283004E-003
  0.135277E+001  0.954676E+000  0.342268E-003  0.312841E-003  0.312841E-003  0.285943E-003
  0.135482E+001  0.959236E+000  0.351509E-003  0.318348E-003  0.318348E-003  0.288315E-003
  0.135687E+001  0.963796E+000  0.361043E-003  0.323982E-003  0.323982E-003  0.290725E-003
  0.135892E+001  0.968355E+000  0.372163E-003  0.330886E-003  0.330886E-003  0.294187E-003
  0.136098E+001  0.972914E+000  0.387251E-003  0.341106E-003  0.341106E-003  0.300458E-003
  0.136303E+001  0.977473E+000  0.393735E-003  0.343604E-003  0.343604E-003  0.299855E-003
  0.136508E+001  0.982032E+000  0.406862E-003  0.351761E-003  0.351761E-003  0.304121E-003
  0.136714E+001  0.986590E+000  0.417547E-003  0.357618E-003  0.357618E-003  0.306289E-003
  0.136919E+001  0.991148E+000  0.431596E-003  0.366195E-003  0.366195E-003  0.310703E-003
  0.137125E+001  0.995705E+000  0.441700E-003  0.371237E-003  0.371237E-003  0.312014E-003
  0.137331E+001  0.100026E+001  0.460723E-003  0.383566E-003  0.383566E-003  0.319330E-003
  0.137536E+001  0.100482E+001  0.470464E-003  0.387982E-003  0.387982E-003  0.319960E-003
  0.137742E+001  0.100938E+001  0.483131E-003  0.394641E-003  0.394641E-003  0.322358E-003
  0.137948E+001  0.101393E+001  0.498238E-003  0.403102E-003  0.403102E-003  0.326131E-003
  0.138154E+001  0.101849E+001  0.513005E-003  0.411082E-003  0.411082E-003  0.329408E-003
  0.138360E+001  0.102305E+001  0.527613E-003  0.418735E-003  0.418735E-003  0.332325E-003
  0.138566E+001  0.102760E+001  0.550677E-003  0.432839E-003  0.432839E-003  0.340216E-003
  0.138772E+001  0.103216E+001  0.563097E-003  0.438335E-003  0.438335E-003  0.341215E-003
  0.138978E+001  0.103672E+001  0.576538E-003  0.444461E-003  0.444461E-003  0.342640E-003
  0.139184E+001  0.104127E+001  0.598090E-003  0.456607E-003  0.456607E-003  0.348592E-003
  0.139390E+001  0.104583E+001  0.611108E-003  0.462012E-003  0.462012E-003  0.349292E-003
  0.139596E+001  0.105038E+001  0.631668E-003  0.472904E-003  0.472904E-003  0.354043E-003
  0.139802E+001  0.105494E+001  0.647530E-003  0.480044E-003  0.480044E-003  0.355878E-003
  0.140008E+001  0.105949E+001  0.667086E-003  0.489699E-003  0.489699E-003  0.359481E-003
  0.140214E+001  0.106405E+001  0.691078E-003  0.502331E-003  0.502331E-003  0.365134E-003
  0.140420E+001  0.106860E+001  0.711335E-003  0.511967E-003  0.511967E-003  0.368475E-003
  0.140627E+001  0.107316E+001  0.730737E-003  0.520717E-003  0.520717E-003  0.371057E-003
  0.140833E+001  0.107771E+001  0.752191E-003  0.530703E-003  0.530703E-003  0.374433E-003
  0.141039E+001  0.108227E+001  0.777407E-003  0.543056E-003  0.543056E-003  0.379350E-003
  0.141245E+001  0.108682E+001  0.803014E-003  0.555369E-003  0.555369E-003  0.384096E-003
  0.141452E+001  0.109138E+001  0.820518E-003  0.561795E-003  0.561795E-003  0.384651E-003
  0.141658E+001  0.109593E+001  0.845285E-003  0.572975E-003  0.572975E-003  0.388389E-003
  0.141864E+001  0.110048E+001  0.872656E-003  0.585609E-003  0.585609E-003  0.392981E-003
  0.142071E+001  0.110504E+001  0.896556E-003  0.595584E-003  0.595584E-003  0.395648E-003
  0.142277E+001  0.110959E+001  0.922704E-003  0.606794E-003  0.606794E-003  0.399042E-003
  0.142484E+001  0.111415E+001  0.952206E-003  0.619858E-003  0.619858E-003  0.403508E-003
  0.142690E+001  0.111870E+001  0.977517E-003  0.629911E-003  0.629911E-003  0.405913E-003
  0.142897E+001  0.112326E+001  0.100898E-002  0.643579E-003  0.643579E-003  0.410506E-003
  0.143103E+001  0.112781E+001  0.103564E-002  0.653886E-003  0.653886E-003  0.412854E-003
  0.143310E+001  0.113236E+001  0.108297E-002  0.676796E-003  0.676796E-003  0.422958E-003
  0.143516E+001  0.113692E+001  0.109954E-002  0.680159E-003  0.680159E-003  0.420735E-003
  0.143723E+001  0.114147E+001  0.113306E-002  0.693711E-003  0.693711E-003  0.424722E-003
  0.143929E+001  0.114602E+001  0.116044E-002  0.703222E-003  0.703222E-003  0.426148E-003
  0.144136E+001  0.115058E+001  0.119268E-002  0.715327E-003  0.715327E-003  0.429027E-003
  0.144343E+001  0.115513E+001  0.123247E-002  0.731581E-003  0.731581E-003  0.434257E-003
  0.144549E+001  0.115968E+001  0.126380E-002  0.742473E-003  0.742473E-003  0.436197E-003
  0.144756E+001  0.116423E+001  0.129432E-002  0.752549E-003  0.752549E-003  0.437548E-003
  0.144963E+001  0.116879E+001  0.133036E-002  0.765496E-003  0.765496E-003  0.440469E-003
  0.145170E+001  0.117334E+001  0.136562E-002  0.777637E-003  0.777637E-003  0.442816E-003
  0.145377E+001  0.117789E+001  0.140430E-002  0.791360E-003  0.791360E-003  0.445952E-003
  0.145584E+001  0.118244E+001  0.144252E-002  0.804446E-003  0.804446E-003  0.448612E-003
  0.145791E+001  0.118699E+001  0.147860E-002  0.815980E-003  0.815980E-003  0.450306E-003
  0.145998E+001  0.119154E+001  0.151429E-002  0.826962E-003  0.826962E-003  0.451607E-003
  0.146205E+001  0.119609E+001  0.155624E-002  0.840999E-003  0.840999E-003  0.454477E-003
  0.146413E+001  0.120064E+001  0.160484E-002  0.858148E-003  0.858148E-003  0.458872E-003
  0.146620E+001  0.120519E+001  0.163133E-002  0.863182E-003  0.863182E-003  0.456732E-003
  0.146828E+001  0.120974E+001  0.167791E-002  0.878474E-003  0.878474E-003  0.459927E-003
  0.147035E+001  0.121429E+001  0.172807E-002  0.895243E-003  0.895243E-003  0.463788E-003
  0.147243E+001  0.121884E+001  0.176259E-002  0.903486E-003  0.903486E-003  0.463116E-003
  0.147451E+001  0.122338E+001  0.179107E-002  0.908378E-003  0.908378E-003  0.460702E-003
  0.147659E+001  0.122793E+001  0.183681E-002  0.921719E-003  0.921719E-003  0.462521E-003
  0.147867E+001  0.123247E+001  0.187645E-002  0.931633E-003  0.931633E-003  0.462543E-003
  0.148076E+001  0.123702E+001  0.191534E-002  0.940810E-003  0.940810E-003  0.462122E-003
  0.148284E+001  0.124156E+001  0.195802E-002  0.951559E-003  0.951559E-003  0.462439E-003
  0.148493E+001  0.124611E+001  0.200106E-002  0.962091E-003  0.962091E-003  0.462564E-003
  0.148702E+001  0.125065E+001  0.203563E-002  0.968246E-003  0.968246E-003  0.460546E-003
  0.148911E+001  0.125519E+001  0.207730E-002  0.977492E-003  0.977492E-003  0.459967E-003
  0.149121E+001  0.125973E+001  0.214517E-002  0.998560E-003  0.998560E-003  0.464822E-003
  0.149330E+001  0.126427E+001  0.215528E-002  0.992506E-003  0.992506E-003  0.457048E-003
  0.149540E+001  0.126881E+001  0.219583E-002  0.100027E-002  0.100027E-002  0.455651E-003
  0.149750E+001  0.127335E+001  0.223371E-002  0.100653E-002  0.100653E-002  0.453547E-003
  0.149960E+001  0.127788E+001  0.227203E-002  0.101272E-002  0.101272E-002  0.451401E-003
  0.150171E+001  0.128242E+001  0.231534E-002  0.102079E-002  0.102079E-002  0.450047E-003
  0.150382E+001  0.128695E+001  0.238766E-002  0.104120E-002  0.104120E-002  0.454042E-003
  0.150593E+001  0.129149E+001  0.238767E-002  0.102984E-002  0.102984E-002  0.444185E-003
  0.150804E+001  0.129602E+001  0.242113E-002  0.103285E-002  0.103285E-002  0.440615E-003
  0.151016E+001  0.130055E+001  0.246065E-002  0.103816E-002  0.103816E-002  0.438007E-003
  0.151228E+001  0.130508E+001  0.249374E-002  0.104052E-002  0.104052E-002  0.434164E-003
  0.151440E+001  0.130960E+001  0.253084E-002  0.104434E-002  0.104434E-002  0.430943E-003
  0.151652E+001  0.131413E+001  0.258465E-002  0.105474E-002  0.105474E-002  0.430417E-003
  0.151865E+001  0.131865E+001  0.259105E-002  0.104557E-002  0.104557E-002  0.421918E-003
  0.152079E+001  0.132318E+001  0.262080E-002  0.104570E-002  0.104570E-002  0.417234E-003
  0.152292E+001  0.132770E+001  0.265619E-002  0.104794E-002  0.104794E-002  0.413444E-003
  0.152506E+001  0.133222E+001  0.267935E-002  0.104515E-002  0.104515E-002  0.407686E-003
  0.152720E+001  0.133673E+001  0.270065E-002  0.104153E-002  0.104153E-002  0.401671E-003
  0.152935E+001  0.134125E+001  0.272677E-002  0.103959E-002  0.103959E-002  0.396347E-003
  0.153150E+001  0.134576E+001  0.277003E-002  0.104398E-002  0.104398E-002  0.393458E-003
  0.153365E+001  0.135028E+001  0.277635E-002  0.103432E-002  0.103432E-002  0.385330E-003
  0.153581E+001  0.135479E+001  0.280006E-002  0.103103E-002  0.103103E-002  0.379645E-003
  0.153797E+001  0.135930E+001  0.282092E-002  0.102659E-002  0.102659E-002  0.373598E-003
  0.154013E+001  0.136381E+001  0.283452E-002  0.101944E-002  0.101944E-002  0.366642E-003
  0.154230E+001  0.136831E+001  0.288002E-002  0.102352E-002  0.102352E-002  0.363747E-003
  0.154447E+001  0.137282E+001  0.287307E-002  0.100887E-002  0.100887E-002  0.354263E-003
  0.154664E+001  0.137732E+001  0.287994E-002  0.999139E-003  0.999139E-003  0.346631E-003
  0.154881E+001  0.138182E+001  0.291626E-002  0.999499E-003  0.999499E-003  0.342561E-003
  0.155099E+001  0.138632E+001  0.292093E-002  0.988837E-003  0.988837E-003  0.334755E-003
  0.155318E+001  0.139082E+001  0.292333E-002  0.977365E-003  0.977365E-003  0.326764E-003
  0.155536E+001  0.139532E+001  0.293644E-002  0.969504E-003  0.969504E-003  0.320093E-003
  0.155755E+001  0.139981E+001  0.292801E-002  0.954486E-003  0.954486E-003  0.311147E-003
  0.155974E+001  0.140431E+001  0.293703E-002  0.945175E-003  0.945175E-003  0.304170E-003
  0.156193E+001  0.140880E+001  0.295048E-002  0.937216E-003  0.937216E-003  0.297704E-003
  0.156413E+001  0.141329E+001  0.294220E-002  0.922277E-003  0.922277E-003  0.289101E-003
  0.156633E+001  0.141778E+001  0.297363E-002  0.919686E-003  0.919686E-003  0.284441E-003
  0.156853E+001  0.142227E+001  0.298773E-002  0.911533E-003  0.911533E-003  0.278100E-003
  0.157073E+001  0.142676E+001  0.297070E-002  0.893865E-003  0.893865E-003  0.268957E-003
  0.157293E+001  0.143125E+001  0.293860E-002  0.871834E-003  0.871834E-003  0.258657E-003
  0.157513E+001  0.143574E+001  0.292058E-002  0.854140E-003  0.854140E-003  0.249797E-003
  0.157734E+001  0.144023E+001  0.293945E-002  0.847116E-003  0.847116E-003  0.244128E-003
  0.157954E+001  0.144472E+001  0.290224E-002  0.823985E-003  0.823985E-003  0.233940E-003
  0.158174E+001  0.144921E+001  0.292693E-002  0.818396E-003  0.818396E-003  0.228830E-003
  0.158395E+001  0.145369E+001  0.290428E-002  0.799399E-003  0.799399E-003  0.220033E-003
  0.158615E+001  0.145818E+001  0.286342E-002  0.775607E-003  0.775607E-003  0.210086E-003
  0.158835E+001  0.146267E+001  0.284837E-002  0.758918E-003  0.758918E-003  0.202205E-003
  0.159055E+001  0.146716E+001  0.283187E-002  0.741834E-003  0.741834E-003  0.194329E-003
  0.159275E+001  0.147165E+001  0.280718E-002  0.722625E-003  0.722625E-003  0.186017E-003
  0.159495E+001  0.147614E+001  0.281575E-002  0.711869E-003  0.711869E-003  0.179972E-003
  0.159714E+001  0.148064E+001  0.276296E-002  0.685667E-003  0.685667E-003  0.170157E-003
  0.159933E+001  0.148513E+001  0.273933E-002  0.666845E-003  0.666845E-003  0.162331E-003
  0.160152E+001  0.148963E+001  0.273202E-002  0.651913E-003  0.651913E-003  0.155558E-003
  0.160370E+001  0.149413E+001  0.268753E-002  0.628176E-003  0.628176E-003  0.146827E-003
  0.160587E+001  0.149863E+001  0.265944E-002  0.608435E-003  0.608435E-003  0.139199E-003
  0.160804E+001  0.150313E+001  0.262187E-002  0.586582E-003  0.586582E-003  0.131233E-003
  0.161021E+001  0.150764E+001  0.258065E-002  0.564036E-003  0.564036E-003  0.123277E-003
  0.161237E+001  0.151215E+001  0.254528E-002  0.542936E-003  0.542936E-003  0.115813E-003
  0.161452E+001  0.151666E+001  0.250491E-002  0.520937E-003  0.520937E-003  0.108336E-003
  0.161667E+001  0.152118E+001  0.247262E-002  0.500707E-003  0.500707E-003  0.101393E-003
  0.161881E+001  0.152570E+001  0.244334E-002  0.481182E-003  0.481182E-003  0.947611E-004
  0.162094E+001  0.153022E+001  0.240994E-002  0.460953E-003  0.460953E-003  0.881663E-004
  0.162306E+001  0.153475E+001  0.233416E-002  0.433003E-003  0.433003E-003  0.803240E-004
  0.162517E+001  0.153928E+001  0.229406E-002  0.412111E-003  0.412111E-003  0.740316E-004
  0.162728E+001  0.154382E+001  0.223979E-002  0.388942E-003  0.388942E-003  0.675392E-004
  0.162938E+001  0.154835E+001  0.220024E-002  0.368681E-003  0.368681E-003  0.617766E-004
  0.163147E+001  0.155290E+001  0.213425E-002  0.344435E-003  0.344435E-003  0.555855E-004
  0.163355E+001  0.155744E+001  0.208235E-002  0.323011E-003  0.323011E-003  0.501039E-004
  0.163562E+001  0.156199E+001  0.204013E-002  0.303515E-003  0.303515E-003  0.451534E-004
  0.163769E+001  0.156654E+001  0.197622E-002  0.281257E-003  0.281257E-003  0.400276E-004
  0.163975E+001  0.157110E+001  0.191994E-002  0.260734E-003  0.260734E-003  0.354073E-004
  0.164180E+001  0.157566E+001  0.186552E-002  0.241077E-003  0.241077E-003  0.311526E-004
  0.164385E+001  0.158022E+001  0.182783E-002  0.224040E-003  0.224040E-003  0.274598E-004
  0.164589E+001  0.158479E+001  0.176329E-002  0.204325E-003  0.204325E-003  0.236753E-004
  0.164792E+001  0.158936E+001  0.169986E-002  0.185544E-003  0.185544E-003  0.202514E-004
  0.164995E+001  0.159393E+001  0.164457E-002  0.168364E-003  0.168364E-003  0.172352E-004
  0.165197E+001  0.159850E+001  0.159436E-002  0.152404E-003  0.152404E-003  0.145670E-004
  0.165399E+001  0.160307E+001  0.153751E-002  0.136484E-003  0.136484E-003  0.121144E-004
  0.165601E+001  0.160765E+001  0.148758E-002  0.121870E-003  0.121870E-003  0.998305E-005
  0.165802E+001  0.161222E+001  0.143581E-002  0.107828E-003  0.107828E-003  0.809661E-005
  0.166003E+001  0.161680E+001  0.138459E-002  0.945202E-004  0.945202E-004  0.645133E-005
  0.166204E+001  0.162138E+001  0.133577E-002  0.820615E-004  0.820615E-004  0.504016E-005
  0.166405E+001  0.162596E+001  0.128978E-002  0.704348E-004  0.704348E-004  0.384524E-005
  0.166606E+001  0.163054E+001  0.125305E-002  0.598970E-004  0.598970E-004  0.286195E-005
  0.166806E+001  0.163512E+001  0.120382E-002  0.494143E-004  0.494143E-004  0.202716E-005
  0.167007E+001  0.163970E+001  0.115483E-002  0.395971E-004  0.395971E-004  0.135653E-005
  0.167208E+001  0.164428E+001  0.111365E-002  0.306941E-004  0.306941E-004  0.844788E-006
  0.167409E+001  0.164886E+001  0.107379E-002  0.224126E-004  0.224126E-004  0.466619E-006
  0.167610E+001  0.165343E+001  0.104366E-002  0.148462E-004  0.148462E-004  0.210002E-006
  0.167811E+001  0.165801E+001  0.996584E-003  0.759713E-005  0.759713E-005  0.567314E-007
  0.168012E+001  0.166259E+001  0.980575E-003  0.104917E-005  0.104917E-005  0.573754E-010
  0.168214E+001  0.166716E+001  0.927326E-003  0.506696E-005  0.506696E-005  0.265090E-007
  0.168416E+001  0.167174E+001  0.904501E-003  0.108032E-004  0.108032E-004  0.127857E-006
  0.168619E+001  0.167631E+001  0.862612E-003  0.158712E-004  0.158712E-004  0.290842E-006
  0.168821E+001  0.168088E+001  0.840260E-003  0.208085E-004  0.208085E-004  0.514143E-006
  0.169025E+001  0.168545E+001  0.805612E-003  0.250811E-004  0.250811E-004  0.779681E-006
  0.169228E+001  0.169001E+001  0.773347E-003  0.289305E-004  0.289305E-004  0.108111E-005
  0.169432E+001  0.169458E+001  0.745074E-003  0.325264E-004  0.325264E-004  0.141879E-005
  0.169636E+001  0.169914E+001  0.720074E-003  0.358876E-004  0.358876E-004  0.178745E-005
  0.169841E+001  0.170370E+001  0.694112E-003  0.388632E-004  0.388632E-004  0.217480E-005
  0.170046E+001  0.170826E+001  0.672187E-003  0.417279E-004  0.417279E-004  0.258924E-005
  0.170252E+001  0.171282E+001  0.647816E-003  0.441373E-004  0.441373E-004  0.300603E-005
  0.170458E+001  0.171737E+001  0.626390E-003  0.464305E-004  0.464305E-004  0.344047E-005
  0.170665E+001  0.172193E+001  0.607214E-003  0.486268E-004  0.486268E-004  0.389298E-005
  0.170873E+001  0.172648E+001  0.586618E-003  0.504524E-004  0.504524E-004  0.433806E-005
  0.171080E+001  0.173102E+001  0.564142E-003  0.518105E-004  0.518105E-004  0.475711E-005
  0.171289E+001  0.173557E+001  0.546948E-003  0.534195E-004  0.534195E-004  0.521626E-005
  0.171498E+001  0.174011E+001  0.533066E-003  0.551385E-004  0.551385E-004  0.570222E-005
  0.171707E+001  0.174465E+001  0.509598E-003  0.556204E-004  0.556204E-004  0.606960E-005
  0.171917E+001  0.174919E+001  0.493045E-003  0.566131E-004  0.566131E-004  0.649939E-005
  0.172128E+001  0.175373E+001  0.477209E-003  0.574897E-004  0.574897E-004  0.692471E-005
  0.172339E+001  0.175826E+001  0.461742E-003  0.582079E-004  0.582079E-004  0.733668E-005
  0.172550E+001  0.176279E+001  0.454674E-003  0.598341E-004  0.598341E-004  0.787294E-005
  0.172763E+001  0.176731E+001  0.436634E-003  0.598768E-004  0.598768E-004  0.820996E-005
  0.172976E+001  0.177184E+001  0.421332E-003  0.600882E-004  0.600882E-004  0.856837E-005
  0.173189E+001  0.177636E+001  0.405855E-003  0.600854E-004  0.600854E-004  0.889435E-005
  0.173403E+001  0.178088E+001  0.393214E-003  0.603404E-004  0.603404E-004  0.925841E-005
  0.173617E+001  0.178540E+001  0.389577E-003  0.618707E-004  0.618707E-004  0.982491E-005
  0.173833E+001  0.178991E+001  0.371466E-003  0.609871E-004  0.609871E-004  0.100117E-004
  0.174048E+001  0.179442E+001  0.359352E-003  0.609012E-004  0.609012E-004  0.103201E-004
  0.174265E+001  0.179893E+001  0.349632E-003  0.611079E-004  0.611079E-004  0.106792E-004
  0.174481E+001  0.180343E+001  0.337259E-003  0.607118E-004  0.607118E-004  0.109280E-004
  0.174699E+001  0.180794E+001  0.327100E-003  0.605997E-004  0.605997E-004  0.112258E-004
  0.174917E+001  0.181244E+001  0.317767E-003  0.605267E-004  0.605267E-004  0.115277E-004
  0.175135E+001  0.181693E+001  0.308017E-003  0.602643E-004  0.602643E-004  0.117898E-004
  0.175354E+001  0.182143E+001  0.299612E-003  0.601686E-004  0.601686E-004  0.120821E-004
  0.175574E+001  0.182592E+001  0.291392E-003  0.600226E-004  0.600226E-004  0.123627E-004
  0.175794E+001  0.183041E+001  0.282265E-003  0.595923E-004  0.595923E-004  0.125802E-004
  0.176015E+001  0.183490E+001  0.275043E-003  0.594800E-004  0.594800E-004  0.128619E-004
  0.176236E+001  0.183938E+001  0.267274E-003  0.591664E-004  0.591664E-004  0.130966E-004
  0.176457E+001  0.184386E+001  0.260581E-003  0.590119E-004  0.590119E-004  0.133630E-004
  0.176680E+001  0.184834E+001  0.252730E-003  0.585285E-004  0.585285E-004  0.135533E-004
  0.176903E+001  0.185282E+001  0.245990E-003  0.582244E-004  0.582244E-004  0.137803E-004
  0.177126E+001  0.185729E+001  0.238768E-003  0.577321E-004  0.577321E-004  0.139581E-004
  0.177350E+001  0.186176E+001  0.233868E-003  0.577427E-004  0.577427E-004  0.142558E-004
  0.177574E+001  0.186623E+001  0.225938E-003  0.569386E-004  0.569386E-004  0.143480E-004
  0.177799E+001  0.187070E+001  0.220032E-003  0.565783E-004  0.565783E-004  0.145473E-004
  0.178024E+001  0.187516E+001  0.214385E-003  0.562256E-004  0.562256E-004  0.147450E-004
  0.178250E+001  0.187962E+001  0.209233E-003  0.559530E-004  0.559530E-004  0.149619E-004
  0.178476E+001  0.188408E+001  0.203771E-003  0.555444E-004  0.555444E-004  0.151394E-004
  0.178703E+001  0.188854E+001  0.198620E-003  0.551725E-004  0.551725E-004  0.153247E-004
  0.178930E+001  0.189299E+001  0.193777E-003  0.548367E-004  0.548367E-004  0.155172E-004
  0.179158E+001  0.189744E+001  0.190219E-003  0.548289E-004  0.548289E-004  0.158029E-004
  0.179386E+001  0.190189E+001  0.185098E-003  0.543288E-004  0.543288E-004  0.159452E-004
  0.179614E+001  0.190634E+001  0.181668E-003  0.542843E-004  0.542843E-004  0.162197E-004
  0.179843E+001  0.191078E+001  0.176416E-003  0.536588E-004  0.536588E-004  0.163199E-004
  0.180073E+001  0.191523E+001  0.172301E-003  0.533384E-004  0.533384E-004  0.165108E-004
  0.180303E+001  0.191967E+001  0.168932E-003  0.532149E-004  0.532149E-004  0.167621E-004
  0.180533E+001  0.192411E+001  0.164886E-003  0.528441E-004  0.528441E-004  0.169349E-004
  0.180763E+001  0.192854E+001  0.162120E-003  0.528534E-004  0.528534E-004  0.172299E-004
  0.180994E+001  0.193298E+001  0.160654E-003  0.532744E-004  0.532744E-004  0.176653E-004
  0.181226E+001  0.193741E+001  0.154937E-003  0.522572E-004  0.522572E-004  0.176243E-004
  0.181458E+001  0.194184E+001  0.152419E-003  0.522805E-004  0.522805E-004  0.179315E-004
  0.181690E+001  0.194627E+001  0.149046E-003  0.519857E-004  0.519857E-004  0.181311E-004
  0.181922E+001  0.195069E+001  0.146261E-003  0.518694E-004  0.518694E-004  0.183937E-004
  0.182155E+001  0.195512E+001  0.143746E-003  0.518304E-004  0.518304E-004  0.186875E-004
  0.182388E+001  0.195954E+001  0.141260E-003  0.517824E-004  0.517824E-004  0.189811E-004
  0.182622E+001  0.196396E+001  0.139693E-003  0.520601E-004  0.520601E-004  0.194005E-004
  0.182856E+001  0.196838E+001  0.138383E-003  0.524268E-004  0.524268E-004  0.198609E-004
  0.183090E+001  0.197280E+001  0.135217E-003  0.520727E-004  0.520727E-004  0.200524E-004
  0.183324E+001  0.197722E+001  0.132540E-003  0.518811E-004  0.518811E-004  0.203072E-004
  0.183559E+001  0.198163E+001  0.131376E-003  0.522719E-004  0.522719E-004  0.207969E-004
  0.183794E+001  0.198605E+001  0.128844E-003  0.521052E-004  0.521052E-004  0.210707E-004
  0.184029E+001  0.199046E+001  0.127100E-003  0.522404E-004  0.522404E-004  0.214708E-004
  0.184264E+001  0.199487E+001  0.125975E-003  0.526221E-004  0.526221E-004  0.219803E-004
  0.184500E+001  0.199928E+001  0.124062E-003  0.526686E-004  0.526686E-004  0.223587E-004
  0.184736E+001  0.200369E+001  0.122705E-003  0.529403E-004  0.529403E-004  0.228397E-004
  0.184972E+001  0.200809E+001  0.121830E-003  0.534151E-004  0.534151E-004  0.234182E-004
  0.185208E+001  0.201250E+001  0.120453E-003  0.536646E-004  0.536646E-004  0.239078E-004
  0.185445E+001  0.201691E+001  0.119236E-003  0.539812E-004  0.539812E-004  0.244378E-004
  0.185681E+001  0.202131E+001  0.118752E-003  0.546244E-004  0.546244E-004  0.251256E-004
  0.185918E+001  0.202571E+001  0.117350E-003  0.548455E-004  0.548455E-004  0.256319E-004
  0.186155E+001  0.203012E+001  0.116960E-003  0.555357E-004  0.555357E-004  0.263689E-004
  0.186392E+001  0.203452E+001  0.116180E-003  0.560416E-004  0.560416E-004  0.270318E-004
  0.186630E+001  0.203892E+001  0.116407E-003  0.570421E-004  0.570421E-004  0.279508E-004
  0.186867E+001  0.204332E+001  0.114894E-003  0.571845E-004  0.571845E-004  0.284605E-004
  0.187104E+001  0.204772E+001  0.114108E-003  0.576790E-004  0.576790E-004  0.291544E-004
  0.187342E+001  0.205212E+001  0.114193E-003  0.586192E-004  0.586192E-004  0.300903E-004
  0.187579E+001  0.205652E+001  0.113387E-003  0.590994E-004  0.590994E-004  0.308027E-004
  0.187817E+001  0.206092E+001  0.112939E-003  0.597658E-004  0.597658E-004  0.316264E-004
  0.188055E+001  0.206532E+001  0.113183E-003  0.608024E-004  0.608024E-004  0.326623E-004
  0.188292E+001  0.206972E+001  0.112929E-003  0.615714E-004  0.615714E-004  0.335692E-004
  0.188530E+001  0.207412E+001  0.112293E-003  0.621325E-004  0.621325E-004  0.343775E-004
  0.188768E+001  0.207852E+001  0.111960E-003  0.628564E-004  0.628564E-004  0.352876E-004
  0.189006E+001  0.208291E+001  0.113440E-003  0.646084E-004  0.646084E-004  0.367960E-004
  0.189243E+001  0.208731E+001  0.111814E-003  0.645873E-004  0.645873E-004  0.373068E-004
  0.189481E+001  0.209171E+001  0.111536E-003  0.653332E-004  0.653332E-004  0.382685E-004
  0.189719E+001  0.209611E+001  0.111450E-003  0.661868E-004  0.661868E-004  0.393055E-004
  0.189957E+001  0.210051E+001  0.111604E-003  0.671819E-004  0.671819E-004  0.404402E-004
  0.190194E+001  0.210491E+001  0.112074E-003  0.683644E-004  0.683644E-004  0.417010E-004
  0.190432E+001  0.210931E+001  0.111238E-003  0.687472E-004  0.687472E-004  0.424861E-004
  0.190670E+001  0.211371E+001  0.110761E-003  0.693359E-004  0.693359E-004  0.434031E-004
  0.190907E+001  0.211810E+001  0.110716E-003  0.701810E-004  0.701810E-004  0.444857E-004
  0.191145E+001  0.212250E+001  0.110275E-003  0.707679E-004  0.707679E-004  0.454137E-004
  0.191383E+001  0.212690E+001  0.110407E-003  0.717121E-004  0.717121E-004  0.465778E-004
  0.191620E+001  0.213130E+001  0.110065E-003  0.723339E-004  0.723339E-004  0.475365E-004
  0.191858E+001  0.213570E+001  0.109170E-003  0.725775E-004  0.725775E-004  0.482493E-004
  0.192096E+001  0.214010E+001  0.108769E-003  0.731291E-004  0.731291E-004  0.491661E-004
  0.192333E+001  0.214450E+001  0.109456E-003  0.743997E-004  0.743997E-004  0.505701E-004
  0.192571E+001  0.214890E+001  0.108164E-003  0.743123E-004  0.743123E-004  0.510543E-004
  0.192809E+001  0.215329E+001  0.106908E-003  0.742200E-004  0.742200E-004  0.515255E-004
  0.193047E+001  0.215769E+001  0.106138E-003  0.744372E-004  0.744372E-004  0.522038E-004
  0.193285E+001  0.216209E+001  0.105161E-003  0.744849E-004  0.744849E-004  0.527561E-004
  0.193523E+001  0.216649E+001  0.104243E-003  0.745476E-004  0.745476E-004  0.533105E-004
  0.193761E+001  0.217088E+001  0.103177E-003  0.744779E-004  0.744779E-004  0.537606E-004
  0.193999E+001  0.217528E+001  0.103133E-003  0.751251E-004  0.751251E-004  0.547224E-004
  0.194238E+001  0.217967E+001  0.101096E-003  0.742957E-004  0.742957E-004  0.545995E-004
  0.194477E+001  0.218407E+001  0.998520E-004  0.740151E-004  0.740151E-004  0.548626E-004
  0.194715E+001  0.218846E+001  0.992140E-004  0.741552E-004  0.741552E-004  0.554247E-004
  0.194955E+001  0.219285E+001  0.978651E-004  0.737432E-004  0.737432E-004  0.555660E-004
  0.195194E+001  0.219724E+001  0.957171E-004  0.726920E-004  0.726920E-004  0.552047E-004
  0.195433E+001  0.220163E+001  0.946924E-004  0.724617E-004  0.724617E-004  0.554492E-004
  0.195673E+001  0.220602E+001  0.931287E-004  0.717932E-004  0.717932E-004  0.553448E-004
  0.195913E+001  0.221040E+001  0.911713E-004  0.707883E-004  0.707883E-004  0.549615E-004
  0.196154E+001  0.221479E+001  0.893156E-004  0.698306E-004  0.698306E-004  0.545957E-004
  0.196395E+001  0.221917E+001  0.877882E-004  0.690989E-004  0.690989E-004  0.543875E-004
  0.196636E+001  0.222355E+001  0.859181E-004  0.680672E-004  0.680672E-004  0.539243E-004
  0.196877E+001  0.222793E+001  0.849579E-004  0.677299E-004  0.677299E-004  0.539946E-004
  0.197119E+001  0.223230E+001  0.824067E-004  0.660967E-004  0.660967E-004  0.530140E-004
  0.197362E+001  0.223668E+001  0.806297E-004  0.650535E-004  0.650535E-004  0.524855E-004
  0.197604E+001  0.224105E+001  0.793773E-004  0.644064E-004  0.644064E-004  0.522583E-004
  0.197848E+001  0.224542E+001  0.770096E-004  0.628297E-004  0.628297E-004  0.512601E-004
  0.198091E+001  0.224978E+001  0.750415E-004  0.615477E-004  0.615477E-004  0.504796E-004
  0.198335E+001  0.225415E+001  0.738956E-004  0.609174E-004  0.609174E-004  0.502178E-004
  0.198580E+001  0.225851E+001  0.713361E-004  0.590974E-004  0.590974E-004  0.489576E-004
  0.198825E+001  0.226286E+001  0.695592E-004  0.578981E-004  0.578981E-004  0.481912E-004
  0.199071E+001  0.226722E+001  0.678245E-004  0.567117E-004  0.567117E-004  0.474188E-004
  0.199317E+001  0.227157E+001  0.659416E-004  0.553780E-004  0.553780E-004  0.465060E-004
  0.199563E+001  0.227592E+001  0.642273E-004  0.541638E-004  0.541638E-004  0.456764E-004
  0.199811E+001  0.228027E+001  0.621043E-004  0.525843E-004  0.525843E-004  0.445229E-004
  0.200058E+001  0.228461E+001  0.606604E-004  0.515581E-004  0.515581E-004  0.438209E-004
  0.200307E+001  0.228895E+001  0.585089E-004  0.499120E-004  0.499120E-004  0.425774E-004
  0.200556E+001  0.229329E+001  0.566838E-004  0.485236E-004  0.485236E-004  0.415373E-004
  0.200805E+001  0.229762E+001  0.550460E-004  0.472771E-004  0.472771E-004  0.406039E-004
  0.201055E+001  0.230195E+001  0.534116E-004  0.460172E-004  0.460172E-004  0.396457E-004
  0.201306E+001  0.230627E+001  0.516529E-004  0.446338E-004  0.446338E-004  0.385678E-004
  0.201557E+001  0.231060E+001  0.500119E-004  0.433360E-004  0.433360E-004  0.375505E-004
  0.201809E+001  0.231492E+001  0.482758E-004  0.419408E-004  0.419408E-004  0.364363E-004
  0.202062E+001  0.231923E+001  0.469869E-004  0.409205E-004  0.409205E-004  0.356365E-004
  0.202315E+001  0.232354E+001  0.454357E-004  0.396586E-004  0.396586E-004  0.346154E-004
  0.202568E+001  0.232785E+001  0.434298E-004  0.379861E-004  0.379861E-004  0.332241E-004
  0.202823E+001  0.233216E+001  0.419074E-004  0.367241E-004  0.367241E-004  0.321811E-004
  0.203078E+001  0.233646E+001  0.404983E-004  0.355498E-004  0.355498E-004  0.312052E-004
  0.203333E+001  0.234076E+001  0.390271E-004  0.343103E-004  0.343103E-004  0.301628E-004
  0.203589E+001  0.234505E+001  0.375453E-004  0.330513E-004  0.330513E-004  0.290946E-004
  0.203846E+001  0.234934E+001  0.360671E-004  0.317860E-004  0.317860E-004  0.280124E-004
  0.204103E+001  0.235363E+001  0.351047E-004  0.309666E-004  0.309666E-004  0.273157E-004
  0.204362E+001  0.235791E+001  0.336106E-004  0.296704E-004  0.296704E-004  0.261914E-004
  0.204620E+001  0.236219E+001  0.320858E-004  0.283389E-004  0.283389E-004  0.250290E-004
  0.204879E+001  0.236647E+001  0.311600E-004  0.275295E-004  0.275295E-004  0.243214E-004
  0.205139E+001  0.237074E+001  0.296762E-004  0.262206E-004  0.262206E-004  0.231668E-004
  0.205400E+001  0.237501E+001  0.283628E-004  0.250562E-004  0.250562E-004  0.221345E-004
  0.205661E+001  0.237927E+001  0.272651E-004  0.240770E-004  0.240770E-004  0.212609E-004
  0.205922E+001  0.238353E+001  0.260888E-004  0.230232E-004  0.230232E-004  0.203172E-004
  0.206184E+001  0.238779E+001  0.251843E-004  0.222047E-004  0.222047E-004  0.195769E-004
  0.206447E+001  0.239204E+001  0.238785E-004  0.210282E-004  0.210282E-004  0.185175E-004
  0.206711E+001  0.239629E+001  0.229668E-004  0.201952E-004  0.201952E-004  0.177574E-004
  0.206975E+001  0.240054E+001  0.218788E-004  0.192039E-004  0.192039E-004  0.168554E-004
  0.207239E+001  0.240478E+001  0.208128E-004  0.182294E-004  0.182294E-004  0.159661E-004
  0.207504E+001  0.240902E+001  0.198470E-004  0.173404E-004  0.173404E-004  0.151498E-004
  0.207770E+001  0.241326E+001  0.189548E-004  0.165135E-004  0.165135E-004  0.143860E-004
  0.208036E+001  0.241749E+001  0.180849E-004  0.157042E-004  0.157042E-004  0.136363E-004
  0.208302E+001  0.242172E+001  0.171276E-004  0.148180E-004  0.148180E-004  0.128193E-004
  0.208569E+001  0.242595E+001  0.163491E-004  0.140854E-004  0.140854E-004  0.121345E-004
  0.208837E+001  0.243017E+001  0.154341E-004  0.132345E-004  0.132345E-004  0.113477E-004
  0.209105E+001  0.243439E+001  0.146198E-004  0.124702E-004  0.124702E-004  0.106361E-004
  0.209374E+001  0.243861E+001  0.138912E-004  0.117787E-004  0.117787E-004  0.998680E-005
  0.209643E+001  0.244282E+001  0.132445E-004  0.111562E-004  0.111562E-004  0.939650E-005
  0.209912E+001  0.244704E+001  0.123277E-004  0.103075E-004  0.103075E-004  0.861766E-005
  0.210182E+001  0.245125E+001  0.115956E-004  0.961519E-005  0.961519E-005  0.797244E-005
  0.210452E+001  0.245545E+001  0.108956E-004  0.895138E-005  0.895138E-005  0.735346E-005
  0.210723E+001  0.245966E+001  0.102115E-004  0.830220E-005  0.830220E-005  0.674932E-005
  0.210994E+001  0.246386E+001  0.956007E-005  0.768200E-005  0.768200E-005  0.617228E-005
  0.211265E+001  0.246806E+001  0.889685E-005  0.705523E-005  0.705523E-005  0.559422E-005
  0.211537E+001  0.247226E+001  0.827242E-005  0.646236E-005  0.646236E-005  0.504774E-005
  0.211809E+001  0.247645E+001  0.772981E-005  0.593632E-005  0.593632E-005  0.455836E-005
  0.212081E+001  0.248065E+001  0.706187E-005  0.531860E-005  0.531860E-005  0.400505E-005
  0.212353E+001  0.248484E+001  0.648665E-005  0.477693E-005  0.477693E-005  0.351723E-005
  0.212626E+001  0.248903E+001  0.593972E-005  0.426130E-005  0.426130E-005  0.305653E-005
  0.212899E+001  0.249322E+001  0.542698E-005  0.377605E-005  0.377605E-005  0.262669E-005
  0.213171E+001  0.249741E+001  0.486161E-005  0.326265E-005  0.326265E-005  0.218891E-005
  0.213444E+001  0.250160E+001  0.435269E-005  0.279671E-005  0.279671E-005  0.179627E-005
  0.213717E+001  0.250579E+001  0.386537E-005  0.235510E-005  0.235510E-005  0.143420E-005
  0.213990E+001  0.250998E+001  0.339594E-005  0.193651E-005  0.193651E-005  0.110352E-005
  0.214263E+001  0.251417E+001  0.294100E-005  0.154075E-005  0.154075E-005  0.806360E-006
  0.214536E+001  0.251836E+001  0.250382E-005  0.117207E-005  0.117207E-005  0.547762E-006
  0.214809E+001  0.252255E+001  0.210206E-005  0.840727E-006  0.840727E-006  0.335236E-006
  0.215081E+001  0.252674E+001  0.172222E-005  0.543204E-006  0.543204E-006  0.170152E-006
  0.215353E+001  0.253094E+001  0.137704E-005  0.286036E-006  0.286036E-006  0.579947E-007
  0.215625E+001  0.253514E+001  0.105985E-005  0.704081E-007  0.704081E-007  0.288356E-008
  0.215896E+001  0.253934E+001  0.782370E-006  0.980851E-007  0.980851E-007  0.989632E-008
  0.216167E+001  0.254354E+001  0.540270E-006  0.216443E-006  0.216443E-006  0.832352E-007
  0.216437E+001  0.254775E+001  0.340492E-006  0.280810E-006  0.280810E-006  0.226006E-006
  0.216706E+001  0.255196E+001  0.186128E-006  0.290254E-006  0.290254E-006  0.442112E-006
  0.216975E+001  0.255618E+001  0.763481E-007  0.240505E-006  0.240505E-006  0.730984E-006
  0.217243E+001  0.256040E+001  0.140702E-007  0.132224E-006  0.132224E-006  0.109109E-005
  0.217510E+001  0.256462E+001  0.757560E-009  0.331980E-007  0.331980E-007  0.152327E-005
  0.217776E+001  0.256886E+001  0.309031E-007  0.255379E-006  0.255379E-006  0.203246E-005
  0.218042E+001  0.257309E+001  0.107894E-006  0.532902E-006  0.532902E-006  0.260808E-005
  0.218306E+001  0.257734E+001  0.223347E-006  0.845343E-006  0.845343E-006  0.318731E-005
  0.218569E+001  0.258159E+001  0.380030E-006  0.121414E-005  0.121414E-005  0.387129E-005
  0.218832E+001  0.258584E+001  0.564158E-006  0.160052E-005  0.160052E-005  0.453516E-005
  0.219094E+001  0.259010E+001  0.788281E-006  0.204847E-005  0.204847E-005  0.531902E-005
  0.219354E+001  0.259437E+001  0.101121E-005  0.245739E-005  0.245739E-005  0.596834E-005
  0.219614E+001  0.259864E+001  0.126382E-005  0.291252E-005  0.291252E-005  0.670907E-005
  0.219873E+001  0.260292E+001  0.152564E-005  0.336900E-005  0.336900E-005  0.743704E-005
  0.220131E+001  0.260720E+001  0.179598E-005  0.383004E-005  0.383004E-005  0.816555E-005
  0.220388E+001  0.261149E+001  0.207160E-005  0.429215E-005  0.429215E-005  0.889087E-005
  0.220645E+001  0.261578E+001  0.234378E-005  0.473993E-005  0.473993E-005  0.958389E-005
  0.220901E+001  0.262008E+001  0.261152E-005  0.517479E-005  0.517479E-005  0.102522E-004
  0.221156E+001  0.262438E+001  0.287232E-005  0.559398E-005  0.559398E-005  0.108929E-004
  0.221410E+001  0.262868E+001  0.312923E-005  0.600512E-005  0.600512E-005  0.115225E-004
  0.221664E+001  0.263299E+001  0.337660E-005  0.639822E-005  0.639822E-005  0.121223E-004
  0.221917E+001  0.263730E+001  0.362136E-005  0.678772E-005  0.678772E-005  0.127212E-004
  0.222170E+001  0.264162E+001  0.384909E-005  0.714704E-005  0.714704E-005  0.132693E-004
  0.222422E+001  0.264593E+001  0.406126E-005  0.748017E-005  0.748017E-005  0.137759E-004
  0.222674E+001  0.265025E+001  0.430968E-005  0.788229E-005  0.788229E-005  0.144152E-004
  0.222925E+001  0.265458E+001  0.446756E-005  0.812194E-005  0.812194E-005  0.147642E-004
  0.223175E+001  0.265890E+001  0.465126E-005  0.841218E-005  0.841218E-005  0.152129E-004
  0.223425E+001  0.266323E+001  0.483229E-005  0.870074E-005  0.870074E-005  0.156648E-004
  0.223675E+001  0.266757E+001  0.500639E-005  0.897991E-005  0.897991E-005  0.161060E-004
  0.223924E+001  0.267190E+001  0.515835E-005  0.922266E-005  0.922266E-005  0.164881E-004
  0.224173E+001  0.267624E+001  0.530261E-005  0.945487E-005  0.945487E-005  0.168574E-004
  0.224421E+001  0.268058E+001  0.547814E-005  0.974590E-005  0.974590E-005  0.173373E-004
  0.224669E+001  0.268492E+001  0.558410E-005  0.991618E-005  0.991618E-005  0.176079E-004
  0.224917E+001  0.268926E+001  0.573214E-005  0.101642E-004  0.101642E-004  0.180220E-004
  0.225164E+001  0.269361E+001  0.581526E-005  0.103001E-004  0.103001E-004  0.182425E-004
  0.225411E+001  0.269796E+001  0.594934E-005  0.105290E-004  0.105290E-004  0.186330E-004
  0.225657E+001  0.270231E+001  0.602538E-005  0.106581E-004  0.106581E-004  0.188515E-004
  0.225903E+001  0.270667E+001  0.611988E-005  0.108224E-004  0.108224E-004  0.191372E-004
  0.226148E+001  0.271102E+001  0.623180E-005  0.110201E-004  0.110201E-004  0.194864E-004
  0.226394E+001  0.271538E+001  0.631320E-005  0.111663E-004  0.111663E-004  0.197490E-004
  0.226638E+001  0.271974E+001  0.640720E-005  0.113372E-004  0.113372E-004  0.200595E-004
  0.226883E+001  0.272410E+001  0.645491E-005  0.114285E-004  0.114285E-004  0.202332E-004
  0.227127E+001  0.272846E+001  0.655403E-005  0.116130E-004  0.116130E-004  0.205761E-004
  0.227370E+001  0.273283E+001  0.660590E-005  0.117160E-004  0.117160E-004  0.207782E-004
  0.227614E+001  0.273720E+001  0.664163E-005  0.117925E-004  0.117925E-004  0.209370E-004
  0.227857E+001  0.274157E+001  0.671047E-005  0.119297E-004  0.119297E-004  0.212072E-004
  0.228099E+001  0.274594E+001  0.673704E-005  0.119936E-004  0.119936E-004  0.213505E-004
  0.228341E+001  0.275032E+001  0.684442E-005  0.122034E-004  0.122034E-004  0.217572E-004
  0.228583E+001  0.275469E+001  0.682709E-005  0.121926E-004  0.121926E-004  0.217740E-004
  0.228824E+001  0.275907E+001  0.690856E-005  0.123599E-004  0.123599E-004  0.221119E-004
  0.229066E+001  0.276345E+001  0.697824E-005  0.125083E-004  0.125083E-004  0.224197E-004
  0.229306E+001  0.276783E+001  0.693694E-005  0.124590E-004  0.124590E-004  0.223758E-004
  0.229546E+001  0.277222E+001  0.702501E-005  0.126436E-004  0.126436E-004  0.227551E-004
  0.229786E+001  0.277661E+001  0.707136E-005  0.127551E-004  0.127551E-004  0.230061E-004
  0.230026E+001  0.278100E+001  0.702370E-005  0.126982E-004  0.126982E-004  0.229564E-004
  0.230265E+001  0.278539E+001  0.705337E-005  0.127823E-004  0.127823E-004  0.231635E-004
  0.230504E+001  0.278978E+001  0.706725E-005  0.128392E-004  0.128392E-004  0.233244E-004
  0.230742E+001  0.279417E+001  0.707844E-005  0.128925E-004  0.128925E-004  0.234811E-004
  0.230980E+001  0.279857E+001  0.709174E-005  0.129509E-004  0.129509E-004  0.236499E-004
  0.231218E+001  0.280297E+001  0.712908E-005  0.130547E-004  0.130547E-004  0.239045E-004
  0.231455E+001  0.280737E+001  0.712307E-005  0.130802E-004  0.130802E-004  0.240185E-004
  0.231692E+001  0.281178E+001  0.712209E-005  0.131162E-004  0.131162E-004  0.241540E-004
  0.231928E+001  0.281618E+001  0.712939E-005  0.131683E-004  0.131683E-004  0.243216E-004
  0.232164E+001  0.282059E+001  0.714416E-005  0.132356E-004  0.132356E-004  0.245199E-004
  0.232400E+001  0.282500E+001  0.713959E-005  0.132682E-004  0.132682E-004  0.246565E-004
  0.232635E+001  0.282941E+001  0.713467E-005  0.133010E-004  0.133010E-004  0.247958E-004
  0.232870E+001  0.283383E+001  0.713547E-005  0.133456E-004  0.133456E-004  0.249594E-004
  0.233104E+001  0.283824E+001  0.713819E-005  0.133947E-004  0.133947E-004  0.251339E-004
  0.233338E+001  0.284266E+001  0.714414E-005  0.134510E-004  0.134510E-004  0.253245E-004
  0.233572E+001  0.284708E+001  0.712497E-005  0.134610E-004  0.134610E-004  0.254304E-004
  0.233805E+001  0.285150E+001  0.711394E-005  0.134870E-004  0.134870E-004  0.255686E-004
  0.234038E+001  0.285593E+001  0.710241E-005  0.135131E-004  0.135131E-004  0.257092E-004
  0.234270E+001  0.286036E+001  0.714155E-005  0.136366E-004  0.136366E-004  0.260378E-004
  0.234502E+001  0.286479E+001  0.712502E-005  0.136551E-004  0.136551E-004  0.261689E-004
  0.234734E+001  0.286922E+001  0.706822E-005  0.135969E-004  0.135969E-004  0.261550E-004
  0.234965E+001  0.287365E+001  0.706091E-005  0.136343E-004  0.136343E-004  0.263264E-004
  0.235196E+001  0.287809E+001  0.705920E-005  0.136836E-004  0.136836E-004  0.265234E-004
  0.235426E+001  0.288253E+001  0.701498E-005  0.136510E-004  0.136510E-004  0.265634E-004
  0.235656E+001  0.288697E+001  0.700192E-005  0.136796E-004  0.136796E-004  0.267248E-004
  0.235885E+001  0.289141E+001  0.697883E-005  0.136892E-004  0.136892E-004  0.268508E-004
  0.236114E+001  0.289585E+001  0.696118E-005  0.137102E-004  0.137102E-004  0.270016E-004
  0.236343E+001  0.290030E+001  0.699142E-005  0.138267E-004  0.138267E-004  0.273438E-004
  0.236571E+001  0.290475E+001  0.693775E-005  0.137780E-004  0.137780E-004  0.273613E-004
  0.236798E+001  0.290920E+001  0.689954E-005  0.137600E-004  0.137600E-004  0.274410E-004
  0.237026E+001  0.291366E+001  0.686825E-005  0.137566E-004  0.137566E-004  0.275523E-004
  0.237252E+001  0.291811E+001  0.684985E-005  0.137791E-004  0.137791E-004  0.277169E-004
  0.237479E+001  0.292257E+001  0.682548E-005  0.137906E-004  0.137906E-004  0.278624E-004
  0.237705E+001  0.292703E+001  0.682123E-005  0.138434E-004  0.138434E-004  0.280935E-004
  0.237930E+001  0.293149E+001  0.674656E-005  0.137533E-004  0.137533E-004  0.280362E-004
  0.238155E+001  0.293596E+001  0.671764E-005  0.137567E-004  0.137567E-004  0.281707E-004
  0.238380E+001  0.294043E+001  0.668775E-005  0.137587E-004  0.137587E-004  0.283048E-004
  0.238604E+001  0.294490E+001  0.664805E-005  0.137407E-004  0.137407E-004  0.283993E-004
  0.238827E+001  0.294937E+001  0.668639E-005  0.138848E-004  0.138848E-004  0.288319E-004
  0.239051E+001  0.295384E+001  0.664261E-005  0.138598E-004  0.138598E-004  0.289173E-004
  0.239273E+001  0.295832E+001  0.659545E-005  0.138273E-004  0.138273E-004  0.289879E-004
  0.239496E+001  0.296280E+001  0.651915E-005  0.137340E-004  0.137340E-004  0.289327E-004
  0.239717E+001  0.296728E+001  0.656038E-005  0.138885E-004  0.138885E-004  0.294013E-004
  0.239939E+001  0.297176E+001  0.644455E-005  0.137112E-004  0.137112E-004  0.291703E-004
  0.240160E+001  0.297625E+001  0.639585E-005  0.136758E-004  0.136758E-004  0.292409E-004
  0.240380E+001  0.298073E+001  0.635514E-005  0.136574E-004  0.136574E-004  0.293491E-004
  0.240600E+001  0.298522E+001  0.631513E-005  0.136408E-004  0.136408E-004  0.294634E-004
  0.240820E+001  0.298972E+001  0.627761E-005  0.136299E-004  0.136299E-004  0.295922E-004
  0.241039E+001  0.299421E+001  0.625267E-005  0.136465E-004  0.136465E-004  0.297826E-004
  0.241257E+001  0.299871E+001  0.625069E-005  0.137138E-004  0.137138E-004  0.300866E-004
  0.241476E+001  0.300321E+001  0.618006E-005  0.136312E-004  0.136312E-004  0.300649E-004
  0.241693E+001  0.300771E+001  0.612051E-005  0.135720E-004  0.135720E-004  0.300945E-004
  0.241910E+001  0.301221E+001  0.607946E-005  0.135539E-004  0.135539E-004  0.302169E-004
  0.242127E+001  0.301672E+001  0.602578E-005  0.135077E-004  0.135077E-004  0.302787E-004
  0.242343E+001  0.302123E+001  0.604917E-005  0.136349E-004  0.136349E-004  0.307320E-004
  0.242559E+001  0.302574E+001  0.595112E-005  0.134886E-004  0.134886E-004  0.305716E-004
  0.242774E+001  0.303025E+001  0.594781E-005  0.135566E-004  0.135566E-004  0.308981E-004
  0.242989E+001  0.303476E+001  0.583609E-005  0.133774E-004  0.133774E-004  0.306625E-004
  0.243204E+001  0.303928E+001  0.581457E-005  0.134045E-004  0.134045E-004  0.309006E-004
  0.243418E+001  0.304380E+001  0.577766E-005  0.133962E-004  0.133962E-004  0.310597E-004
  0.243631E+001  0.304832E+001  0.568786E-005  0.132646E-004  0.132646E-004  0.309330E-004
  0.243844E+001  0.305285E+001  0.565190E-005  0.132580E-004  0.132580E-004  0.310992E-004
  0.244057E+001  0.305737E+001  0.566878E-005  0.133765E-004  0.133765E-004  0.315633E-004
  0.244269E+001  0.306190E+001  0.558969E-005  0.132686E-004  0.132686E-004  0.314955E-004
  0.244480E+001  0.306643E+001  0.549186E-005  0.131147E-004  0.131147E-004  0.313170E-004
  0.244691E+001  0.307096E+001  0.544000E-005  0.130697E-004  0.130697E-004  0.313989E-004
  0.244902E+001  0.307550E+001  0.538964E-005  0.130281E-004  0.130281E-004  0.314910E-004
  0.245112E+001  0.308003E+001  0.535321E-005  0.130198E-004  0.130198E-004  0.316652E-004
  0.245322E+001  0.308457E+001  0.535828E-005  0.131134E-004  0.131134E-004  0.320916E-004
  0.245531E+001  0.308912E+001  0.523447E-005  0.128908E-004  0.128908E-004  0.317445E-004
  0.245740E+001  0.309366E+001  0.521169E-005  0.129160E-004  0.129160E-004  0.320081E-004
  0.245948E+001  0.309820E+001  0.515683E-005  0.128615E-004  0.128615E-004  0.320761E-004
  0.246156E+001  0.310275E+001  0.512188E-005  0.128565E-004  0.128565E-004  0.322702E-004
  0.246363E+001  0.310730E+001  0.502485E-005  0.126946E-004  0.126946E-004  0.320702E-004
  0.246570E+001  0.311185E+001  0.499333E-005  0.126975E-004  0.126975E-004  0.322873E-004
  0.246776E+001  0.311641E+001  0.494690E-005  0.126622E-004  0.126622E-004  0.324092E-004
  0.246982E+001  0.312096E+001  0.486247E-005  0.125288E-004  0.125288E-004  0.322809E-004
  0.247188E+001  0.312552E+001  0.485332E-005  0.125892E-004  0.125892E-004  0.326542E-004
  0.247393E+001  0.313008E+001  0.480002E-005  0.125349E-004  0.125349E-004  0.327330E-004
  0.247597E+001  0.313465E+001  0.474846E-005  0.124844E-004  0.124844E-004  0.328222E-004
  0.247801E+001  0.313921E+001  0.467285E-005  0.123699E-004  0.123699E-004  0.327440E-004
  0.248005E+001  0.314378E+001  0.459490E-005  0.122477E-004  0.122477E-004  0.326452E-004
  0.248208E+001  0.314834E+001  0.453879E-005  0.121824E-004  0.121824E-004  0.326969E-004
  0.248411E+001  0.315292E+001  0.448266E-005  0.121163E-004  0.121163E-004  0.327482E-004
  0.248613E+001  0.315749E+001  0.443532E-005  0.120731E-004  0.120731E-004  0.328619E-004
  0.248815E+001  0.316206E+001  0.438333E-005  0.120167E-004  0.120167E-004  0.329420E-004
  0.249016E+001  0.316664E+001  0.433631E-005  0.119731E-004  0.119731E-004  0.330579E-004
  0.249217E+001  0.317122E+001  0.427676E-005  0.118942E-004  0.118942E-004  0.330781E-004
  0.249418E+001  0.317580E+001  0.423216E-005  0.118563E-004  0.118563E-004  0.332140E-004
  0.249618E+001  0.318038E+001  0.419542E-005  0.118399E-004  0.118399E-004  0.334119E-004
  0.249817E+001  0.318497E+001  0.412729E-005  0.117337E-004  0.117337E-004  0.333570E-004
  0.250016E+001  0.318955E+001  0.405227E-005  0.116064E-004  0.116064E-004  0.332415E-004
