  0.151541E+001  0.133599E+000  0.797554E-002  0.942695E-003  0.942695E-003  0.111373E-003
  0.151541E+001  0.133599E+000  0.797554E-002  0.942695E-003  0.942695E-003  0.111373E-003
  0.151533E+001  0.138599E+000  0.781742E-002  0.964822E-003  0.964822E-003  0.119022E-003
  0.151525E+001  0.143598E+000  0.762682E-002  0.980645E-003  0.980645E-003  0.126031E-003
  0.151516E+001  0.148597E+000  0.801928E-002  0.107720E-002  0.107720E-002  0.144635E-003
  0.151508E+001  0.153596E+000  0.749701E-002  0.104504E-002  0.104504E-002  0.145608E-003
  0.151499E+001  0.158596E+000  0.732352E-002  0.106240E-002  0.106240E-002  0.154049E-003
  0.151490E+001  0.163595E+000  0.746083E-002  0.112448E-002  0.112448E-002  0.169408E-003
  0.151480E+001  0.168594E+000  0.712770E-002  0.111895E-002  0.111895E-002  0.175583E-003
  0.151471E+001  0.173593E+000  0.738025E-002  0.120025E-002  0.120025E-002  0.195116E-003
  0.151461E+001  0.178592E+000  0.711660E-002  0.120207E-002  0.120207E-002  0.202958E-003
  0.151451E+001  0.183591E+000  0.718796E-002  0.125945E-002  0.125945E-002  0.220590E-003
  0.151440E+001  0.188590E+000  0.697461E-002  0.127072E-002  0.127072E-002  0.231425E-003
  0.151430E+001  0.193589E+000  0.694386E-002  0.130948E-002  0.130948E-002  0.246848E-003
  0.151419E+001  0.198588E+000  0.683447E-002  0.133731E-002  0.133731E-002  0.261572E-003
  0.151408E+001  0.203586E+000  0.684374E-002  0.138817E-002  0.138817E-002  0.281466E-003
  0.151397E+001  0.208585E+000  0.688187E-002  0.144581E-002  0.144581E-002  0.303639E-003
  0.151385E+001  0.213584E+000  0.723460E-002  0.157797E-002  0.157797E-002  0.344060E-003
  0.151374E+001  0.218583E+000  0.694873E-002  0.156747E-002  0.156747E-002  0.353461E-003
  0.151362E+001  0.223581E+000  0.701730E-002  0.164100E-002  0.164100E-002  0.383620E-003
  0.151350E+001  0.228580E+000  0.708969E-002  0.171763E-002  0.171763E-002  0.416000E-003
  0.151338E+001  0.233578E+000  0.717752E-002  0.180048E-002  0.180048E-002  0.451510E-003
  0.151325E+001  0.238577E+000  0.751751E-002  0.195704E-002  0.195704E-002  0.509334E-003
  0.151313E+001  0.243575E+000  0.744620E-002  0.200497E-002  0.200497E-002  0.539710E-003
  0.151300E+001  0.248573E+000  0.755314E-002  0.210838E-002  0.210838E-002  0.588374E-003
  0.151287E+001  0.253572E+000  0.777554E-002  0.224896E-002  0.224896E-002  0.650313E-003
  0.151273E+001  0.258570E+000  0.802151E-002  0.240928E-002  0.240928E-002  0.723464E-003
  0.151260E+001  0.263568E+000  0.822904E-002  0.255844E-002  0.255844E-002  0.795249E-003
  0.151246E+001  0.268566E+000  0.845775E-002  0.272768E-002  0.272768E-002  0.879510E-003
  0.151231E+001  0.273564E+000  0.872700E-002  0.292531E-002  0.292531E-002  0.980383E-003
  0.151217E+001  0.278562E+000  0.904274E-002  0.314035E-002  0.314035E-002  0.109039E-002
  0.151201E+001  0.283560E+000  0.947127E-002  0.342212E-002  0.342212E-002  0.123627E-002
  0.151186E+001  0.288557E+000  0.961718E-002  0.360312E-002  0.360312E-002  0.134972E-002
  0.151170E+001  0.293554E+000  0.101286E-001  0.394014E-002  0.394014E-002  0.153256E-002
  0.151153E+001  0.298552E+000  0.105161E-001  0.425186E-002  0.425186E-002  0.171891E-002
  0.151135E+001  0.303548E+000  0.108944E-001  0.458066E-002  0.458066E-002  0.192577E-002
  0.151116E+001  0.308545E+000  0.113660E-001  0.496975E-002  0.496975E-002  0.217282E-002
  0.151096E+001  0.313541E+000  0.118836E-001  0.540044E-002  0.540044E-002  0.245403E-002
  0.151074E+001  0.318536E+000  0.123596E-001  0.584060E-002  0.584060E-002  0.275984E-002
  0.151050E+001  0.323530E+000  0.128315E-001  0.630126E-002  0.630126E-002  0.309426E-002
  0.151023E+001  0.328523E+000  0.132723E-001  0.677057E-002  0.677057E-002  0.345372E-002
  0.150993E+001  0.333514E+000  0.136018E-001  0.719436E-002  0.719436E-002  0.380516E-002
  0.150958E+001  0.338502E+000  0.138759E-001  0.760074E-002  0.760074E-002  0.416335E-002
  0.150918E+001  0.343486E+000  0.140191E-001  0.792968E-002  0.792968E-002  0.448523E-002
  0.150872E+001  0.348465E+000  0.140600E-001  0.818520E-002  0.818520E-002  0.476507E-002
  0.150819E+001  0.353437E+000  0.140635E-001  0.839698E-002  0.839698E-002  0.501364E-002
  0.150760E+001  0.358401E+000  0.139973E-001  0.853654E-002  0.853654E-002  0.520620E-002
  0.150695E+001  0.363359E+000  0.139348E-001  0.864894E-002  0.864894E-002  0.536817E-002
  0.150625E+001  0.368310E+000  0.138882E-001  0.874402E-002  0.874402E-002  0.550528E-002
  0.150552E+001  0.373255E+000  0.138491E-001  0.881947E-002  0.881947E-002  0.561648E-002
  0.150475E+001  0.378197E+000  0.138382E-001  0.889522E-002  0.889522E-002  0.571787E-002
  0.150397E+001  0.383135E+000  0.138488E-001  0.896854E-002  0.896854E-002  0.580810E-002
  0.150317E+001  0.388070E+000  0.138785E-001  0.904282E-002  0.904282E-002  0.589205E-002
  0.150236E+001  0.393005E+000  0.139299E-001  0.912162E-002  0.912162E-002  0.597309E-002
  0.150155E+001  0.397938E+000  0.139972E-001  0.920303E-002  0.920303E-002  0.605092E-002
  0.150073E+001  0.402871E+000  0.140835E-001  0.929101E-002  0.929101E-002  0.612938E-002
  0.149992E+001  0.407804E+000  0.141759E-001  0.937759E-002  0.937759E-002  0.620346E-002
  0.149910E+001  0.412738E+000  0.142861E-001  0.947207E-002  0.947207E-002  0.628026E-002
  0.149829E+001  0.417671E+000  0.144001E-001  0.956528E-002  0.956528E-002  0.635377E-002
  0.149748E+001  0.422606E+000  0.145354E-001  0.966965E-002  0.966965E-002  0.643276E-002
  0.149668E+001  0.427541E+000  0.146639E-001  0.976675E-002  0.976675E-002  0.650510E-002
  0.149588E+001  0.432477E+000  0.148151E-001  0.987671E-002  0.987671E-002  0.658450E-002
  0.149509E+001  0.437413E+000  0.149656E-001  0.998407E-002  0.998407E-002  0.666076E-002
  0.149430E+001  0.442351E+000  0.151440E-001  0.101082E-001  0.101082E-001  0.674695E-002
  0.149353E+001  0.447290E+000  0.153122E-001  0.102237E-001  0.102237E-001  0.682622E-002
  0.149275E+001  0.452230E+000  0.154883E-001  0.103429E-001  0.103429E-001  0.690691E-002
  0.149199E+001  0.457171E+000  0.156716E-001  0.104654E-001  0.104654E-001  0.698877E-002
  0.149123E+001  0.462114E+000  0.158667E-001  0.105944E-001  0.105944E-001  0.707401E-002
  0.149048E+001  0.467057E+000  0.160721E-001  0.107288E-001  0.107288E-001  0.716199E-002
  0.148974E+001  0.472002E+000  0.162866E-001  0.108680E-001  0.108680E-001  0.725226E-002
  0.148900E+001  0.476948E+000  0.165262E-001  0.110226E-001  0.110226E-001  0.735193E-002
  0.148828E+001  0.481895E+000  0.167396E-001  0.111587E-001  0.111587E-001  0.743843E-002
  0.148756E+001  0.486843E+000  0.169837E-001  0.113139E-001  0.113139E-001  0.753685E-002
  0.148685E+001  0.491792E+000  0.172412E-001  0.114767E-001  0.114767E-001  0.763956E-002
  0.148615E+001  0.496743E+000  0.175018E-001  0.116404E-001  0.116404E-001  0.774203E-002
  0.148546E+001  0.501695E+000  0.177656E-001  0.118051E-001  0.118051E-001  0.784438E-002
  0.148478E+001  0.506648E+000  0.180398E-001  0.119754E-001  0.119754E-001  0.794970E-002
  0.148411E+001  0.511603E+000  0.183385E-001  0.121608E-001  0.121608E-001  0.806421E-002
  0.148344E+001  0.516559E+000  0.186450E-001  0.123499E-001  0.123499E-001  0.818027E-002
  0.148279E+001  0.521516E+000  0.189514E-001  0.125379E-001  0.125379E-001  0.829489E-002
  0.148214E+001  0.526474E+000  0.192874E-001  0.127439E-001  0.127439E-001  0.842048E-002
  0.148151E+001  0.531433E+000  0.196267E-001  0.129511E-001  0.129511E-001  0.854612E-002
  0.148088E+001  0.536394E+000  0.199722E-001  0.131608E-001  0.131608E-001  0.867236E-002
  0.148026E+001  0.541356E+000  0.203607E-001  0.133973E-001  0.133973E-001  0.881538E-002
  0.147966E+001  0.546319E+000  0.207406E-001  0.136270E-001  0.136270E-001  0.895325E-002
  0.147906E+001  0.551283E+000  0.211271E-001  0.138593E-001  0.138593E-001  0.909161E-002
  0.147847E+001  0.556248E+000  0.215519E-001  0.141150E-001  0.141150E-001  0.924441E-002
  0.147789E+001  0.561215E+000  0.220168E-001  0.143954E-001  0.143954E-001  0.941228E-002
  0.147733E+001  0.566182E+000  0.224509E-001  0.146543E-001  0.146543E-001  0.956534E-002
  0.147677E+001  0.571151E+000  0.229149E-001  0.149307E-001  0.149307E-001  0.972843E-002
  0.147622E+001  0.576121E+000  0.234317E-001  0.152395E-001  0.152395E-001  0.991152E-002
  0.147569E+001  0.581092E+000  0.239651E-001  0.155577E-001  0.155577E-001  0.100998E-001
  0.147516E+001  0.586065E+000  0.244843E-001  0.158641E-001  0.158641E-001  0.102789E-001
  0.147464E+001  0.591038E+000  0.250987E-001  0.162300E-001  0.162300E-001  0.104952E-001
  0.147414E+001  0.596012E+000  0.256660E-001  0.165638E-001  0.165638E-001  0.106897E-001
  0.147364E+001  0.600988E+000  0.263436E-001  0.169658E-001  0.169658E-001  0.109263E-001
  0.147316E+001  0.605964E+000  0.269656E-001  0.173301E-001  0.173301E-001  0.111377E-001
  0.147269E+001  0.610942E+000  0.276972E-001  0.177623E-001  0.177623E-001  0.113911E-001
  0.147222E+001  0.615920E+000  0.284926E-001  0.182316E-001  0.182316E-001  0.116660E-001
  0.147177E+001  0.620900E+000  0.292440E-001  0.186706E-001  0.186706E-001  0.119202E-001
  0.147133E+001  0.625881E+000  0.300719E-001  0.191554E-001  0.191554E-001  0.122017E-001
  0.147090E+001  0.630862E+000  0.309867E-001  0.196920E-001  0.196920E-001  0.125142E-001
  0.147049E+001  0.635845E+000  0.319166E-001  0.202357E-001  0.202357E-001  0.128298E-001
  0.147008E+001  0.640828E+000  0.328465E-001  0.207745E-001  0.207745E-001  0.131394E-001
  0.146968E+001  0.645812E+000  0.340170E-001  0.214612E-001  0.214612E-001  0.135398E-001
  0.146930E+001  0.650798E+000  0.350452E-001  0.220550E-001  0.220550E-001  0.138799E-001
  0.146893E+001  0.655784E+000  0.362758E-001  0.227716E-001  0.227716E-001  0.142946E-001
  0.146857E+001  0.660771E+000  0.375985E-001  0.235408E-001  0.235408E-001  0.147392E-001
  0.146822E+001  0.665759E+000  0.389747E-001  0.243379E-001  0.243379E-001  0.151980E-001
  0.146788E+001  0.670747E+000  0.405087E-001  0.252274E-001  0.252274E-001  0.157108E-001
  0.146756E+001  0.675737E+000  0.422333E-001  0.262309E-001  0.262309E-001  0.162919E-001
  0.146724E+001  0.680727E+000  0.440269E-001  0.272676E-001  0.272676E-001  0.168879E-001
  0.146694E+001  0.685718E+000  0.458941E-001  0.283443E-001  0.283443E-001  0.175056E-001
  0.146665E+001  0.690709E+000  0.481044E-001  0.296242E-001  0.296242E-001  0.182436E-001
  0.146638E+001  0.695702E+000  0.504860E-001  0.310029E-001  0.310029E-001  0.190386E-001
  0.146611E+001  0.700695E+000  0.529121E-001  0.323951E-001  0.323951E-001  0.198337E-001
  0.146586E+001  0.705688E+000  0.556753E-001  0.339857E-001  0.339857E-001  0.207459E-001
  0.146562E+001  0.710683E+000  0.588492E-001  0.358140E-001  0.358140E-001  0.217954E-001
  0.146539E+001  0.715677E+000  0.627932E-001  0.380950E-001  0.380950E-001  0.231112E-001
  0.146518E+001  0.720673E+000  0.664401E-001  0.401840E-001  0.401840E-001  0.243039E-001
  0.146498E+001  0.725669E+000  0.712345E-001  0.429483E-001  0.429483E-001  0.258942E-001
  0.146479E+001  0.730665E+000  0.762918E-001  0.458487E-001  0.458487E-001  0.275535E-001
  0.146461E+001  0.735662E+000  0.832008E-001  0.498337E-001  0.498337E-001  0.298483E-001
  0.146445E+001  0.740660E+000  0.895794E-001  0.534795E-001  0.534795E-001  0.319277E-001
  0.146430E+001  0.745657E+000  0.982865E-001  0.584803E-001  0.584803E-001  0.347957E-001
  0.146416E+001  0.750655E+000  0.112799E+000  0.668803E-001  0.668803E-001  0.396544E-001
  0.146404E+001  0.755654E+000  0.122353E+000  0.723004E-001  0.723004E-001  0.427235E-001
  0.146393E+001  0.760653E+000  0.139990E+000  0.824310E-001  0.824310E-001  0.485385E-001
  0.146384E+001  0.765652E+000  0.164500E+000  0.965424E-001  0.965424E-001  0.566593E-001
  0.146375E+001  0.770651E+000  0.205805E+000  0.120310E+000  0.120310E+000  0.703307E-001
  0.146369E+001  0.775651E+000  0.261609E+000  0.152446E+000  0.152446E+000  0.888341E-001
  0.146363E+001  0.780650E+000  0.301800E+000  0.175162E+000  0.175162E+000  0.101662E+000
  0.146359E+001  0.785650E+000  0.422892E+000  0.244543E+000  0.244543E+000  0.141410E+000
  0.146356E+001  0.790650E+000  0.202291E+001  0.116465E+001  0.116465E+001  0.670525E+000
  0.146355E+001  0.795650E+000  0.288866E+001  0.165728E+001  0.165728E+001  0.950817E+000
  0.146355E+001  0.800650E+000  0.122718E+002  0.702102E+001  0.702102E+001  0.401690E+001
  0.146357E+001  0.805650E+000  0.883114E+000  0.502634E+000  0.502634E+000  0.286079E+000
  0.146360E+001  0.810650E+000  0.429719E+000  0.243648E+000  0.243648E+000  0.138147E+000
  0.146364E+001  0.815650E+000  0.295877E+000  0.167155E+000  0.167155E+000  0.944344E-001
  0.146370E+001  0.820649E+000  0.222748E+000  0.125316E+000  0.125316E+000  0.705021E-001
  0.146378E+001  0.825649E+000  0.194576E+000  0.108979E+000  0.108979E+000  0.610369E-001
  0.146386E+001  0.830648E+000  0.160981E+000  0.898221E-001  0.898221E-001  0.501177E-001
  0.146397E+001  0.835647E+000  0.133577E+000  0.741949E-001  0.741949E-001  0.412115E-001
  0.146409E+001  0.840646E+000  0.118979E+000  0.658002E-001  0.658002E-001  0.363901E-001
  0.146422E+001  0.845644E+000  0.104792E+000  0.577091E-001  0.577091E-001  0.317805E-001
  0.146437E+001  0.850642E+000  0.947884E-001  0.519684E-001  0.519684E-001  0.284920E-001
  0.146453E+001  0.855639E+000  0.877224E-001  0.478850E-001  0.478850E-001  0.261390E-001
  0.146471E+001  0.860636E+000  0.804222E-001  0.437008E-001  0.437008E-001  0.237467E-001
  0.146491E+001  0.865632E+000  0.736869E-001  0.398529E-001  0.398529E-001  0.215541E-001
  0.146512E+001  0.870627E+000  0.685425E-001  0.368994E-001  0.368994E-001  0.198645E-001
  0.146535E+001  0.875622E+000  0.643709E-001  0.344884E-001  0.344884E-001  0.184781E-001
  0.146559E+001  0.880616E+000  0.601642E-001  0.320828E-001  0.320828E-001  0.171083E-001
  0.146585E+001  0.885610E+000  0.567589E-001  0.301202E-001  0.301202E-001  0.159838E-001
  0.146612E+001  0.890602E+000  0.536685E-001  0.283434E-001  0.283434E-001  0.149687E-001
  0.146641E+001  0.895594E+000  0.509195E-001  0.267589E-001  0.267589E-001  0.140622E-001
  0.146672E+001  0.900584E+000  0.482512E-001  0.252284E-001  0.252284E-001  0.131908E-001
  0.146704E+001  0.905574E+000  0.460867E-001  0.239757E-001  0.239757E-001  0.124729E-001
  0.146738E+001  0.910562E+000  0.439653E-001  0.227545E-001  0.227545E-001  0.117767E-001
  0.146774E+001  0.915550E+000  0.419572E-001  0.216011E-001  0.216011E-001  0.111210E-001
  0.146811E+001  0.920536E+000  0.402445E-001  0.206110E-001  0.206110E-001  0.105558E-001
  0.146850E+001  0.925520E+000  0.386066E-001  0.196666E-001  0.196666E-001  0.100184E-001
  0.146891E+001  0.930504E+000  0.370746E-001  0.187833E-001  0.187833E-001  0.951623E-002
  0.146933E+001  0.935486E+000  0.357075E-001  0.179925E-001  0.179925E-001  0.906612E-002
  0.146977E+001  0.940466E+000  0.344202E-001  0.172478E-001  0.172478E-001  0.864277E-002
  0.147023E+001  0.945445E+000  0.331666E-001  0.165259E-001  0.165259E-001  0.823432E-002
  0.147071E+001  0.950423E+000  0.320752E-001  0.158902E-001  0.158902E-001  0.787210E-002
  0.147120E+001  0.955398E+000  0.309688E-001  0.152542E-001  0.152542E-001  0.751368E-002
  0.147171E+001  0.960372E+000  0.299686E-001  0.146754E-001  0.146754E-001  0.718642E-002
  0.147224E+001  0.965344E+000  0.290623E-001  0.141471E-001  0.141471E-001  0.688656E-002
  0.147278E+001  0.970315E+000  0.281333E-001  0.136136E-001  0.136136E-001  0.658757E-002
  0.147334E+001  0.975283E+000  0.273197E-001  0.131402E-001  0.131402E-001  0.632010E-002
  0.147392E+001  0.980249E+000  0.265298E-001  0.126819E-001  0.126819E-001  0.606224E-002
  0.147452E+001  0.985213E+000  0.257533E-001  0.122339E-001  0.122339E-001  0.581158E-002
  0.147514E+001  0.990175E+000  0.250242E-001  0.118121E-001  0.118121E-001  0.557566E-002
  0.147577E+001  0.995135E+000  0.243618E-001  0.114265E-001  0.114265E-001  0.535943E-002
  0.147643E+001  0.100009E+001  0.237121E-001  0.110490E-001  0.110490E-001  0.514845E-002
  0.147710E+001  0.100505E+001  0.230784E-001  0.106833E-001  0.106833E-001  0.494544E-002
  0.147779E+001  0.101000E+001  0.224942E-001  0.103436E-001  0.103436E-001  0.475634E-002
  0.147849E+001  0.101495E+001  0.219312E-001  0.100176E-001  0.100176E-001  0.457572E-002
  0.147922E+001  0.101990E+001  0.213724E-001  0.969537E-002  0.969537E-002  0.439817E-002
  0.147996E+001  0.102484E+001  0.208691E-001  0.940196E-002  0.940196E-002  0.423576E-002
  0.148073E+001  0.102978E+001  0.203637E-001  0.910943E-002  0.910943E-002  0.407496E-002
  0.148151E+001  0.103472E+001  0.198785E-001  0.882935E-002  0.882935E-002  0.392168E-002
  0.148231E+001  0.103966E+001  0.194169E-001  0.856232E-002  0.856232E-002  0.377572E-002
  0.148313E+001  0.104459E+001  0.189767E-001  0.830709E-002  0.830709E-002  0.363642E-002
  0.148397E+001  0.104952E+001  0.185581E-001  0.806362E-002  0.806362E-002  0.350368E-002
  0.148482E+001  0.105444E+001  0.181393E-001  0.782306E-002  0.782306E-002  0.337388E-002
  0.148570E+001  0.105937E+001  0.177428E-001  0.759363E-002  0.759363E-002  0.324992E-002
  0.148659E+001  0.106429E+001  0.173616E-001  0.737351E-002  0.737351E-002  0.313153E-002
  0.148750E+001  0.106920E+001  0.169991E-001  0.716338E-002  0.716338E-002  0.301862E-002
  0.148844E+001  0.107411E+001  0.166378E-001  0.695519E-002  0.695519E-002  0.290749E-002
  0.148939E+001  0.107902E+001  0.162878E-001  0.675430E-002  0.675430E-002  0.280087E-002
  0.149036E+001  0.108393E+001  0.159505E-001  0.656060E-002  0.656060E-002  0.269841E-002
  0.149135E+001  0.108883E+001  0.156279E-001  0.637480E-002  0.637480E-002  0.260033E-002
  0.149235E+001  0.109373E+001  0.153207E-001  0.619759E-002  0.619759E-002  0.250705E-002
  0.149338E+001  0.109862E+001  0.150052E-001  0.601829E-002  0.601829E-002  0.241379E-002
  0.149443E+001  0.110351E+001  0.147092E-001  0.584855E-002  0.584855E-002  0.232543E-002
  0.149549E+001  0.110839E+001  0.144199E-001  0.568369E-002  0.568369E-002  0.224024E-002
  0.149658E+001  0.111328E+001  0.141417E-001  0.552435E-002  0.552435E-002  0.215803E-002
  0.149768E+001  0.111815E+001  0.138681E-001  0.536889E-002  0.536889E-002  0.207849E-002
  0.149880E+001  0.112302E+001  0.136023E-001  0.521806E-002  0.521806E-002  0.200170E-002
  0.149994E+001  0.112789E+001  0.133438E-001  0.507153E-002  0.507153E-002  0.192749E-002
  0.150110E+001  0.113276E+001  0.130921E-001  0.492907E-002  0.492907E-002  0.185573E-002
  0.150228E+001  0.113762E+001  0.128493E-001  0.479147E-002  0.479147E-002  0.178670E-002
  0.150347E+001  0.114247E+001  0.126091E-001  0.465665E-002  0.465665E-002  0.171971E-002
  0.150469E+001  0.114732E+001  0.123789E-001  0.452655E-002  0.452655E-002  0.165518E-002
  0.150592E+001  0.115217E+001  0.121487E-001  0.439819E-002  0.439819E-002  0.159226E-002
  0.150717E+001  0.115701E+001  0.119274E-001  0.427446E-002  0.427446E-002  0.153182E-002
  0.150844E+001  0.116184E+001  0.117114E-001  0.415390E-002  0.415390E-002  0.147331E-002
  0.150973E+001  0.116668E+001  0.114999E-001  0.403626E-002  0.403626E-002  0.141662E-002
  0.151103E+001  0.117150E+001  0.112950E-001  0.392250E-002  0.392250E-002  0.136216E-002
  0.151236E+001  0.117632E+001  0.110952E-001  0.381143E-002  0.381143E-002  0.130927E-002
  0.151370E+001  0.118114E+001  0.108963E-001  0.370219E-002  0.370219E-002  0.125785E-002
  0.151506E+001  0.118595E+001  0.107055E-001  0.359692E-002  0.359692E-002  0.120849E-002
  0.151643E+001  0.119076E+001  0.105160E-001  0.349352E-002  0.349352E-002  0.116055E-002
  0.151783E+001  0.119556E+001  0.103336E-001  0.339333E-002  0.339333E-002  0.111426E-002
  0.151924E+001  0.120036E+001  0.101523E-001  0.329493E-002  0.329493E-002  0.106933E-002
  0.152066E+001  0.120515E+001  0.997662E-002  0.319968E-002  0.319968E-002  0.102616E-002
  0.152211E+001  0.120994E+001  0.980330E-002  0.310600E-002  0.310600E-002  0.984048E-003
  0.152357E+001  0.121472E+001  0.963495E-002  0.301521E-002  0.301521E-002  0.943561E-003
  0.152504E+001  0.121950E+001  0.947287E-002  0.292764E-002  0.292764E-002  0.904768E-003
  0.152654E+001  0.122427E+001  0.930868E-002  0.284016E-002  0.284016E-002  0.866524E-003
  0.152805E+001  0.122904E+001  0.915073E-002  0.275582E-002  0.275582E-002  0.829904E-003
  0.152957E+001  0.123380E+001  0.899554E-002  0.267350E-002  0.267350E-002  0.794535E-003
  0.153111E+001  0.123855E+001  0.884440E-002  0.259330E-002  0.259330E-002  0.760357E-003
  0.153266E+001  0.124331E+001  0.869771E-002  0.251553E-002  0.251553E-002  0.727501E-003
  0.153423E+001  0.124805E+001  0.855061E-002  0.243852E-002  0.243852E-002  0.695396E-003
  0.153582E+001  0.125280E+001  0.840745E-002  0.236350E-002  0.236350E-002  0.664388E-003
  0.153742E+001  0.125753E+001  0.826985E-002  0.229108E-002  0.229108E-002  0.634685E-003
  0.153903E+001  0.126227E+001  0.813060E-002  0.221923E-002  0.221923E-002  0.605695E-003
  0.154065E+001  0.126699E+001  0.799688E-002  0.214988E-002  0.214988E-002  0.577934E-003
  0.154229E+001  0.127172E+001  0.786557E-002  0.208193E-002  0.208193E-002  0.551024E-003
  0.154395E+001  0.127644E+001  0.773508E-002  0.201493E-002  0.201493E-002  0.524837E-003
  0.154561E+001  0.128115E+001  0.760768E-002  0.194985E-002  0.194985E-002  0.499709E-003
  0.154729E+001  0.128586E+001  0.748249E-002  0.188603E-002  0.188603E-002  0.475349E-003
  0.154898E+001  0.129057E+001  0.735935E-002  0.182357E-002  0.182357E-002  0.451819E-003
  0.155068E+001  0.129527E+001  0.723850E-002  0.176250E-002  0.176250E-002  0.429107E-003
  0.155239E+001  0.129997E+001  0.712122E-002  0.170308E-002  0.170308E-002  0.407256E-003
  0.155412E+001  0.130466E+001  0.700094E-002  0.164352E-002  0.164352E-002  0.385784E-003
  0.155585E+001  0.130935E+001  0.688624E-002  0.158620E-002  0.158620E-002  0.365322E-003
  0.155760E+001  0.131403E+001  0.676945E-002  0.152891E-002  0.152891E-002  0.345265E-003
  0.155936E+001  0.131872E+001  0.665518E-002  0.147289E-002  0.147289E-002  0.325922E-003
  0.156112E+001  0.132339E+001  0.654187E-002  0.141789E-002  0.141789E-002  0.307262E-003
  0.156290E+001  0.132807E+001  0.642928E-002  0.136348E-002  0.136348E-002  0.289107E-003
  0.156468E+001  0.133274E+001  0.631629E-002  0.130975E-002  0.130975E-002  0.271535E-003
  0.156647E+001  0.133741E+001  0.620367E-002  0.125664E-002  0.125664E-002  0.254494E-003
  0.156827E+001  0.134207E+001  0.609072E-002  0.120399E-002  0.120399E-002  0.237940E-003
  0.157008E+001  0.134674E+001  0.597679E-002  0.115163E-002  0.115163E-002  0.221839E-003
  0.157189E+001  0.135139E+001  0.586216E-002  0.109976E-002  0.109976E-002  0.206255E-003
  0.157371E+001  0.135605E+001  0.574538E-002  0.104792E-002  0.104792E-002  0.191067E-003
  0.157553E+001  0.136071E+001  0.562681E-002  0.996324E-003  0.996324E-003  0.176345E-003
  0.157736E+001  0.136536E+001  0.550506E-002  0.944544E-003  0.944544E-003  0.161987E-003
  0.157920E+001  0.137001E+001  0.538073E-002  0.892680E-003  0.892680E-003  0.148018E-003
  0.158103E+001  0.137466E+001  0.525201E-002  0.840768E-003  0.840768E-003  0.134509E-003
  0.158287E+001  0.137931E+001  0.511910E-002  0.788526E-003  0.788526E-003  0.121370E-003
  0.158472E+001  0.138396E+001  0.498022E-002  0.735704E-003  0.735704E-003  0.108584E-003
  0.158656E+001  0.138861E+001  0.483611E-002  0.682816E-003  0.682816E-003  0.963009E-004
  0.158840E+001  0.139325E+001  0.468606E-002  0.629649E-003  0.629649E-003  0.844880E-004
  0.159025E+001  0.139790E+001  0.452768E-002  0.575802E-003  0.575802E-003  0.731008E-004
  0.159209E+001  0.140255E+001  0.436277E-002  0.522005E-003  0.522005E-003  0.623199E-004
  0.159393E+001  0.140720E+001  0.419009E-002  0.468081E-003  0.468081E-003  0.521383E-004
  0.159577E+001  0.141185E+001  0.400875E-002  0.414136E-003  0.414136E-003  0.426163E-004
  0.159761E+001  0.141650E+001  0.381963E-002  0.360520E-003  0.360520E-003  0.338429E-004
  0.159944E+001  0.142115E+001  0.362380E-002  0.307810E-003  0.307810E-003  0.259406E-004
  0.160126E+001  0.142581E+001  0.342299E-002  0.256461E-003  0.256461E-003  0.189872E-004
  0.160309E+001  0.143046E+001  0.321425E-002  0.206217E-003  0.206217E-003  0.129765E-004
  0.160490E+001  0.143512E+001  0.300429E-002  0.158511E-003  0.158511E-003  0.808106E-005
  0.160672E+001  0.143978E+001  0.279090E-002  0.112989E-003  0.112989E-003  0.425943E-005
  0.160853E+001  0.144444E+001  0.257916E-002  0.706530E-004  0.706530E-004  0.158438E-005
  0.161033E+001  0.144910E+001  0.237017E-002  0.318393E-004  0.318393E-004  0.368421E-007
  0.161213E+001  0.145377E+001  0.216616E-002  0.333136E-005  0.333136E-005  0.429931E-006
  0.161393E+001  0.145843E+001  0.196870E-002  0.346392E-004  0.346392E-004  0.124933E-006
  0.161573E+001  0.146310E+001  0.177986E-002  0.619642E-004  0.619642E-004  0.161800E-005
  0.161753E+001  0.146776E+001  0.160119E-002  0.853089E-004  0.853089E-004  0.394488E-005
  0.161933E+001  0.147243E+001  0.143357E-002  0.104757E-003  0.104757E-003  0.698757E-005
  0.162113E+001  0.147709E+001  0.127804E-002  0.120515E-003  0.120515E-003  0.106219E-004
  0.162294E+001  0.148175E+001  0.113423E-002  0.132910E-003  0.132910E-003  0.147480E-004
  0.162475E+001  0.148641E+001  0.100279E-002  0.142120E-003  0.142120E-003  0.192221E-004
  0.162657E+001  0.149107E+001  0.883125E-003  0.148548E-003  0.148548E-003  0.239612E-004
  0.162839E+001  0.149573E+001  0.775524E-003  0.152489E-003  0.152489E-003  0.288411E-004
  0.163023E+001  0.150038E+001  0.677994E-003  0.154240E-003  0.154240E-003  0.338109E-004
  0.163207E+001  0.150503E+001  0.591500E-003  0.154177E-003  0.154177E-003  0.387586E-004
  0.163393E+001  0.150967E+001  0.514085E-003  0.152528E-003  0.152528E-003  0.436514E-004
  0.163579E+001  0.151431E+001  0.446067E-003  0.149626E-003  0.149626E-003  0.483920E-004
  0.163767E+001  0.151894E+001  0.385868E-003  0.145676E-003  0.145676E-003  0.529744E-004
  0.163956E+001  0.152357E+001  0.333216E-003  0.140946E-003  0.140946E-003  0.573417E-004
  0.164146E+001  0.152820E+001  0.287374E-003  0.135645E-003  0.135645E-003  0.614633E-004
  0.164338E+001  0.153281E+001  0.247457E-003  0.129942E-003  0.129942E-003  0.653397E-004
  0.164530E+001  0.153743E+001  0.213180E-003  0.124024E-003  0.124024E-003  0.688976E-004
  0.164725E+001  0.154204E+001  0.183448E-003  0.117971E-003  0.117971E-003  0.721886E-004
  0.164920E+001  0.154664E+001  0.158216E-003  0.112007E-003  0.112007E-003  0.751611E-004
  0.165117E+001  0.155124E+001  0.136686E-003  0.106185E-003  0.106185E-003  0.778504E-004
  0.165315E+001  0.155583E+001  0.118503E-003  0.100618E-003  0.100618E-003  0.802411E-004
  0.165514E+001  0.156041E+001  0.103231E-003  0.953753E-004  0.953753E-004  0.823420E-004
  0.165714E+001  0.156499E+001  0.904658E-004  0.905018E-004  0.905018E-004  0.841538E-004
  0.165916E+001  0.156957E+001  0.798427E-004  0.860476E-004  0.860476E-004  0.857252E-004
  0.166118E+001  0.157414E+001  0.711334E-004  0.820480E-004  0.820480E-004  0.870226E-004
  0.166322E+001  0.157871E+001  0.640081E-004  0.785115E-004  0.785115E-004  0.881075E-004
  0.166526E+001  0.158327E+001  0.583040E-004  0.754650E-004  0.754650E-004  0.889748E-004
  0.166732E+001  0.158783E+001  0.537658E-004  0.728791E-004  0.728791E-004  0.896544E-004
  0.166938E+001  0.159238E+001  0.502806E-004  0.707676E-004  0.707676E-004  0.901582E-004
  0.167145E+001  0.159693E+001  0.476876E-004  0.691042E-004  0.691042E-004  0.905122E-004
  0.167353E+001  0.160148E+001  0.458750E-004  0.678693E-004  0.678693E-004  0.907359E-004
  0.167561E+001  0.160603E+001  0.447612E-004  0.670469E-004  0.670469E-004  0.908537E-004
  0.167770E+001  0.161057E+001  0.442465E-004  0.665915E-004  0.665915E-004  0.908651E-004
  0.167980E+001  0.161511E+001  0.442744E-004  0.664797E-004  0.664797E-004  0.907909E-004
  0.168190E+001  0.161965E+001  0.448044E-004  0.666943E-004  0.666943E-004  0.906648E-004
  0.168401E+001  0.162418E+001  0.457881E-004  0.672039E-004  0.672039E-004  0.904952E-004
  0.168611E+001  0.162871E+001  0.471712E-004  0.679547E-004  0.679547E-004  0.902741E-004
  0.168823E+001  0.163325E+001  0.489499E-004  0.689504E-004  0.689504E-004  0.900361E-004
  0.169034E+001  0.163778E+001  0.510736E-004  0.701449E-004  0.701449E-004  0.897880E-004
  0.169246E+001  0.164231E+001  0.535278E-004  0.715192E-004  0.715192E-004  0.895300E-004
  0.169458E+001  0.164683E+001  0.562868E-004  0.730526E-004  0.730526E-004  0.892827E-004
  0.169670E+001  0.165136E+001  0.593206E-004  0.747121E-004  0.747121E-004  0.890394E-004
  0.169882E+001  0.165589E+001  0.626206E-004  0.764961E-004  0.764961E-004  0.888278E-004
  0.170095E+001  0.166042E+001  0.661549E-004  0.783664E-004  0.783664E-004  0.886172E-004
  0.170308E+001  0.166494E+001  0.699148E-004  0.803297E-004  0.803297E-004  0.884491E-004
  0.170520E+001  0.166947E+001  0.738462E-004  0.823418E-004  0.823418E-004  0.883057E-004
  0.170733E+001  0.167399E+001  0.779553E-004  0.844057E-004  0.844057E-004  0.881843E-004
  0.170946E+001  0.167851E+001  0.822264E-004  0.865221E-004  0.865221E-004  0.881115E-004
  0.171159E+001  0.168304E+001  0.866197E-004  0.886606E-004  0.886606E-004  0.880674E-004
  0.171372E+001  0.168756E+001  0.911312E-004  0.908304E-004  0.908304E-004  0.880714E-004
  0.171585E+001  0.169209E+001  0.957176E-004  0.929993E-004  0.929993E-004  0.881007E-004
  0.171798E+001  0.169661E+001  0.100387E-003  0.951879E-004  0.951879E-004  0.881817E-004
  0.172011E+001  0.170113E+001  0.105111E-003  0.973812E-004  0.973812E-004  0.883059E-004
  0.172223E+001  0.170566E+001  0.109825E-003  0.995389E-004  0.995389E-004  0.884498E-004
  0.172436E+001  0.171018E+001  0.114574E-003  0.101697E-003  0.101697E-003  0.886328E-004
  0.172649E+001  0.171471E+001  0.119342E-003  0.103859E-003  0.103859E-003  0.888694E-004
  0.172862E+001  0.171923E+001  0.124072E-003  0.105985E-003  0.105985E-003  0.891275E-004
  0.173075E+001  0.172375E+001  0.128779E-003  0.108097E-003  0.108097E-003  0.894279E-004
  0.173288E+001  0.172828E+001  0.133447E-003  0.110191E-003  0.110191E-003  0.897675E-004
  0.173501E+001  0.173280E+001  0.138059E-003  0.112260E-003  0.112260E-003  0.901418E-004
  0.173714E+001  0.173733E+001  0.142600E-003  0.114299E-003  0.114299E-003  0.905475E-004
  0.173927E+001  0.174185E+001  0.147079E-003  0.116321E-003  0.116321E-003  0.909958E-004
  0.174139E+001  0.174638E+001  0.151445E-003  0.118299E-003  0.118299E-003  0.914687E-004
  0.174352E+001  0.175090E+001  0.155704E-003  0.120231E-003  0.120231E-003  0.919556E-004
  0.174565E+001  0.175543E+001  0.159882E-003  0.122146E-003  0.122146E-003  0.924842E-004
  0.174778E+001  0.175995E+001  0.163954E-003  0.124031E-003  0.124031E-003  0.930433E-004
  0.174990E+001  0.176447E+001  0.167879E-003  0.125863E-003  0.125863E-003  0.936187E-004
  0.175203E+001  0.176900E+001  0.171704E-003  0.127669E-003  0.127669E-003  0.942236E-004
  0.175416E+001  0.177352E+001  0.175415E-003  0.129448E-003  0.129448E-003  0.948589E-004
  0.175629E+001  0.177805E+001  0.178988E-003  0.131183E-003  0.131183E-003  0.955119E-004
  0.175841E+001  0.178258E+001  0.182400E-003  0.132863E-003  0.132863E-003  0.961764E-004
  0.176054E+001  0.178710E+001  0.185680E-003  0.134504E-003  0.134504E-003  0.968578E-004
  0.176267E+001  0.179163E+001  0.188836E-003  0.136115E-003  0.136115E-003  0.975649E-004
  0.176479E+001  0.179615E+001  0.191832E-003  0.137675E-003  0.137675E-003  0.982831E-004
  0.176692E+001  0.180068E+001  0.194695E-003  0.139197E-003  0.139197E-003  0.990173E-004
  0.176905E+001  0.180520E+001  0.197426E-003  0.140685E-003  0.140685E-003  0.997715E-004
  0.177117E+001  0.180973E+001  0.200001E-003  0.142124E-003  0.142124E-003  0.100535E-003
  0.177330E+001  0.181425E+001  0.202398E-003  0.143493E-003  0.143493E-003  0.101290E-003
  0.177543E+001  0.181878E+001  0.204674E-003  0.144836E-003  0.144836E-003  0.102067E-003
  0.177756E+001  0.182330E+001  0.206816E-003  0.146141E-003  0.146141E-003  0.102858E-003
  0.177968E+001  0.182782E+001  0.208778E-003  0.147376E-003  0.147376E-003  0.103639E-003
  0.178181E+001  0.183235E+001  0.210617E-003  0.148579E-003  0.148579E-003  0.104435E-003
  0.178394E+001  0.183687E+001  0.212292E-003  0.149720E-003  0.149720E-003  0.105225E-003
  0.178607E+001  0.184140E+001  0.213836E-003  0.150822E-003  0.150822E-003  0.106023E-003
  0.178820E+001  0.184592E+001  0.215223E-003  0.151864E-003  0.151864E-003  0.106815E-003
  0.179033E+001  0.185044E+001  0.216471E-003  0.152858E-003  0.152858E-003  0.107607E-003
  0.179246E+001  0.185497E+001  0.217585E-003  0.153805E-003  0.153805E-003  0.108400E-003
  0.179459E+001  0.185949E+001  0.218547E-003  0.154692E-003  0.154692E-003  0.109183E-003
  0.179673E+001  0.186401E+001  0.219382E-003  0.155535E-003  0.155535E-003  0.109967E-003
  0.179886E+001  0.186853E+001  0.220042E-003  0.156296E-003  0.156296E-003  0.110724E-003
  0.180099E+001  0.187306E+001  0.220594E-003  0.157022E-003  0.157022E-003  0.111485E-003
  0.180313E+001  0.187758E+001  0.220972E-003  0.157666E-003  0.157666E-003  0.112219E-003
  0.180526E+001  0.188210E+001  0.221255E-003  0.158279E-003  0.158279E-003  0.112957E-003
  0.180740E+001  0.188662E+001  0.221363E-003  0.158805E-003  0.158805E-003  0.113663E-003
  0.180954E+001  0.189114E+001  0.221355E-003  0.159282E-003  0.159282E-003  0.114359E-003
  0.181168E+001  0.189566E+001  0.221215E-003  0.159698E-003  0.159698E-003  0.115038E-003
  0.181382E+001  0.190018E+001  0.220940E-003  0.160049E-003  0.160049E-003  0.115694E-003
  0.181596E+001  0.190469E+001  0.220542E-003  0.160338E-003  0.160338E-003  0.116329E-003
  0.181810E+001  0.190921E+001  0.220010E-003  0.160559E-003  0.160559E-003  0.116938E-003
  0.182025E+001  0.191373E+001  0.219345E-003  0.160711E-003  0.160711E-003  0.117521E-003
  0.182239E+001  0.191824E+001  0.218561E-003  0.160797E-003  0.160797E-003  0.118074E-003
  0.182454E+001  0.192276E+001  0.217648E-003  0.160813E-003  0.160813E-003  0.118599E-003
  0.182669E+001  0.192727E+001  0.216607E-003  0.160755E-003  0.160755E-003  0.119089E-003
  0.182884E+001  0.193179E+001  0.215466E-003  0.160642E-003  0.160642E-003  0.119555E-003
  0.183100E+001  0.193630E+001  0.214176E-003  0.160438E-003  0.160438E-003  0.119975E-003
  0.183315E+001  0.194081E+001  0.212768E-003  0.160157E-003  0.160157E-003  0.120351E-003
  0.183531E+001  0.194532E+001  0.211248E-003  0.159809E-003  0.159809E-003  0.120694E-003
  0.183747E+001  0.194983E+001  0.209612E-003  0.159384E-003  0.159384E-003  0.120994E-003
  0.183963E+001  0.195434E+001  0.207862E-003  0.158882E-003  0.158882E-003  0.121250E-003
  0.184180E+001  0.195885E+001  0.205996E-003  0.158303E-003  0.158303E-003  0.121461E-003
  0.184396E+001  0.196335E+001  0.204022E-003  0.157643E-003  0.157643E-003  0.121619E-003
  0.184613E+001  0.196786E+001  0.201946E-003  0.156913E-003  0.156913E-003  0.121737E-003
  0.184831E+001  0.197236E+001  0.199744E-003  0.156091E-003  0.156091E-003  0.121795E-003
  0.185048E+001  0.197686E+001  0.197427E-003  0.155175E-003  0.155175E-003  0.121785E-003
  0.185266E+001  0.198136E+001  0.195017E-003  0.154190E-003  0.154190E-003  0.121731E-003
  0.185484E+001  0.198586E+001  0.192506E-003  0.153120E-003  0.153120E-003  0.121616E-003
  0.185703E+001  0.199036E+001  0.189891E-003  0.151967E-003  0.151967E-003  0.121443E-003
  0.185922E+001  0.199485E+001  0.187206E-003  0.150751E-003  0.150751E-003  0.121223E-003
  0.186141E+001  0.199935E+001  0.184369E-003  0.149404E-003  0.149404E-003  0.120899E-003
  0.186360E+001  0.200384E+001  0.181486E-003  0.148008E-003  0.148008E-003  0.120537E-003
  0.186580E+001  0.200833E+001  0.178494E-003  0.146516E-003  0.146516E-003  0.120099E-003
  0.186801E+001  0.201282E+001  0.175399E-003  0.144928E-003  0.144928E-003  0.119584E-003
  0.187022E+001  0.201730E+001  0.172262E-003  0.143289E-003  0.143289E-003  0.119024E-003
  0.187243E+001  0.202179E+001  0.168997E-003  0.141525E-003  0.141525E-003  0.118355E-003
  0.187465E+001  0.202627E+001  0.165691E-003  0.139710E-003  0.139710E-003  0.117641E-003
  0.187687E+001  0.203075E+001  0.162296E-003  0.137798E-003  0.137798E-003  0.116837E-003
  0.187909E+001  0.203523E+001  0.158866E-003  0.135832E-003  0.135832E-003  0.115978E-003
  0.188132E+001  0.203970E+001  0.155348E-003  0.133769E-003  0.133769E-003  0.115029E-003
  0.188356E+001  0.204417E+001  0.151759E-003  0.131622E-003  0.131622E-003  0.113998E-003
  0.188580E+001  0.204864E+001  0.148145E-003  0.129421E-003  0.129421E-003  0.112907E-003
  0.188805E+001  0.205311E+001  0.144474E-003  0.127144E-003  0.127144E-003  0.111737E-003
  0.189030E+001  0.205757E+001  0.140780E-003  0.124813E-003  0.124813E-003  0.110500E-003
  0.189256E+001  0.206203E+001  0.137044E-003  0.122413E-003  0.122413E-003  0.109188E-003
  0.189483E+001  0.206649E+001  0.133291E-003  0.119964E-003  0.119964E-003  0.107815E-003
  0.189710E+001  0.207095E+001  0.129515E-003  0.117455E-003  0.117455E-003  0.106365E-003
  0.189937E+001  0.207540E+001  0.125760E-003  0.114926E-003  0.114926E-003  0.104871E-003
  0.190166E+001  0.207985E+001  0.121966E-003  0.112326E-003  0.112326E-003  0.103294E-003
  0.190395E+001  0.208429E+001  0.118212E-003  0.109718E-003  0.109718E-003  0.101683E-003
  0.190624E+001  0.208873E+001  0.114462E-003  0.107071E-003  0.107071E-003  0.100005E-003
  0.190854E+001  0.209317E+001  0.110747E-003  0.104414E-003  0.104414E-003  0.982905E-004
  0.191085E+001  0.209761E+001  0.107063E-003  0.101742E-003  0.101742E-003  0.965334E-004
  0.191317E+001  0.210204E+001  0.103410E-003  0.990551E-004  0.990551E-004  0.947320E-004
  0.191549E+001  0.210647E+001  0.998225E-004  0.963815E-004  0.963815E-004  0.929082E-004
  0.191782E+001  0.211089E+001  0.962902E-004  0.937154E-004  0.937154E-004  0.910588E-004
  0.192015E+001  0.211531E+001  0.928350E-004  0.910748E-004  0.910748E-004  0.891975E-004
  0.192250E+001  0.211973E+001  0.894314E-004  0.884407E-004  0.884407E-004  0.873108E-004
  0.192485E+001  0.212414E+001  0.861248E-004  0.858522E-004  0.858522E-004  0.854307E-004
  0.192720E+001  0.212855E+001  0.828961E-004  0.832917E-004  0.832917E-004  0.835395E-004
  0.192956E+001  0.213296E+001  0.797692E-004  0.807866E-004  0.807866E-004  0.816675E-004
  0.193193E+001  0.213736E+001  0.767207E-004  0.783144E-004  0.783144E-004  0.797920E-004
  0.193431E+001  0.214176E+001  0.737692E-004  0.758951E-004  0.758951E-004  0.779332E-004
  0.193669E+001  0.214616E+001  0.709321E-004  0.735456E-004  0.735456E-004  0.761066E-004
  0.193908E+001  0.215055E+001  0.681873E-004  0.712475E-004  0.712475E-004  0.742964E-004
  0.194148E+001  0.215494E+001  0.655475E-004  0.690153E-004  0.690153E-004  0.725183E-004
  0.194388E+001  0.215932E+001  0.630210E-004  0.668579E-004  0.668579E-004  0.707805E-004
  0.194629E+001  0.216371E+001  0.605910E-004  0.647618E-004  0.647618E-004  0.690720E-004
  0.194870E+001  0.216809E+001  0.582735E-004  0.627439E-004  0.627439E-004  0.674100E-004
  0.195112E+001  0.217246E+001  0.560573E-004  0.607967E-004  0.607967E-004  0.657899E-004
  0.195354E+001  0.217683E+001  0.539465E-004  0.589251E-004  0.589251E-004  0.642166E-004
  0.195597E+001  0.218120E+001  0.519331E-004  0.571245E-004  0.571245E-004  0.626884E-004
  0.195841E+001  0.218557E+001  0.500135E-004  0.553927E-004  0.553927E-004  0.612046E-004
  0.196085E+001  0.218993E+001  0.481940E-004  0.537377E-004  0.537377E-004  0.597737E-004
  0.196330E+001  0.219429E+001  0.464684E-004  0.521564E-004  0.521564E-004  0.583957E-004
  0.196575E+001  0.219865E+001  0.448265E-004  0.506382E-004  0.506382E-004  0.570590E-004
  0.196820E+001  0.220301E+001  0.432755E-004  0.491935E-004  0.491935E-004  0.557768E-004
  0.197066E+001  0.220736E+001  0.418033E-004  0.478118E-004  0.478118E-004  0.545405E-004
  0.197313E+001  0.221171E+001  0.404089E-004  0.464941E-004  0.464941E-004  0.533527E-004
  0.197560E+001  0.221606E+001  0.390918E-004  0.452403E-004  0.452403E-004  0.522136E-004
  0.197807E+001  0.222040E+001  0.378490E-004  0.440493E-004  0.440493E-004  0.511236E-004
  0.198055E+001  0.222475E+001  0.366711E-004  0.429128E-004  0.429128E-004  0.500758E-004
  0.198303E+001  0.222909E+001  0.355607E-004  0.418346E-004  0.418346E-004  0.490751E-004
  0.198551E+001  0.223343E+001  0.345136E-004  0.408115E-004  0.408115E-004  0.481189E-004
  0.198800E+001  0.223777E+001  0.335226E-004  0.398374E-004  0.398374E-004  0.472026E-004
  0.199049E+001  0.224210E+001  0.325885E-004  0.389137E-004  0.389137E-004  0.463283E-004
  0.199299E+001  0.224643E+001  0.317095E-004  0.380405E-004  0.380405E-004  0.454981E-004
  0.199548E+001  0.225077E+001  0.308791E-004  0.372101E-004  0.372101E-004  0.447024E-004
  0.199798E+001  0.225509E+001  0.300914E-004  0.364178E-004  0.364178E-004  0.439382E-004
  0.200049E+001  0.225942E+001  0.293504E-004  0.356695E-004  0.356695E-004  0.432137E-004
  0.200299E+001  0.226375E+001  0.286547E-004  0.349633E-004  0.349633E-004  0.425264E-004
  0.200550E+001  0.226807E+001  0.279939E-004  0.342889E-004  0.342889E-004  0.418658E-004
  0.200802E+001  0.227240E+001  0.273712E-004  0.336510E-004  0.336510E-004  0.412386E-004
  0.201053E+001  0.227672E+001  0.267856E-004  0.330482E-004  0.330482E-004  0.406428E-004
  0.201305E+001  0.228104E+001  0.262331E-004  0.324773E-004  0.324773E-004  0.400765E-004
  0.201557E+001  0.228536E+001  0.257121E-004  0.319367E-004  0.319367E-004  0.395376E-004
  0.201809E+001  0.228968E+001  0.252199E-004  0.314237E-004  0.314237E-004  0.390240E-004
  0.202061E+001  0.229399E+001  0.247572E-004  0.309399E-004  0.309399E-004  0.385379E-004
  0.202313E+001  0.229831E+001  0.243230E-004  0.304847E-004  0.304847E-004  0.380794E-004
  0.202566E+001  0.230262E+001  0.239081E-004  0.300475E-004  0.300475E-004  0.376362E-004
  0.202819E+001  0.230694E+001  0.235202E-004  0.296379E-004  0.296379E-004  0.372205E-004
  0.203072E+001  0.231125E+001  0.231540E-004  0.292499E-004  0.292499E-004  0.368251E-004
  0.203325E+001  0.231556E+001  0.228101E-004  0.288847E-004  0.288847E-004  0.364523E-004
  0.203579E+001  0.231987E+001  0.224832E-004  0.285362E-004  0.285362E-004  0.360949E-004
  0.203832E+001  0.232418E+001  0.221789E-004  0.282113E-004  0.282113E-004  0.357615E-004
  0.204086E+001  0.232849E+001  0.218896E-004  0.279014E-004  0.279014E-004  0.354422E-004
  0.204340E+001  0.233280E+001  0.216183E-004  0.276103E-004  0.276103E-004  0.351418E-004
  0.204594E+001  0.233710E+001  0.213632E-004  0.273360E-004  0.273360E-004  0.348581E-004
  0.204848E+001  0.234141E+001  0.211238E-004  0.270780E-004  0.270780E-004  0.345909E-004
  0.205102E+001  0.234571E+001  0.208989E-004  0.268353E-004  0.268353E-004  0.343391E-004
  0.205357E+001  0.235002E+001  0.206875E-004  0.266068E-004  0.266068E-004  0.341017E-004
  0.205611E+001  0.235432E+001  0.204900E-004  0.263928E-004  0.263928E-004  0.338791E-004
  0.205866E+001  0.235863E+001  0.203046E-004  0.261918E-004  0.261918E-004  0.336697E-004
  0.206120E+001  0.236293E+001  0.201341E-004  0.260072E-004  0.260072E-004  0.334780E-004
  0.206375E+001  0.236723E+001  0.199709E-004  0.258295E-004  0.258295E-004  0.332921E-004
  0.206630E+001  0.237153E+001  0.198200E-004  0.256653E-004  0.256653E-004  0.331205E-004
  0.206885E+001  0.237583E+001  0.196802E-004  0.255130E-004  0.255130E-004  0.329614E-004
  0.207140E+001  0.238013E+001  0.195508E-004  0.253719E-004  0.253719E-004  0.328140E-004
  0.207396E+001  0.238443E+001  0.194328E-004  0.252436E-004  0.252436E-004  0.326805E-004
  0.207651E+001  0.238873E+001  0.193209E-004  0.251210E-004  0.251210E-004  0.325516E-004
  0.207906E+001  0.239303E+001  0.192193E-004  0.250098E-004  0.250098E-004  0.324351E-004
  0.208162E+001  0.239733E+001  0.191271E-004  0.249090E-004  0.249090E-004  0.323295E-004
  0.208417E+001  0.240163E+001  0.190434E-004  0.248171E-004  0.248171E-004  0.322330E-004
  0.208673E+001  0.240592E+001  0.189681E-004  0.247343E-004  0.247343E-004  0.321461E-004
  0.208928E+001  0.241022E+001  0.189002E-004  0.246593E-004  0.246593E-004  0.320667E-004
  0.209184E+001  0.241452E+001  0.188400E-004  0.245926E-004  0.245926E-004  0.319958E-004
  0.209440E+001  0.241881E+001  0.187863E-004  0.245325E-004  0.245325E-004  0.319311E-004
  0.209696E+001  0.242311E+001  0.187410E-004  0.244815E-004  0.244815E-004  0.318758E-004
  0.209952E+001  0.242740E+001  0.187024E-004  0.244373E-004  0.244373E-004  0.318269E-004
  0.210208E+001  0.243170E+001  0.186717E-004  0.244014E-004  0.244014E-004  0.317864E-004
  0.210464E+001  0.243599E+001  0.186466E-004  0.243710E-004  0.243710E-004  0.317504E-004
  0.210721E+001  0.244028E+001  0.186278E-004  0.243466E-004  0.243466E-004  0.317196E-004
  0.210977E+001  0.244458E+001  0.186153E-004  0.243285E-004  0.243285E-004  0.316942E-004
  0.211234E+001  0.244887E+001  0.186073E-004  0.243140E-004  0.243140E-004  0.316707E-004
  0.211490E+001  0.245316E+001  0.186072E-004  0.243075E-004  0.243075E-004  0.316547E-004
  0.211747E+001  0.245745E+001  0.186100E-004  0.243024E-004  0.243024E-004  0.316374E-004
  0.212004E+001  0.246174E+001  0.186184E-004  0.243021E-004  0.243021E-004  0.316229E-004
  0.212261E+001  0.246603E+001  0.186319E-004  0.243057E-004  0.243057E-004  0.316101E-004
  0.212518E+001  0.247031E+001  0.186477E-004  0.243095E-004  0.243095E-004  0.315939E-004
  0.212776E+001  0.247460E+001  0.186670E-004  0.243149E-004  0.243149E-004  0.315758E-004
  0.213034E+001  0.247888E+001  0.186919E-004  0.243242E-004  0.243242E-004  0.315586E-004
  0.213291E+001  0.248317E+001  0.187136E-004  0.243262E-004  0.243262E-004  0.315277E-004
  0.213550E+001  0.248745E+001  0.187375E-004  0.243272E-004  0.243272E-004  0.314908E-004
  0.213808E+001  0.249173E+001  0.187589E-004  0.243215E-004  0.243215E-004  0.314405E-004
  0.214067E+001  0.249601E+001  0.187799E-004  0.243110E-004  0.243110E-004  0.313788E-004
  0.214326E+001  0.250029E+001  0.187954E-004  0.242891E-004  0.242891E-004  0.312972E-004
  0.214585E+001  0.250456E+001  0.188051E-004  0.242556E-004  0.242556E-004  0.311951E-004
  0.214845E+001  0.250883E+001  0.188068E-004  0.242070E-004  0.242070E-004  0.310677E-004
  0.215105E+001  0.251310E+001  0.187964E-004  0.241383E-004  0.241383E-004  0.309090E-004
  0.215366E+001  0.251737E+001  0.187723E-004  0.240469E-004  0.240469E-004  0.307152E-004
  0.215627E+001  0.252163E+001  0.187312E-004  0.239293E-004  0.239293E-004  0.304822E-004
  0.215889E+001  0.252589E+001  0.186690E-004  0.237797E-004  0.237797E-004  0.302029E-004
  0.216152E+001  0.253014E+001  0.185812E-004  0.235931E-004  0.235931E-004  0.298710E-004
  0.216415E+001  0.253439E+001  0.184663E-004  0.233680E-004  0.233680E-004  0.294859E-004
  0.216680E+001  0.253864E+001  0.183196E-004  0.230985E-004  0.230985E-004  0.290400E-004
  0.216945E+001  0.254288E+001  0.181384E-004  0.227827E-004  0.227827E-004  0.285330E-004
  0.217211E+001  0.254711E+001  0.179216E-004  0.224195E-004  0.224195E-004  0.279643E-004
  0.217478E+001  0.255134E+001  0.176651E-004  0.220052E-004  0.220052E-004  0.273306E-004
  0.217745E+001  0.255556E+001  0.173710E-004  0.215438E-004  0.215438E-004  0.266389E-004
  0.218014E+001  0.255978E+001  0.170396E-004  0.210362E-004  0.210362E-004  0.258913E-004
  0.218285E+001  0.256398E+001  0.166690E-004  0.204815E-004  0.204815E-004  0.250884E-004
  0.218556E+001  0.256818E+001  0.162661E-004  0.198903E-004  0.198903E-004  0.242454E-004
  0.218828E+001  0.257238E+001  0.158339E-004  0.192669E-004  0.192669E-004  0.233689E-004
  0.219101E+001  0.257656E+001  0.153789E-004  0.186205E-004  0.186205E-004  0.224712E-004
  0.219376E+001  0.258074E+001  0.149038E-004  0.179549E-004  0.179549E-004  0.215576E-004
  0.219652E+001  0.258492E+001  0.144149E-004  0.172788E-004  0.172788E-004  0.206400E-004
  0.219928E+001  0.258908E+001  0.139201E-004  0.166025E-004  0.166025E-004  0.197314E-004
  0.220206E+001  0.259324E+001  0.134206E-004  0.159273E-004  0.159273E-004  0.188330E-004
  0.220484E+001  0.259739E+001  0.129251E-004  0.152642E-004  0.152642E-004  0.179584E-004
  0.220764E+001  0.260154E+001  0.124326E-004  0.146112E-004  0.146112E-004  0.171047E-004
  0.221045E+001  0.260567E+001  0.119503E-004  0.139773E-004  0.139773E-004  0.162824E-004
  0.221326E+001  0.260981E+001  0.114780E-004  0.133621E-004  0.133621E-004  0.154909E-004
  0.221608E+001  0.261394E+001  0.110207E-004  0.127708E-004  0.127708E-004  0.147353E-004
  0.221891E+001  0.261806E+001  0.105777E-004  0.122023E-004  0.122023E-004  0.140139E-004
  0.222174E+001  0.262218E+001  0.101530E-004  0.116608E-004  0.116608E-004  0.133311E-004
  0.222459E+001  0.262629E+001  0.974066E-005  0.111390E-004  0.111390E-004  0.126775E-004
  0.222744E+001  0.263040E+001  0.934699E-005  0.106437E-004  0.106437E-004  0.120609E-004
  0.223029E+001  0.263450E+001  0.897077E-005  0.101733E-004  0.101733E-004  0.114785E-004
  0.223315E+001  0.263860E+001  0.861050E-005  0.972539E-005  0.972539E-005  0.109270E-004
  0.223602E+001  0.264270E+001  0.826571E-005  0.929911E-005  0.929911E-005  0.104050E-004
  0.223889E+001  0.264679E+001  0.793716E-005  0.889504E-005  0.889504E-005  0.991265E-005
  0.224177E+001  0.265088E+001  0.762327E-005  0.851093E-005  0.851093E-005  0.944692E-005
  0.224465E+001  0.265497E+001  0.732390E-005  0.814641E-005  0.814641E-005  0.900707E-005
  0.224754E+001  0.265905E+001  0.703860E-005  0.780056E-005  0.780056E-005  0.859159E-005
  0.225042E+001  0.266313E+001  0.676662E-005  0.747245E-005  0.747245E-005  0.819925E-005
  0.225332E+001  0.266721E+001  0.650611E-005  0.715951E-005  0.715951E-005  0.782662E-005
  0.225622E+001  0.267129E+001  0.625786E-005  0.686255E-005  0.686255E-005  0.747448E-005
  0.225912E+001  0.267536E+001  0.602123E-005  0.658061E-005  0.658061E-005  0.714149E-005
  0.226202E+001  0.267943E+001  0.579564E-005  0.631288E-005  0.631288E-005  0.682649E-005
  0.226493E+001  0.268350E+001  0.557947E-005  0.605730E-005  0.605730E-005  0.652696E-005
  0.226784E+001  0.268756E+001  0.537299E-005  0.581410E-005  0.581410E-005  0.624299E-005
  0.227076E+001  0.269162E+001  0.517572E-005  0.558251E-005  0.558251E-005  0.597349E-005
  0.227367E+001  0.269568E+001  0.498685E-005  0.536164E-005  0.536164E-005  0.571746E-005
  0.227659E+001  0.269974E+001  0.480610E-005  0.515095E-005  0.515095E-005  0.547401E-005
  0.227951E+001  0.270380E+001  0.463341E-005  0.495028E-005  0.495028E-005  0.524289E-005
  0.228244E+001  0.270785E+001  0.446723E-005  0.475782E-005  0.475782E-005  0.502200E-005
  0.228537E+001  0.271191E+001  0.430809E-005  0.457410E-005  0.457410E-005  0.481180E-005
  0.228830E+001  0.271596E+001  0.415572E-005  0.439872E-005  0.439872E-005  0.461176E-005
  0.229123E+001  0.272001E+001  0.400961E-005  0.423104E-005  0.423104E-005  0.442111E-005
  0.229417E+001  0.272406E+001  0.386907E-005  0.407021E-005  0.407021E-005  0.423879E-005
  0.229710E+001  0.272810E+001  0.373453E-005  0.391671E-005  0.391671E-005  0.406531E-005
  0.230004E+001  0.273215E+001  0.360500E-005  0.376932E-005  0.376932E-005  0.389920E-005
  0.230298E+001  0.273619E+001  0.348052E-005  0.362808E-005  0.362808E-005  0.374050E-005
  0.230593E+001  0.274023E+001  0.336093E-005  0.349270E-005  0.349270E-005  0.358878E-005
  0.230887E+001  0.274428E+001  0.324560E-005  0.336256E-005  0.336256E-005  0.344340E-005
  0.231182E+001  0.274831E+001  0.313476E-005  0.323778E-005  0.323778E-005  0.330436E-005
  0.231477E+001  0.275235E+001  0.302794E-005  0.311783E-005  0.311783E-005  0.317108E-005
  0.231772E+001  0.275639E+001  0.292495E-005  0.300249E-005  0.300249E-005  0.304329E-005
  0.232067E+001  0.276042E+001  0.282600E-005  0.289193E-005  0.289193E-005  0.292110E-005
  0.232362E+001  0.276446E+001  0.273038E-005  0.278538E-005  0.278538E-005  0.280367E-005
  0.232658E+001  0.276849E+001  0.263818E-005  0.268286E-005  0.268286E-005  0.269098E-005
  0.232953E+001  0.277252E+001  0.254930E-005  0.258429E-005  0.258429E-005  0.258293E-005
  0.233249E+001  0.277656E+001  0.246349E-005  0.248933E-005  0.248933E-005  0.247909E-005
  0.233545E+001  0.278059E+001  0.238057E-005  0.239780E-005  0.239780E-005  0.237928E-005
  0.233841E+001  0.278461E+001  0.230049E-005  0.230960E-005  0.230960E-005  0.228335E-005
  0.234137E+001  0.278864E+001  0.222319E-005  0.222466E-005  0.222466E-005  0.219121E-005
  0.234434E+001  0.279267E+001  0.214827E-005  0.214252E-005  0.214252E-005  0.210233E-005
  0.234730E+001  0.279670E+001  0.207618E-005  0.206366E-005  0.206366E-005  0.201722E-005
  0.235027E+001  0.280072E+001  0.200609E-005  0.198717E-005  0.198717E-005  0.193489E-005
  0.235324E+001  0.280475E+001  0.193836E-005  0.191342E-005  0.191342E-005  0.185573E-005
  0.235620E+001  0.280877E+001  0.187315E-005  0.184256E-005  0.184256E-005  0.177984E-005
  0.235917E+001  0.281279E+001  0.180970E-005  0.177378E-005  0.177378E-005  0.170640E-005
  0.236214E+001  0.281681E+001  0.174834E-005  0.170740E-005  0.170740E-005  0.163570E-005
  0.236512E+001  0.282084E+001  0.168873E-005  0.164306E-005  0.164306E-005  0.156737E-005
  0.236809E+001  0.282486E+001  0.163119E-005  0.158109E-005  0.158109E-005  0.150172E-005
  0.237106E+001  0.282888E+001  0.157550E-005  0.152124E-005  0.152124E-005  0.143848E-005
  0.237404E+001  0.283289E+001  0.152141E-005  0.146323E-005  0.146323E-005  0.137735E-005
  0.237701E+001  0.283691E+001  0.146887E-005  0.140704E-005  0.140704E-005  0.131833E-005
  0.237999E+001  0.284093E+001  0.141796E-005  0.135268E-005  0.135268E-005  0.126138E-005
  0.238296E+001  0.284495E+001  0.136875E-005  0.130026E-005  0.130026E-005  0.120660E-005
  0.238594E+001  0.284896E+001  0.132075E-005  0.124926E-005  0.124926E-005  0.115348E-005
  0.238892E+001  0.285298E+001  0.127424E-005  0.119993E-005  0.119993E-005  0.110225E-005
  0.239190E+001  0.285700E+001  0.122911E-005  0.115218E-005  0.115218E-005  0.105280E-005
  0.239488E+001  0.286101E+001  0.118529E-005  0.110592E-005  0.110592E-005  0.100504E-005
  0.239786E+001  0.286503E+001  0.114276E-005  0.106112E-005  0.106112E-005  0.958931E-006
  0.240084E+001  0.286904E+001  0.110143E-005  0.101769E-005  0.101769E-005  0.914375E-006
  0.240382E+001  0.287305E+001  0.106129E-005  0.975612E-006  0.975612E-006  0.871346E-006
  0.240681E+001  0.287707E+001  0.102218E-005  0.934704E-006  0.934704E-006  0.829652E-006
  0.240979E+001  0.288108E+001  0.984292E-006  0.895167E-006  0.895167E-006  0.789493E-006
  0.241277E+001  0.288509E+001  0.947469E-006  0.856836E-006  0.856836E-006  0.750697E-006
  0.241576E+001  0.288910E+001  0.911644E-006  0.819623E-006  0.819623E-006  0.713159E-006
  0.241874E+001  0.289312E+001  0.876787E-006  0.783526E-006  0.783526E-006  0.676898E-006
  0.242172E+001  0.289713E+001  0.843026E-006  0.748633E-006  0.748633E-006  0.641966E-006
  0.242471E+001  0.290114E+001  0.809928E-006  0.714541E-006  0.714541E-006  0.607992E-006
  0.242770E+001  0.290515E+001  0.777822E-006  0.681546E-006  0.681546E-006  0.575238E-006
  0.243068E+001  0.290916E+001  0.746706E-006  0.649651E-006  0.649651E-006  0.543711E-006
  0.243367E+001  0.291317E+001  0.716308E-006  0.618586E-006  0.618586E-006  0.513146E-006
  0.243666E+001  0.291718E+001  0.686765E-006  0.588476E-006  0.588476E-006  0.483656E-006
  0.243964E+001  0.292119E+001  0.658109E-006  0.559356E-006  0.559356E-006  0.455275E-006
  0.244263E+001  0.292520E+001  0.630108E-006  0.530993E-006  0.530993E-006  0.427778E-006
  0.244562E+001  0.292921E+001  0.602872E-006  0.503491E-006  0.503491E-006  0.401257E-006
  0.244861E+001  0.293322E+001  0.576375E-006  0.476821E-006  0.476821E-006  0.375684E-006
  0.245159E+001  0.293722E+001  0.550669E-006  0.451035E-006  0.451035E-006  0.351106E-006
  0.245458E+001  0.294123E+001  0.525571E-006  0.425948E-006  0.425948E-006  0.327345E-006
  0.245757E+001  0.294524E+001  0.501147E-006  0.401623E-006  0.401623E-006  0.304460E-006
  0.246056E+001  0.294925E+001  0.477378E-006  0.378042E-006  0.378042E-006  0.282433E-006
  0.246355E+001  0.295326E+001  0.454248E-006  0.355187E-006  0.355187E-006  0.261245E-006
  0.246654E+001  0.295727E+001  0.431740E-006  0.333041E-006  0.333041E-006  0.240879E-006
  0.246952E+001  0.296128E+001  0.409952E-006  0.311686E-006  0.311686E-006  0.221404E-006
  0.247251E+001  0.296528E+001  0.388600E-006  0.290879E-006  0.290879E-006  0.202616E-006
  0.247550E+001  0.296929E+001  0.367874E-006  0.270768E-006  0.270768E-006  0.184631E-006
  0.247849E+001  0.297330E+001  0.347716E-006  0.251311E-006  0.251311E-006  0.167417E-006
  0.248148E+001  0.297731E+001  0.328114E-006  0.232496E-006  0.232496E-006  0.150963E-006
  0.248447E+001  0.298132E+001  0.309058E-006  0.214311E-006  0.214311E-006  0.135260E-006
  0.248746E+001  0.298533E+001  0.290537E-006  0.196746E-006  0.196746E-006  0.120301E-006
  0.249045E+001  0.298934E+001  0.272541E-006  0.179794E-006  0.179794E-006  0.106080E-006
  0.249343E+001  0.299334E+001  0.255119E-006  0.163499E-006  0.163499E-006  0.926344E-007
  0.249642E+001  0.299735E+001  0.238145E-006  0.147745E-006  0.147745E-006  0.798704E-007
  0.249941E+001  0.300136E+001  0.221672E-006  0.132581E-006  0.132581E-006  0.678318E-007
  0.250240E+001  0.300537E+001  0.205695E-006  0.118004E-006  0.118004E-006  0.565170E-007
