  0.261156E-002  0.470324E-001
  0.261156E-002  0.470324E-001
  0.317357E-002  0.520008E-001
  0.378408E-002  0.569633E-001
  0.444091E-002  0.619200E-001
  0.514218E-002  0.668706E-001
  0.588586E-002  0.718150E-001
  0.666995E-002  0.767531E-001
  0.749252E-002  0.816850E-001
  0.835167E-002  0.866106E-001
  0.924556E-002  0.915301E-001
  0.101724E-001  0.964434E-001
  0.111305E-001  0.101351E+000
  0.121183E-001  0.106252E+000
  0.131342E-001  0.111148E+000
  0.141768E-001  0.116038E+000
  0.152447E-001  0.120923E+000
  0.163367E-001  0.125802E+000
  0.174515E-001  0.130676E+000
  0.185880E-001  0.135545E+000
  0.197453E-001  0.140409E+000
  0.209222E-001  0.145269E+000
  0.221181E-001  0.150124E+000
  0.233319E-001  0.154974E+000
  0.245630E-001  0.159820E+000
  0.258106E-001  0.164662E+000
  0.270742E-001  0.169500E+000
  0.283530E-001  0.174334E+000
  0.296466E-001  0.179163E+000
  0.309544E-001  0.183989E+000
  0.322492E-001  0.188819E+000
  0.336108E-001  0.193630E+000
  0.349586E-001  0.198445E+000
  0.363190E-001  0.203256E+000
  0.376916E-001  0.208064E+000
  0.390760E-001  0.212868E+000
  0.404721E-001  0.217670E+000
  0.418795E-001  0.222467E+000
  0.432980E-001  0.227262E+000
  0.447274E-001  0.232053E+000
  0.461673E-001  0.236841E+000
  0.476177E-001  0.241627E+000
  0.490783E-001  0.246408E+000
  0.505490E-001  0.251187E+000
  0.520296E-001  0.255963E+000
  0.535199E-001  0.260736E+000
  0.550197E-001  0.265505E+000
  0.565290E-001  0.270272E+000
  0.580476E-001  0.275036E+000
  0.595753E-001  0.279797E+000
  0.611121E-001  0.284555E+000
  0.626578E-001  0.289310E+000
  0.642122E-001  0.294062E+000
  0.657754E-001  0.298812E+000
  0.673471E-001  0.303558E+000
  0.689273E-001  0.308302E+000
  0.705159E-001  0.313043E+000
  0.721127E-001  0.317781E+000
  0.737177E-001  0.322516E+000
  0.753307E-001  0.327249E+000
  0.769517E-001  0.331979E+000
  0.785806E-001  0.336706E+000
  0.802172E-001  0.341431E+000
  0.818616E-001  0.346153E+000
  0.835135E-001  0.350872E+000
  0.851730E-001  0.355588E+000
  0.868398E-001  0.360302E+000
  0.885140E-001  0.365014E+000
  0.901954E-001  0.369723E+000
  0.918840E-001  0.374429E+000
  0.935796E-001  0.379133E+000
  0.952823E-001  0.383834E+000
  0.969918E-001  0.388532E+000
  0.987081E-001  0.393229E+000
  0.100431E+000  0.397922E+000
  0.102161E+000  0.402614E+000
  0.103897E+000  0.407302E+000
  0.105640E+000  0.411989E+000
  0.107389E+000  0.416673E+000
  0.109145E+000  0.421355E+000
  0.110906E+000  0.426034E+000
  0.112674E+000  0.430711E+000
  0.114448E+000  0.435386E+000
  0.116228E+000  0.440058E+000
  0.118014E+000  0.444728E+000
  0.119806E+000  0.449396E+000
  0.121603E+000  0.454062E+000
  0.123406E+000  0.458726E+000
  0.125215E+000  0.463387E+000
  0.127030E+000  0.468046E+000
  0.128849E+000  0.472703E+000
  0.130675E+000  0.477358E+000
  0.132505E+000  0.482011E+000
  0.134341E+000  0.486662E+000
  0.136182E+000  0.491311E+000
  0.138028E+000  0.495957E+000
  0.139879E+000  0.500602E+000
  0.141735E+000  0.505245E+000
  0.143596E+000  0.509885E+000
  0.145462E+000  0.514524E+000
  0.147333E+000  0.519161E+000
  0.149208E+000  0.523796E+000
  0.151088E+000  0.528429E+000
  0.152973E+000  0.533060E+000
  0.154862E+000  0.537690E+000
  0.156755E+000  0.542317E+000
  0.158653E+000  0.546943E+000
  0.160555E+000  0.551567E+000
  0.162462E+000  0.556190E+000
  0.164373E+000  0.560810E+000
  0.166287E+000  0.565429E+000
  0.168206E+000  0.570046E+000
  0.170129E+000  0.574661E+000
  0.172056E+000  0.579275E+000
  0.173987E+000  0.583887E+000
  0.175922E+000  0.588498E+000
  0.177860E+000  0.593107E+000
  0.179803E+000  0.597714E+000
  0.181749E+000  0.602320E+000
  0.183698E+000  0.606924E+000
  0.185652E+000  0.611527E+000
  0.187608E+000  0.616128E+000
  0.189569E+000  0.620728E+000
  0.191532E+000  0.625326E+000
  0.193500E+000  0.629923E+000
  0.195470E+000  0.634518E+000
  0.197444E+000  0.639112E+000
  0.199421E+000  0.643704E+000
  0.201401E+000  0.648296E+000
  0.203385E+000  0.652885E+000
  0.205371E+000  0.657474E+000
  0.207361E+000  0.662061E+000
  0.209354E+000  0.666647E+000
  0.211349E+000  0.671231E+000
  0.213348E+000  0.675814E+000
  0.215350E+000  0.680396E+000
  0.217354E+000  0.684977E+000
  0.219361E+000  0.689556E+000
  0.221372E+000  0.694134E+000
  0.223384E+000  0.698711E+000
  0.225400E+000  0.703287E+000
  0.227418E+000  0.707861E+000
  0.229439E+000  0.712435E+000
  0.231463E+000  0.717007E+000
  0.233489E+000  0.721578E+000
  0.235518E+000  0.726148E+000
  0.237549E+000  0.730717E+000
  0.239582E+000  0.735285E+000
  0.241618E+000  0.739851E+000
  0.243657E+000  0.744417E+000
  0.245698E+000  0.748981E+000
  0.247741E+000  0.753545E+000
  0.249786E+000  0.758107E+000
  0.251834E+000  0.762669E+000
  0.253884E+000  0.767229E+000
  0.255936E+000  0.771789E+000
  0.257991E+000  0.776347E+000
  0.260048E+000  0.780905E+000
  0.262106E+000  0.785461E+000
  0.264167E+000  0.790017E+000
  0.266230E+000  0.794571E+000
  0.268295E+000  0.799125E+000
  0.270362E+000  0.803678E+000
  0.272431E+000  0.808229E+000
  0.274502E+000  0.812780E+000
  0.276575E+000  0.817330E+000
  0.278650E+000  0.821880E+000
  0.280727E+000  0.826428E+000
  0.282805E+000  0.830975E+000
  0.284886E+000  0.835522E+000
  0.286968E+000  0.840068E+000
  0.289052E+000  0.844613E+000
  0.291138E+000  0.849157E+000
  0.293226E+000  0.853700E+000
  0.295315E+000  0.858243E+000
  0.297406E+000  0.862784E+000
  0.299499E+000  0.867325E+000
  0.301593E+000  0.871866E+000
  0.303689E+000  0.876405E+000
  0.305787E+000  0.880944E+000
  0.307886E+000  0.885482E+000
  0.309987E+000  0.890019E+000
  0.312090E+000  0.894555E+000
  0.314194E+000  0.899091E+000
  0.316299E+000  0.903626E+000
  0.318406E+000  0.908160E+000
  0.320515E+000  0.912694E+000
  0.322625E+000  0.917227E+000
  0.324736E+000  0.921759E+000
  0.326849E+000  0.926291E+000
  0.328963E+000  0.930822E+000
  0.331079E+000  0.935352E+000
  0.333196E+000  0.939882E+000
  0.335315E+000  0.944411E+000
  0.337434E+000  0.948939E+000
  0.339555E+000  0.953467E+000
  0.341678E+000  0.957994E+000
  0.343802E+000  0.962521E+000
  0.345927E+000  0.967047E+000
  0.348053E+000  0.971572E+000
  0.350180E+000  0.976097E+000
  0.352309E+000  0.980621E+000
  0.354439E+000  0.985145E+000
  0.356570E+000  0.989668E+000
  0.358703E+000  0.994190E+000
  0.360836E+000  0.998712E+000
  0.362971E+000  0.100323E+001
  0.365107E+000  0.100775E+001
  0.367244E+000  0.101227E+001
  0.369382E+000  0.101679E+001
  0.371521E+000  0.102131E+001
  0.373661E+000  0.102583E+001
  0.375803E+000  0.103035E+001
  0.377945E+000  0.103487E+001
  0.380089E+000  0.103939E+001
  0.382233E+000  0.104390E+001
  0.384379E+000  0.104842E+001
  0.386525E+000  0.105293E+001
  0.388673E+000  0.105745E+001
  0.390821E+000  0.106196E+001
  0.392971E+000  0.106648E+001
  0.395121E+000  0.107099E+001
  0.397273E+000  0.107551E+001
  0.399425E+000  0.108002E+001
  0.401579E+000  0.108453E+001
  0.403733E+000  0.108904E+001
  0.405888E+000  0.109356E+001
  0.408044E+000  0.109807E+001
  0.410201E+000  0.110258E+001
  0.412358E+000  0.110709E+001
  0.414517E+000  0.111160E+001
  0.416676E+000  0.111611E+001
  0.418837E+000  0.112062E+001
  0.420998E+000  0.112513E+001
  0.423160E+000  0.112964E+001
  0.425322E+000  0.113414E+001
  0.427486E+000  0.113865E+001
  0.429650E+000  0.114316E+001
  0.431815E+000  0.114767E+001
  0.433981E+000  0.115217E+001
  0.436147E+000  0.115668E+001
  0.438315E+000  0.116118E+001
  0.440483E+000  0.116569E+001
  0.442651E+000  0.117019E+001
  0.444821E+000  0.117470E+001
  0.446991E+000  0.117920E+001
  0.449162E+000  0.118371E+001
  0.451333E+000  0.118821E+001
  0.453505E+000  0.119272E+001
  0.455678E+000  0.119722E+001
  0.457851E+000  0.120172E+001
  0.460025E+000  0.120622E+001
  0.462200E+000  0.121073E+001
  0.464376E+000  0.121523E+001
  0.466551E+000  0.121973E+001
  0.468728E+000  0.122423E+001
  0.470905E+000  0.122873E+001
  0.473083E+000  0.123323E+001
  0.475261E+000  0.123773E+001
  0.477440E+000  0.124223E+001
  0.479620E+000  0.124673E+001
  0.481799E+000  0.125123E+001
  0.483980E+000  0.125573E+001
  0.486161E+000  0.126023E+001
  0.488343E+000  0.126473E+001
  0.490525E+000  0.126923E+001
  0.492707E+000  0.127373E+001
  0.494890E+000  0.127823E+001
  0.497074E+000  0.128273E+001
  0.499258E+000  0.128722E+001
  0.501443E+000  0.129172E+001
  0.503628E+000  0.129622E+001
  0.505813E+000  0.130071E+001
  0.507999E+000  0.130521E+001
  0.510186E+000  0.130971E+001
  0.512372E+000  0.131420E+001
  0.514560E+000  0.131870E+001
  0.516747E+000  0.132320E+001
  0.518935E+000  0.132769E+001
  0.521124E+000  0.133219E+001
  0.523313E+000  0.133668E+001
  0.525502E+000  0.134118E+001
  0.527692E+000  0.134567E+001
  0.529882E+000  0.135017E+001
  0.532072E+000  0.135466E+001
  0.534263E+000  0.135916E+001
  0.536454E+000  0.136365E+001
  0.538645E+000  0.136815E+001
  0.540837E+000  0.137264E+001
  0.543029E+000  0.137713E+001
  0.545222E+000  0.138163E+001
  0.547414E+000  0.138612E+001
  0.549607E+000  0.139062E+001
  0.551801E+000  0.139511E+001
  0.553994E+000  0.139960E+001
  0.556188E+000  0.140409E+001
  0.558383E+000  0.140859E+001
  0.560577E+000  0.141308E+001
  0.562772E+000  0.141757E+001
  0.564967E+000  0.142206E+001
  0.567162E+000  0.142656E+001
  0.569358E+000  0.143105E+001
  0.571554E+000  0.143554E+001
  0.573750E+000  0.144003E+001
  0.575946E+000  0.144453E+001
  0.578142E+000  0.144902E+001
  0.580339E+000  0.145351E+001
  0.582536E+000  0.145800E+001
  0.584733E+000  0.146249E+001
  0.586931E+000  0.146698E+001
  0.589128E+000  0.147147E+001
  0.591326E+000  0.147596E+001
  0.593524E+000  0.148046E+001
  0.595722E+000  0.148495E+001
  0.597920E+000  0.148944E+001
  0.600118E+000  0.149393E+001
  0.602317E+000  0.149842E+001
  0.604515E+000  0.150291E+001
  0.606714E+000  0.150740E+001
  0.608913E+000  0.151189E+001
  0.611112E+000  0.151638E+001
  0.613311E+000  0.152087E+001
  0.615511E+000  0.152536E+001
  0.617710E+000  0.152985E+001
  0.619910E+000  0.153434E+001
  0.622109E+000  0.153883E+001
  0.624309E+000  0.154332E+001
  0.626509E+000  0.154781E+001
  0.628709E+000  0.155230E+001
  0.630909E+000  0.155679E+001
  0.633109E+000  0.156128E+001
  0.635309E+000  0.156577E+001
  0.637509E+000  0.157026E+001
  0.639709E+000  0.157475E+001
  0.641910E+000  0.157924E+001
  0.644110E+000  0.158373E+001
  0.646310E+000  0.158822E+001
  0.648511E+000  0.159271E+001
  0.650711E+000  0.159720E+001
  0.652912E+000  0.160169E+001
  0.655112E+000  0.160618E+001
  0.657313E+000  0.161067E+001
  0.659513E+000  0.161516E+001
  0.661714E+000  0.161965E+001
  0.663914E+000  0.162414E+001
  0.666115E+000  0.162863E+001
  0.668315E+000  0.163312E+001
  0.670516E+000  0.163761E+001
  0.672716E+000  0.164210E+001
  0.674916E+000  0.164659E+001
  0.677117E+000  0.165108E+001
  0.679317E+000  0.165557E+001
  0.681517E+000  0.166006E+001
  0.683718E+000  0.166455E+001
  0.685918E+000  0.166904E+001
  0.688118E+000  0.167353E+001
  0.690318E+000  0.167802E+001
  0.692518E+000  0.168251E+001
  0.694718E+000  0.168700E+001
  0.696917E+000  0.169149E+001
  0.699117E+000  0.169598E+001
  0.701317E+000  0.170047E+001
  0.703516E+000  0.170496E+001
  0.705716E+000  0.170945E+001
  0.707915E+000  0.171394E+001
  0.710114E+000  0.171843E+001
  0.712313E+000  0.172292E+001
  0.714512E+000  0.172741E+001
  0.716711E+000  0.173190E+001
  0.718910E+000  0.173639E+001
  0.721108E+000  0.174088E+001
  0.723307E+000  0.174537E+001
  0.725505E+000  0.174986E+001
  0.727703E+000  0.175436E+001
  0.729901E+000  0.175885E+001
  0.732099E+000  0.176334E+001
  0.734297E+000  0.176783E+001
  0.736494E+000  0.177232E+001
  0.738692E+000  0.177681E+001
  0.740889E+000  0.178130E+001
  0.743086E+000  0.178579E+001
  0.745283E+000  0.179029E+001
  0.747479E+000  0.179478E+001
  0.749676E+000  0.179927E+001
  0.751872E+000  0.180376E+001
  0.754068E+000  0.180825E+001
  0.756263E+000  0.181274E+001
  0.758459E+000  0.181724E+001
  0.760654E+000  0.182173E+001
  0.762850E+000  0.182622E+001
  0.765044E+000  0.183071E+001
  0.767239E+000  0.183521E+001
  0.769434E+000  0.183970E+001
  0.771628E+000  0.184419E+001
  0.773822E+000  0.184868E+001
  0.776015E+000  0.185318E+001
  0.778209E+000  0.185767E+001
  0.780402E+000  0.186216E+001
  0.782595E+000  0.186666E+001
  0.784788E+000  0.187115E+001
  0.786980E+000  0.187565E+001
  0.789172E+000  0.188014E+001
  0.791364E+000  0.188463E+001
  0.793555E+000  0.188913E+001
  0.795747E+000  0.189362E+001
  0.797938E+000  0.189812E+001
  0.800128E+000  0.190261E+001
  0.802319E+000  0.190711E+001
  0.804509E+000  0.191160E+001
  0.806699E+000  0.191609E+001
  0.808888E+000  0.192059E+001
  0.811077E+000  0.192509E+001
  0.813266E+000  0.192958E+001
  0.815454E+000  0.193408E+001
  0.817643E+000  0.193857E+001
  0.819830E+000  0.194307E+001
  0.822018E+000  0.194756E+001
  0.824205E+000  0.195206E+001
  0.826392E+000  0.195656E+001
  0.828578E+000  0.196105E+001
  0.830765E+000  0.196555E+001
  0.832950E+000  0.197005E+001
  0.835136E+000  0.197454E+001
  0.837321E+000  0.197904E+001
  0.839505E+000  0.198354E+001
  0.841690E+000  0.198804E+001
  0.843874E+000  0.199253E+001
  0.846057E+000  0.199703E+001
  0.848240E+000  0.200153E+001
  0.850423E+000  0.200603E+001
  0.852606E+000  0.201053E+001
  0.854788E+000  0.201503E+001
  0.856969E+000  0.201953E+001
  0.859151E+000  0.202402E+001
  0.861331E+000  0.202852E+001
  0.863512E+000  0.203302E+001
  0.865692E+000  0.203752E+001
  0.867871E+000  0.204202E+001
  0.870051E+000  0.204652E+001
  0.872229E+000  0.205102E+001
  0.874408E+000  0.205552E+001
  0.876586E+000  0.206002E+001
  0.878763E+000  0.206453E+001
  0.880940E+000  0.206903E+001
  0.883117E+000  0.207353E+001
  0.885293E+000  0.207803E+001
  0.887469E+000  0.208253E+001
  0.889644E+000  0.208703E+001
  0.891819E+000  0.209154E+001
  0.893994E+000  0.209604E+001
  0.896168E+000  0.210054E+001
  0.898341E+000  0.210504E+001
  0.900514E+000  0.210955E+001
  0.902687E+000  0.211405E+001
  0.904859E+000  0.211855E+001
  0.907031E+000  0.212306E+001
  0.909202E+000  0.212756E+001
  0.911373E+000  0.213207E+001
  0.913543E+000  0.213657E+001
  0.915713E+000  0.214107E+001
  0.917882E+000  0.214558E+001
  0.920051E+000  0.215008E+001
  0.922219E+000  0.215459E+001
  0.924387E+000  0.215910E+001
  0.926555E+000  0.216360E+001
  0.928721E+000  0.216811E+001
  0.930888E+000  0.217261E+001
  0.933054E+000  0.217712E+001
  0.935219E+000  0.218163E+001
  0.937384E+000  0.218613E+001
  0.939549E+000  0.219064E+001
  0.941713E+000  0.219515E+001
  0.943876E+000  0.219966E+001
  0.946039E+000  0.220416E+001
  0.948201E+000  0.220867E+001
  0.950363E+000  0.221318E+001
  0.952525E+000  0.221769E+001
  0.954686E+000  0.222220E+001
  0.956846E+000  0.222671E+001
  0.959006E+000  0.223122E+001
  0.961165E+000  0.223573E+001
  0.963324E+000  0.224024E+001
  0.965482E+000  0.224475E+001
  0.967640E+000  0.224926E+001
  0.969798E+000  0.225377E+001
  0.971954E+000  0.225828E+001
  0.974111E+000  0.226279E+001
  0.976266E+000  0.226730E+001
  0.978422E+000  0.227181E+001
  0.980576E+000  0.227633E+001
  0.982730E+000  0.228084E+001
  0.984884E+000  0.228535E+001
  0.987037E+000  0.228986E+001
  0.989190E+000  0.229438E+001
  0.991342E+000  0.229889E+001
  0.993493E+000  0.230340E+001
  0.995644E+000  0.230792E+001
  0.997795E+000  0.231243E+001
  0.999944E+000  0.231694E+001
  0.100209E+001  0.232146E+001
  0.100424E+001  0.232597E+001
  0.100639E+001  0.233049E+001
  0.100854E+001  0.233500E+001
  0.101069E+001  0.233952E+001
  0.101283E+001  0.234403E+001
  0.101498E+001  0.234855E+001
  0.101712E+001  0.235307E+001
  0.101927E+001  0.235758E+001
  0.102141E+001  0.236210E+001
  0.102356E+001  0.236662E+001
  0.102570E+001  0.237113E+001
  0.102784E+001  0.237565E+001
  0.102999E+001  0.238017E+001
  0.103213E+001  0.238469E+001
  0.103427E+001  0.238921E+001
  0.103641E+001  0.239372E+001
  0.103855E+001  0.239824E+001
  0.104069E+001  0.240276E+001
  0.104283E+001  0.240728E+001
  0.104497E+001  0.241180E+001
  0.104711E+001  0.241632E+001
  0.104924E+001  0.242084E+001
  0.105138E+001  0.242536E+001
  0.105352E+001  0.242988E+001
  0.105565E+001  0.243440E+001
  0.105779E+001  0.243892E+001
  0.105992E+001  0.244344E+001
  0.106206E+001  0.244797E+001
  0.106419E+001  0.245249E+001
  0.106633E+001  0.245701E+001
  0.106846E+001  0.246153E+001
  0.107059E+001  0.246605E+001
  0.107272E+001  0.247058E+001
  0.107485E+001  0.247510E+001
  0.107699E+001  0.247962E+001
  0.107912E+001  0.248415E+001
  0.108124E+001  0.248867E+001
  0.108337E+001  0.249319E+001
  0.108550E+001  0.249772E+001
  0.108763E+001  0.250224E+001
  0.108976E+001  0.250677E+001
  0.109189E+001  0.251129E+001
  0.109401E+001  0.251582E+001
  0.109614E+001  0.252034E+001
  0.109826E+001  0.252487E+001
  0.110039E+001  0.252940E+001
  0.110251E+001  0.253392E+001
  0.110464E+001  0.253845E+001
  0.110676E+001  0.254297E+001
  0.110888E+001  0.254750E+001
  0.111101E+001  0.255203E+001
  0.111313E+001  0.255656E+001
  0.111525E+001  0.256108E+001
  0.111737E+001  0.256561E+001
  0.111949E+001  0.257014E+001
  0.112161E+001  0.257467E+001
  0.112373E+001  0.257920E+001
  0.112585E+001  0.258372E+001
  0.112797E+001  0.258825E+001
  0.113009E+001  0.259278E+001
  0.113221E+001  0.259731E+001
  0.113432E+001  0.260184E+001
  0.113644E+001  0.260637E+001
  0.113856E+001  0.261090E+001
  0.114067E+001  0.261543E+001
  0.114279E+001  0.261996E+001
  0.114490E+001  0.262449E+001
  0.114702E+001  0.262902E+001
  0.114913E+001  0.263356E+001
  0.115124E+001  0.263809E+001
  0.115336E+001  0.264262E+001
  0.115547E+001  0.264715E+001
  0.115758E+001  0.265168E+001
  0.115969E+001  0.265622E+001
  0.116180E+001  0.266075E+001
  0.116391E+001  0.266528E+001
  0.116602E+001  0.266981E+001
  0.116813E+001  0.267435E+001
  0.117024E+001  0.267888E+001
  0.117235E+001  0.268341E+001
  0.117446E+001  0.268795E+001
  0.117657E+001  0.269248E+001
  0.117867E+001  0.269702E+001
  0.118078E+001  0.270155E+001
  0.118289E+001  0.270608E+001
  0.118499E+001  0.271062E+001
  0.118710E+001  0.271515E+001
  0.118920E+001  0.271969E+001
  0.119131E+001  0.272422E+001
  0.119341E+001  0.272876E+001
  0.119552E+001  0.273330E+001
  0.119762E+001  0.273783E+001
  0.119972E+001  0.274237E+001
  0.120183E+001  0.274690E+001
  0.120393E+001  0.275144E+001
  0.120603E+001  0.275598E+001
  0.120813E+001  0.276051E+001
  0.121023E+001  0.276505E+001
  0.121233E+001  0.276959E+001
  0.121443E+001  0.277413E+001
  0.121653E+001  0.277866E+001
  0.121863E+001  0.278320E+001
  0.122073E+001  0.278774E+001
  0.122283E+001  0.279228E+001
  0.122493E+001  0.279682E+001
  0.122703E+001  0.280136E+001
  0.122912E+001  0.280590E+001
  0.123122E+001  0.281043E+001
  0.123332E+001  0.281497E+001
  0.123541E+001  0.281951E+001
  0.123751E+001  0.282405E+001
  0.123960E+001  0.282859E+001
  0.124170E+001  0.283313E+001
  0.124379E+001  0.283767E+001
  0.124589E+001  0.284221E+001
  0.124798E+001  0.284675E+001
  0.125008E+001  0.285129E+001
  0.125217E+001  0.285583E+001
  0.125426E+001  0.286038E+001
  0.125635E+001  0.286492E+001
  0.125845E+001  0.286946E+001
  0.126054E+001  0.287400E+001
  0.126263E+001  0.287854E+001
  0.126472E+001  0.288308E+001
  0.126681E+001  0.288762E+001
  0.126890E+001  0.289217E+001
  0.127099E+001  0.289671E+001
  0.127308E+001  0.290125E+001
  0.127517E+001  0.290579E+001
  0.127726E+001  0.291034E+001
  0.127935E+001  0.291488E+001
  0.128143E+001  0.291942E+001
  0.128352E+001  0.292397E+001
  0.128561E+001  0.292851E+001
  0.128770E+001  0.293305E+001
  0.128978E+001  0.293760E+001
  0.129187E+001  0.294214E+001
  0.129395E+001  0.294669E+001
  0.129604E+001  0.295123E+001
  0.129813E+001  0.295577E+001
  0.130021E+001  0.296032E+001
  0.130230E+001  0.296486E+001
  0.130438E+001  0.296941E+001
  0.130646E+001  0.297395E+001
  0.130855E+001  0.297850E+001
  0.131063E+001  0.298304E+001
  0.131271E+001  0.298759E+001
  0.131480E+001  0.299213E+001
  0.131688E+001  0.299668E+001
  0.131896E+001  0.300123E+001
  0.132104E+001  0.300577E+001
  0.132312E+001  0.301032E+001
  0.132520E+001  0.301487E+001
  0.132729E+001  0.301941E+001
  0.132937E+001  0.302396E+001
  0.133145E+001  0.302850E+001
  0.133353E+001  0.303305E+001
  0.133561E+001  0.303760E+001
  0.133768E+001  0.304215E+001
  0.133976E+001  0.304669E+001
  0.134184E+001  0.305124E+001
  0.134392E+001  0.305579E+001
  0.134600E+001  0.306034E+001
  0.134808E+001  0.306488E+001
  0.135015E+001  0.306943E+001
  0.135223E+001  0.307398E+001
  0.135431E+001  0.307853E+001
  0.135638E+001  0.308308E+001
  0.135846E+001  0.308763E+001
  0.136054E+001  0.309217E+001
  0.136261E+001  0.309672E+001
  0.136469E+001  0.310127E+001
  0.136676E+001  0.310582E+001
  0.136884E+001  0.311037E+001
  0.137091E+001  0.311492E+001
  0.137299E+001  0.311947E+001
  0.137506E+001  0.312402E+001
  0.137713E+001  0.312857E+001
  0.137921E+001  0.313312E+001
  0.138128E+001  0.313767E+001
  0.138335E+001  0.314222E+001
  0.138543E+001  0.314677E+001
  0.138750E+001  0.315132E+001
  0.138957E+001  0.315587E+001
  0.139164E+001  0.316042E+001
  0.139371E+001  0.316497E+001
  0.139578E+001  0.316952E+001
  0.139786E+001  0.317407E+001
  0.139993E+001  0.317862E+001
  0.140200E+001  0.318317E+001
  0.140407E+001  0.318773E+001
  0.140614E+001  0.319228E+001
  0.140821E+001  0.319683E+001
  0.141028E+001  0.320138E+001
  0.141234E+001  0.320593E+001
  0.141441E+001  0.321048E+001
  0.141648E+001  0.321504E+001
  0.141855E+001  0.321959E+001
  0.142062E+001  0.322414E+001
  0.142269E+001  0.322869E+001
  0.142475E+001  0.323324E+001
  0.142682E+001  0.323780E+001
  0.142889E+001  0.324235E+001
  0.143096E+001  0.324690E+001
  0.143302E+001  0.325146E+001
  0.143509E+001  0.325601E+001
  0.143716E+001  0.326056E+001
  0.143922E+001  0.326511E+001
  0.144129E+001  0.326967E+001
  0.144335E+001  0.327422E+001
  0.144542E+001  0.327878E+001
  0.144748E+001  0.328333E+001
  0.144955E+001  0.328788E+001
  0.145161E+001  0.329244E+001
  0.145368E+001  0.329699E+001
  0.145574E+001  0.330154E+001
  0.145781E+001  0.330610E+001
  0.145987E+001  0.331065E+001
  0.146193E+001  0.331521E+001
  0.146400E+001  0.331976E+001
  0.146606E+001  0.332432E+001
  0.146812E+001  0.332887E+001
  0.147018E+001  0.333343E+001
  0.147225E+001  0.333798E+001
  0.147431E+001  0.334254E+001
  0.147637E+001  0.334709E+001
  0.147843E+001  0.335165E+001
  0.148049E+001  0.335620E+001
  0.148255E+001  0.336076E+001
  0.148462E+001  0.336531E+001
  0.148668E+001  0.336987E+001
  0.148874E+001  0.337442E+001
  0.149080E+001  0.337898E+001
  0.149286E+001  0.338353E+001
  0.149492E+001  0.338809E+001
  0.149698E+001  0.339265E+001
  0.149904E+001  0.339720E+001
  0.150110E+001  0.340176E+001
