  0.202003E+001  0.932505E-001
  0.202003E+001  0.932505E-001
  0.202007E+001  0.982504E-001
  0.202010E+001  0.103250E+000
  0.202014E+001  0.108250E+000
  0.202018E+001  0.113250E+000
  0.202023E+001  0.118250E+000
  0.202027E+001  0.123250E+000
  0.202031E+001  0.128249E+000
  0.202036E+001  0.133249E+000
  0.202041E+001  0.138249E+000
  0.202046E+001  0.143249E+000
  0.202052E+001  0.148248E+000
  0.202057E+001  0.153248E+000
  0.202063E+001  0.158248E+000
  0.202069E+001  0.163247E+000
  0.202075E+001  0.168247E+000
  0.202081E+001  0.173247E+000
  0.202088E+001  0.178246E+000
  0.202094E+001  0.183246E+000
  0.202101E+001  0.188245E+000
  0.202108E+001  0.193245E+000
  0.202115E+001  0.198244E+000
  0.202123E+001  0.203244E+000
  0.202130E+001  0.208243E+000
  0.202138E+001  0.213242E+000
  0.202146E+001  0.218242E+000
  0.202154E+001  0.223241E+000
  0.202163E+001  0.228240E+000
  0.202171E+001  0.233240E+000
  0.202180E+001  0.238239E+000
  0.202189E+001  0.243238E+000
  0.202198E+001  0.248237E+000
  0.202208E+001  0.253236E+000
  0.202217E+001  0.258236E+000
  0.202227E+001  0.263235E+000
  0.202237E+001  0.268234E+000
  0.202247E+001  0.273233E+000
  0.202258E+001  0.278231E+000
  0.202268E+001  0.283230E+000
  0.202279E+001  0.288229E+000
  0.202290E+001  0.293228E+000
  0.202301E+001  0.298227E+000
  0.202313E+001  0.303225E+000
  0.202325E+001  0.308224E+000
  0.202336E+001  0.313223E+000
  0.202348E+001  0.318221E+000
  0.202361E+001  0.323220E+000
  0.202373E+001  0.328218E+000
  0.202386E+001  0.333216E+000
  0.202399E+001  0.338215E+000
  0.202412E+001  0.343213E+000
  0.202425E+001  0.348211E+000
  0.202439E+001  0.353209E+000
  0.202453E+001  0.358208E+000
  0.202467E+001  0.363206E+000
  0.202481E+001  0.368204E+000
  0.202495E+001  0.373201E+000
  0.202510E+001  0.378199E+000
  0.202525E+001  0.383197E+000
  0.202540E+001  0.388195E+000
  0.202556E+001  0.393192E+000
  0.202571E+001  0.398190E+000
  0.202587E+001  0.403187E+000
  0.202603E+001  0.408185E+000
  0.202619E+001  0.413182E+000
  0.202636E+001  0.418180E+000
  0.202653E+001  0.423177E+000
  0.202670E+001  0.428174E+000
  0.202687E+001  0.433171E+000
  0.202704E+001  0.438168E+000
  0.202722E+001  0.443165E+000
  0.202740E+001  0.448161E+000
  0.202758E+001  0.453158E+000
  0.202777E+001  0.458155E+000
  0.202795E+001  0.463151E+000
  0.202814E+001  0.468148E+000
  0.202833E+001  0.473144E+000
  0.202853E+001  0.478140E+000
  0.202872E+001  0.483136E+000
  0.202892E+001  0.488132E+000
  0.202913E+001  0.493128E+000
  0.202933E+001  0.498124E+000
  0.202954E+001  0.503120E+000
  0.202975E+001  0.508115E+000
  0.202996E+001  0.513111E+000
  0.203017E+001  0.518106E+000
  0.203039E+001  0.523102E+000
  0.203061E+001  0.528097E+000
  0.203083E+001  0.533092E+000
  0.203106E+001  0.538087E+000
  0.203129E+001  0.543081E+000
  0.203152E+001  0.548076E+000
  0.203175E+001  0.553071E+000
  0.203199E+001  0.558065E+000
  0.203223E+001  0.563059E+000
  0.203247E+001  0.568054E+000
  0.203271E+001  0.573048E+000
  0.203296E+001  0.578041E+000
  0.203321E+001  0.583035E+000
  0.203346E+001  0.588029E+000
  0.203372E+001  0.593022E+000
  0.203398E+001  0.598016E+000
  0.203424E+001  0.603009E+000
  0.203450E+001  0.608002E+000
  0.203477E+001  0.612994E+000
  0.203504E+001  0.617987E+000
  0.203532E+001  0.622980E+000
  0.203559E+001  0.627972E+000
  0.203587E+001  0.632964E+000
  0.203615E+001  0.637956E+000
  0.203644E+001  0.642948E+000
  0.203673E+001  0.647940E+000
  0.203702E+001  0.652931E+000
  0.203731E+001  0.657923E+000
  0.203761E+001  0.662914E+000
  0.203791E+001  0.667905E+000
  0.203822E+001  0.672895E+000
  0.203853E+001  0.677886E+000
  0.203884E+001  0.682876E+000
  0.203915E+001  0.687866E+000
  0.203947E+001  0.692856E+000
  0.203979E+001  0.697846E+000
  0.204011E+001  0.702835E+000
  0.204044E+001  0.707825E+000
  0.204077E+001  0.712814E+000
  0.204110E+001  0.717803E+000
  0.204144E+001  0.722791E+000
  0.204178E+001  0.727780E+000
  0.204213E+001  0.732768E+000
  0.204247E+001  0.737756E+000
  0.204283E+001  0.742743E+000
  0.204318E+001  0.747731E+000
  0.204354E+001  0.752718E+000
  0.204390E+001  0.757705E+000
  0.204427E+001  0.762691E+000
  0.204464E+001  0.767678E+000
  0.204501E+001  0.772664E+000
  0.204539E+001  0.777649E+000
  0.204577E+001  0.782635E+000
  0.204615E+001  0.787620E+000
  0.204654E+001  0.792605E+000
  0.204693E+001  0.797589E+000
  0.204733E+001  0.802574E+000
  0.204773E+001  0.807558E+000
  0.204814E+001  0.812541E+000
  0.204855E+001  0.817524E+000
  0.204896E+001  0.822507E+000
  0.204938E+001  0.827490E+000
  0.204980E+001  0.832472E+000
  0.205022E+001  0.837454E+000
  0.205065E+001  0.842435E+000
  0.205109E+001  0.847416E+000
  0.205153E+001  0.852397E+000
  0.205197E+001  0.857377E+000
  0.205242E+001  0.862357E+000
  0.205288E+001  0.867336E+000
  0.205334E+001  0.872315E+000
  0.205380E+001  0.877293E+000
  0.205427E+001  0.882271E+000
  0.205475E+001  0.887248E+000
  0.205523E+001  0.892225E+000
  0.205572E+001  0.897201E+000
  0.205621E+001  0.902177E+000
  0.205672E+001  0.907152E+000
  0.205722E+001  0.912126E+000
  0.205774E+001  0.917099E+000
  0.205826E+001  0.922072E+000
  0.205879E+001  0.927043E+000
  0.205933E+001  0.932014E+000
  0.205988E+001  0.936984E+000
  0.206044E+001  0.941952E+000
  0.206101E+001  0.946920E+000
  0.206160E+001  0.951885E+000
  0.206219E+001  0.956850E+000
  0.206281E+001  0.961812E+000
  0.206344E+001  0.966772E+000
  0.206409E+001  0.971729E+000
  0.206476E+001  0.976684E+000
  0.206546E+001  0.981634E+000
  0.206620E+001  0.986581E+000
  0.206697E+001  0.991521E+000
  0.206778E+001  0.996454E+000
  0.206865E+001  0.100138E+001
  0.206957E+001  0.100629E+001
  0.207057E+001  0.101119E+001
  0.207166E+001  0.101607E+001
  0.207283E+001  0.102093E+001
  0.207411E+001  0.102577E+001
  0.207549E+001  0.103057E+001
  0.207698E+001  0.103535E+001
  0.207856E+001  0.104009E+001
  0.208023E+001  0.104480E+001
  0.208197E+001  0.104949E+001
  0.208378E+001  0.105415E+001
  0.208564E+001  0.105879E+001
  0.208756E+001  0.106341E+001
  0.208951E+001  0.106801E+001
  0.209149E+001  0.107260E+001
  0.209350E+001  0.107718E+001
  0.209553E+001  0.108175E+001
  0.209759E+001  0.108631E+001
  0.209966E+001  0.109086E+001
  0.210174E+001  0.109540E+001
  0.210384E+001  0.109994E+001
  0.210595E+001  0.110447E+001
  0.210807E+001  0.110900E+001
  0.211021E+001  0.111352E+001
  0.211235E+001  0.111804E+001
  0.211449E+001  0.112256E+001
  0.211665E+001  0.112707E+001
  0.211881E+001  0.113158E+001
  0.212098E+001  0.113608E+001
  0.212315E+001  0.114059E+001
  0.212533E+001  0.114509E+001
  0.212752E+001  0.114958E+001
  0.212971E+001  0.115408E+001
  0.213191E+001  0.115857E+001
  0.213410E+001  0.116306E+001
  0.213631E+001  0.116755E+001
  0.213852E+001  0.117203E+001
  0.214073E+001  0.117652E+001
  0.214295E+001  0.118100E+001
  0.214517E+001  0.118548E+001
  0.214739E+001  0.118996E+001
  0.214962E+001  0.119443E+001
  0.215185E+001  0.119891E+001
  0.215408E+001  0.120338E+001
  0.215632E+001  0.120785E+001
  0.215856E+001  0.121232E+001
  0.216080E+001  0.121679E+001
  0.216305E+001  0.122126E+001
  0.216530E+001  0.122572E+001
  0.216755E+001  0.123019E+001
  0.216981E+001  0.123465E+001
  0.217207E+001  0.123911E+001
  0.217433E+001  0.124357E+001
  0.217659E+001  0.124803E+001
  0.217886E+001  0.125248E+001
  0.218113E+001  0.125694E+001
  0.218340E+001  0.126139E+001
  0.218568E+001  0.126585E+001
  0.218795E+001  0.127030E+001
  0.219023E+001  0.127475E+001
  0.219252E+001  0.127920E+001
  0.219480E+001  0.128364E+001
  0.219709E+001  0.128809E+001
  0.219938E+001  0.129254E+001
  0.220167E+001  0.129698E+001
  0.220396E+001  0.130142E+001
  0.220626E+001  0.130586E+001
  0.220856E+001  0.131030E+001
  0.221086E+001  0.131474E+001
  0.221316E+001  0.131918E+001
  0.221546E+001  0.132362E+001
  0.221777E+001  0.132806E+001
  0.222008E+001  0.133249E+001
  0.222239E+001  0.133692E+001
  0.222470E+001  0.134136E+001
  0.222702E+001  0.134579E+001
  0.222934E+001  0.135022E+001
  0.223166E+001  0.135465E+001
  0.223398E+001  0.135908E+001
  0.223630E+001  0.136350E+001
  0.223862E+001  0.136793E+001
  0.224095E+001  0.137236E+001
  0.224328E+001  0.137678E+001
  0.224561E+001  0.138121E+001
  0.224794E+001  0.138563E+001
  0.225028E+001  0.139005E+001
  0.225261E+001  0.139447E+001
  0.225495E+001  0.139889E+001
  0.225729E+001  0.140331E+001
  0.225963E+001  0.140773E+001
  0.226198E+001  0.141214E+001
  0.226432E+001  0.141656E+001
  0.226667E+001  0.142097E+001
  0.226902E+001  0.142539E+001
  0.227137E+001  0.142980E+001
  0.227372E+001  0.143422E+001
  0.227607E+001  0.143863E+001
  0.227842E+001  0.144304E+001
  0.228078E+001  0.144745E+001
  0.228314E+001  0.145186E+001
  0.228550E+001  0.145626E+001
  0.228786E+001  0.146067E+001
  0.229022E+001  0.146508E+001
  0.229259E+001  0.146948E+001
  0.229495E+001  0.147389E+001
  0.229732E+001  0.147829E+001
  0.229969E+001  0.148270E+001
  0.230206E+001  0.148710E+001
  0.230443E+001  0.149150E+001
  0.230681E+001  0.149590E+001
  0.230918E+001  0.150030E+001
  0.231156E+001  0.150470E+001
  0.231394E+001  0.150910E+001
  0.231632E+001  0.151349E+001
  0.231870E+001  0.151789E+001
  0.232108E+001  0.152229E+001
  0.232346E+001  0.152668E+001
  0.232585E+001  0.153108E+001
  0.232823E+001  0.153547E+001
  0.233062E+001  0.153986E+001
  0.233301E+001  0.154426E+001
  0.233540E+001  0.154865E+001
  0.233779E+001  0.155304E+001
  0.234019E+001  0.155743E+001
  0.234258E+001  0.156182E+001
  0.234498E+001  0.156621E+001
  0.234737E+001  0.157059E+001
  0.234977E+001  0.157498E+001
  0.235217E+001  0.157937E+001
  0.235457E+001  0.158375E+001
  0.235698E+001  0.158814E+001
  0.235938E+001  0.159252E+001
  0.236178E+001  0.159691E+001
  0.236419E+001  0.160129E+001
  0.236660E+001  0.160567E+001
  0.236901E+001  0.161005E+001
  0.237141E+001  0.161444E+001
  0.237383E+001  0.161882E+001
  0.237624E+001  0.162320E+001
  0.237865E+001  0.162757E+001
  0.238107E+001  0.163195E+001
  0.238348E+001  0.163633E+001
  0.238590E+001  0.164071E+001
  0.238832E+001  0.164508E+001
  0.239074E+001  0.164946E+001
  0.239316E+001  0.165384E+001
  0.239558E+001  0.165821E+001
  0.239800E+001  0.166258E+001
  0.240042E+001  0.166696E+001
  0.240285E+001  0.167133E+001
  0.240527E+001  0.167570E+001
  0.240770E+001  0.168007E+001
  0.241013E+001  0.168444E+001
  0.241256E+001  0.168881E+001
  0.241499E+001  0.169318E+001
  0.241742E+001  0.169755E+001
  0.241985E+001  0.170192E+001
  0.242229E+001  0.170629E+001
  0.242472E+001  0.171066E+001
  0.242716E+001  0.171502E+001
  0.242959E+001  0.171939E+001
  0.243203E+001  0.172375E+001
  0.243447E+001  0.172812E+001
  0.243691E+001  0.173248E+001
  0.243935E+001  0.173685E+001
  0.244179E+001  0.174121E+001
  0.244423E+001  0.174557E+001
  0.244668E+001  0.174994E+001
  0.244912E+001  0.175430E+001
  0.245157E+001  0.175866E+001
  0.245402E+001  0.176302E+001
  0.245646E+001  0.176738E+001
  0.245891E+001  0.177174E+001
  0.246136E+001  0.177610E+001
  0.246381E+001  0.178045E+001
  0.246626E+001  0.178481E+001
  0.246872E+001  0.178917E+001
  0.247117E+001  0.179353E+001
  0.247362E+001  0.179788E+001
  0.247608E+001  0.180224E+001
  0.247854E+001  0.180659E+001
  0.248099E+001  0.181095E+001
  0.248345E+001  0.181530E+001
  0.248591E+001  0.181966E+001
  0.248837E+001  0.182401E+001
  0.249083E+001  0.182836E+001
  0.249329E+001  0.183271E+001
  0.249576E+001  0.183706E+001
  0.249822E+001  0.184141E+001
  0.250068E+001  0.184577E+001
