  0.212753E-001  0.258454E-001
  0.212753E-001  0.258454E-001
  0.244520E-001  0.297066E-001
  0.276283E-001  0.335681E-001
  0.308041E-001  0.374300E-001
  0.339794E-001  0.412923E-001
  0.371541E-001  0.451551E-001
  0.403281E-001  0.490185E-001
  0.435014E-001  0.528824E-001
  0.466740E-001  0.567470E-001
  0.498457E-001  0.606122E-001
  0.530166E-001  0.644782E-001
  0.561865E-001  0.683449E-001
  0.593554E-001  0.722125E-001
  0.625232E-001  0.760809E-001
  0.656900E-001  0.799503E-001
  0.688555E-001  0.838206E-001
  0.720198E-001  0.876920E-001
  0.751827E-001  0.915644E-001
  0.783443E-001  0.954380E-001
  0.815044E-001  0.993127E-001
  0.846630E-001  0.103189E+000
  0.878199E-001  0.107066E+000
  0.909753E-001  0.110945E+000
  0.941288E-001  0.114825E+000
  0.972806E-001  0.118706E+000
  0.100430E+000  0.122589E+000
  0.103578E+000  0.126474E+000
  0.106724E+000  0.130360E+000
  0.109868E+000  0.134249E+000
  0.113009E+000  0.138138E+000
  0.116149E+000  0.142030E+000
  0.119285E+000  0.145924E+000
  0.122420E+000  0.149819E+000
  0.125551E+000  0.153717E+000
  0.128680E+000  0.157617E+000
  0.131806E+000  0.161519E+000
  0.134930E+000  0.165424E+000
  0.138050E+000  0.169331E+000
  0.141167E+000  0.173240E+000
  0.144281E+000  0.177152E+000
  0.147391E+000  0.181067E+000
  0.150498E+000  0.184984E+000
  0.153602E+000  0.188905E+000
  0.156701E+000  0.192828E+000
  0.159797E+000  0.196755E+000
  0.162888E+000  0.200684E+000
  0.165976E+000  0.204617E+000
  0.169058E+000  0.208554E+000
  0.172137E+000  0.212494E+000
  0.175210E+000  0.216438E+000
  0.178278E+000  0.220386E+000
  0.181341E+000  0.224338E+000
  0.184399E+000  0.228294E+000
  0.187450E+000  0.232255E+000
  0.190496E+000  0.236220E+000
  0.193535E+000  0.240190E+000
  0.196568E+000  0.244166E+000
  0.199594E+000  0.248146E+000
  0.202612E+000  0.252133E+000
  0.205622E+000  0.256125E+000
  0.208625E+000  0.260123E+000
  0.211618E+000  0.264128E+000
  0.214603E+000  0.268139E+000
  0.217577E+000  0.272158E+000
  0.220542E+000  0.276185E+000
  0.223495E+000  0.280219E+000
  0.226436E+000  0.284263E+000
  0.229365E+000  0.288315E+000
  0.232281E+000  0.292377E+000
  0.235182E+000  0.296449E+000
  0.238068E+000  0.300533E+000
  0.240936E+000  0.304628E+000
  0.243787E+000  0.308735E+000
  0.246619E+000  0.312856E+000
  0.249430E+000  0.316991E+000
  0.252217E+000  0.321142E+000
  0.254980E+000  0.325309E+000
  0.257717E+000  0.329494E+000
  0.260424E+000  0.333698E+000
  0.263100E+000  0.337922E+000
  0.265741E+000  0.342167E+000
  0.268344E+000  0.346436E+000
  0.270907E+000  0.350729E+000
  0.273425E+000  0.355049E+000
  0.275895E+000  0.359396E+000
  0.278313E+000  0.363772E+000
  0.280676E+000  0.368179E+000
  0.282978E+000  0.372618E+000
  0.285216E+000  0.377089E+000
  0.287385E+000  0.381593E+000
  0.289484E+000  0.386132E+000
  0.291507E+000  0.390704E+000
  0.293454E+000  0.395310E+000
  0.295321E+000  0.399948E+000
  0.297108E+000  0.404618E+000
  0.298815E+000  0.409317E+000
  0.300444E+000  0.414045E+000
  0.301995E+000  0.418798E+000
  0.303471E+000  0.423575E+000
  0.304876E+000  0.428374E+000
  0.306213E+000  0.433191E+000
  0.307488E+000  0.438026E+000
  0.308704E+000  0.442876E+000
  0.309866E+000  0.447739E+000
  0.310980E+000  0.452614E+000
  0.312049E+000  0.457498E+000
  0.313079E+000  0.462391E+000
  0.314073E+000  0.467291E+000
  0.315037E+000  0.472197E+000
  0.315973E+000  0.477109E+000
  0.316886E+000  0.482025E+000
  0.317778E+000  0.486944E+000
  0.318654E+000  0.491867E+000
  0.319514E+000  0.496792E+000
  0.320363E+000  0.501720E+000
  0.321203E+000  0.506649E+000
  0.322035E+000  0.511579E+000
  0.322862E+000  0.516510E+000
  0.323685E+000  0.521442E+000
  0.324506E+000  0.526374E+000
  0.325326E+000  0.531306E+000
  0.326147E+000  0.536239E+000
  0.326970E+000  0.541170E+000
  0.327796E+000  0.546102E+000
  0.328626E+000  0.551032E+000
  0.329461E+000  0.555962E+000
  0.330301E+000  0.560891E+000
  0.331148E+000  0.565819E+000
  0.332001E+000  0.570746E+000
  0.332862E+000  0.575671E+000
  0.333731E+000  0.580595E+000
  0.334609E+000  0.585517E+000
  0.335496E+000  0.590438E+000
  0.336392E+000  0.595357E+000
  0.337298E+000  0.600274E+000
  0.338214E+000  0.605189E+000
  0.339141E+000  0.610103E+000
  0.340078E+000  0.615014E+000
  0.341025E+000  0.619924E+000
  0.341984E+000  0.624831E+000
  0.342954E+000  0.629736E+000
  0.343935E+000  0.634639E+000
  0.344928E+000  0.639539E+000
  0.345932E+000  0.644437E+000
  0.346948E+000  0.649333E+000
  0.347976E+000  0.654226E+000
  0.349015E+000  0.659117E+000
  0.350067E+000  0.664005E+000
  0.351130E+000  0.668891E+000
  0.352205E+000  0.673774E+000
  0.353292E+000  0.678654E+000
  0.354390E+000  0.683532E+000
  0.355501E+000  0.688407E+000
  0.356623E+000  0.693280E+000
  0.357758E+000  0.698149E+000
  0.358904E+000  0.703016E+000
  0.360062E+000  0.707880E+000
  0.361231E+000  0.712741E+000
  0.362412E+000  0.717600E+000
  0.363605E+000  0.722456E+000
  0.364810E+000  0.727308E+000
  0.366025E+000  0.732158E+000
  0.367252E+000  0.737005E+000
  0.368491E+000  0.741850E+000
  0.369741E+000  0.746691E+000
  0.371002E+000  0.751529E+000
  0.372274E+000  0.756365E+000
  0.373556E+000  0.761197E+000
  0.374850E+000  0.766027E+000
  0.376155E+000  0.770854E+000
  0.377470E+000  0.775678E+000
  0.378796E+000  0.780499E+000
  0.380132E+000  0.785317E+000
  0.381479E+000  0.790132E+000
  0.382836E+000  0.794944E+000
  0.384203E+000  0.799754E+000
  0.385580E+000  0.804560E+000
  0.386968E+000  0.809364E+000
  0.388365E+000  0.814165E+000
  0.389772E+000  0.818963E+000
  0.391188E+000  0.823758E+000
  0.392614E+000  0.828550E+000
  0.394050E+000  0.833340E+000
  0.395495E+000  0.838127E+000
  0.396949E+000  0.842911E+000
  0.398412E+000  0.847692E+000
  0.399884E+000  0.852470E+000
  0.401365E+000  0.857246E+000
  0.402855E+000  0.862019E+000
  0.404354E+000  0.866789E+000
  0.405861E+000  0.871556E+000
  0.407376E+000  0.876321E+000
  0.408900E+000  0.881083E+000
  0.410432E+000  0.885842E+000
  0.411973E+000  0.890599E+000
  0.413521E+000  0.895354E+000
  0.415077E+000  0.900105E+000
  0.416642E+000  0.904854E+000
  0.418213E+000  0.909601E+000
  0.419793E+000  0.914345E+000
  0.421380E+000  0.919086E+000
  0.422974E+000  0.923825E+000
  0.424576E+000  0.928561E+000
  0.426185E+000  0.933296E+000
  0.427801E+000  0.938027E+000
  0.429425E+000  0.942756E+000
  0.431055E+000  0.947483E+000
  0.432692E+000  0.952208E+000
  0.434336E+000  0.956930E+000
  0.435986E+000  0.961649E+000
  0.437643E+000  0.966367E+000
  0.439306E+000  0.971082E+000
  0.440976E+000  0.975795E+000
  0.442653E+000  0.980506E+000
  0.444335E+000  0.985214E+000
  0.446023E+000  0.989920E+000
  0.447718E+000  0.994624E+000
  0.449418E+000  0.999326E+000
  0.451125E+000  0.100403E+001
  0.452837E+000  0.100872E+001
  0.454555E+000  0.101342E+001
  0.456278E+000  0.101811E+001
  0.458007E+000  0.102280E+001
  0.459742E+000  0.102749E+001
  0.461482E+000  0.103218E+001
  0.463227E+000  0.103687E+001
  0.464977E+000  0.104155E+001
  0.466733E+000  0.104623E+001
  0.468494E+000  0.105091E+001
  0.470259E+000  0.105559E+001
  0.472030E+000  0.106027E+001
  0.473806E+000  0.106494E+001
  0.475586E+000  0.106961E+001
  0.477371E+000  0.107428E+001
  0.479161E+000  0.107895E+001
  0.480955E+000  0.108362E+001
  0.482754E+000  0.108828E+001
  0.484557E+000  0.109295E+001
  0.486365E+000  0.109761E+001
  0.488177E+000  0.110227E+001
  0.489993E+000  0.110693E+001
  0.491814E+000  0.111158E+001
  0.493638E+000  0.111624E+001
  0.495467E+000  0.112089E+001
  0.497300E+000  0.112555E+001
  0.499137E+000  0.113020E+001
  0.500978E+000  0.113484E+001
  0.502822E+000  0.113949E+001
  0.504671E+000  0.114414E+001
  0.506523E+000  0.114878E+001
  0.508379E+000  0.115342E+001
  0.510238E+000  0.115807E+001
  0.512101E+000  0.116271E+001
  0.513968E+000  0.116734E+001
  0.515838E+000  0.117198E+001
  0.517711E+000  0.117662E+001
  0.519588E+000  0.118125E+001
  0.521469E+000  0.118588E+001
  0.523352E+000  0.119052E+001
  0.525239E+000  0.119515E+001
  0.527129E+000  0.119978E+001
  0.529022E+000  0.120440E+001
  0.530918E+000  0.120903E+001
  0.532818E+000  0.121365E+001
  0.534720E+000  0.121828E+001
  0.536626E+000  0.122290E+001
  0.538534E+000  0.122752E+001
  0.540445E+000  0.123214E+001
  0.542359E+000  0.123676E+001
  0.544276E+000  0.124138E+001
  0.546195E+000  0.124600E+001
  0.548118E+000  0.125061E+001
  0.550043E+000  0.125523E+001
  0.551970E+000  0.125984E+001
  0.553901E+000  0.126445E+001
  0.555834E+000  0.126906E+001
  0.557769E+000  0.127367E+001
  0.559707E+000  0.127828E+001
  0.561647E+000  0.128289E+001
  0.563590E+000  0.128750E+001
  0.565535E+000  0.129211E+001
  0.567483E+000  0.129671E+001
  0.569433E+000  0.130131E+001
  0.571385E+000  0.130592E+001
  0.573340E+000  0.131052E+001
  0.575297E+000  0.131512E+001
  0.577256E+000  0.131972E+001
  0.579217E+000  0.132432E+001
  0.581180E+000  0.132892E+001
  0.583145E+000  0.133352E+001
  0.585113E+000  0.133811E+001
  0.587082E+000  0.134271E+001
  0.589054E+000  0.134730E+001
  0.591028E+000  0.135190E+001
  0.593003E+000  0.135649E+001
  0.594981E+000  0.136108E+001
  0.596960E+000  0.136567E+001
  0.598942E+000  0.137027E+001
  0.600925E+000  0.137486E+001
  0.602910E+000  0.137944E+001
  0.604897E+000  0.138403E+001
  0.606885E+000  0.138862E+001
  0.608876E+000  0.139321E+001
  0.610868E+000  0.139779E+001
  0.612862E+000  0.140238E+001
  0.614858E+000  0.140696E+001
  0.616855E+000  0.141155E+001
  0.618854E+000  0.141613E+001
  0.620855E+000  0.142071E+001
  0.622857E+000  0.142529E+001
  0.624861E+000  0.142987E+001
  0.626866E+000  0.143445E+001
  0.628873E+000  0.143903E+001
  0.630881E+000  0.144361E+001
  0.632891E+000  0.144819E+001
  0.634903E+000  0.145277E+001
  0.636916E+000  0.145735E+001
  0.638930E+000  0.146192E+001
  0.640946E+000  0.146650E+001
  0.642963E+000  0.147107E+001
  0.644982E+000  0.147565E+001
  0.647002E+000  0.148022E+001
  0.649023E+000  0.148479E+001
  0.651046E+000  0.148937E+001
  0.653070E+000  0.149394E+001
  0.655095E+000  0.149851E+001
  0.657122E+000  0.150308E+001
  0.659149E+000  0.150765E+001
  0.661179E+000  0.151222E+001
  0.663209E+000  0.151679E+001
  0.665241E+000  0.152136E+001
  0.667273E+000  0.152593E+001
  0.669308E+000  0.153049E+001
  0.671343E+000  0.153506E+001
  0.673379E+000  0.153963E+001
  0.675417E+000  0.154419E+001
  0.677455E+000  0.154876E+001
  0.679495E+000  0.155332E+001
  0.681536E+000  0.155789E+001
  0.683578E+000  0.156245E+001
  0.685621E+000  0.156702E+001
  0.687665E+000  0.157158E+001
  0.689711E+000  0.157614E+001
  0.691757E+000  0.158070E+001
  0.693804E+000  0.158527E+001
  0.695853E+000  0.158983E+001
  0.697902E+000  0.159439E+001
  0.699953E+000  0.159895E+001
  0.702004E+000  0.160351E+001
  0.704056E+000  0.160807E+001
  0.706110E+000  0.161263E+001
  0.708164E+000  0.161718E+001
  0.710219E+000  0.162174E+001
  0.712275E+000  0.162630E+001
  0.714332E+000  0.163086E+001
  0.716390E+000  0.163541E+001
  0.718449E+000  0.163997E+001
  0.720509E+000  0.164453E+001
  0.722570E+000  0.164908E+001
  0.724631E+000  0.165364E+001
  0.726694E+000  0.165819E+001
  0.728757E+000  0.166275E+001
  0.730821E+000  0.166730E+001
  0.732886E+000  0.167185E+001
  0.734952E+000  0.167641E+001
  0.737019E+000  0.168096E+001
  0.739086E+000  0.168551E+001
  0.741154E+000  0.169007E+001
  0.743223E+000  0.169462E+001
  0.745293E+000  0.169917E+001
  0.747364E+000  0.170372E+001
  0.749435E+000  0.170827E+001
  0.751507E+000  0.171282E+001
  0.753580E+000  0.171737E+001
  0.755654E+000  0.172192E+001
  0.757728E+000  0.172647E+001
  0.759804E+000  0.173102E+001
  0.761879E+000  0.173557E+001
  0.763956E+000  0.174012E+001
  0.766033E+000  0.174466E+001
  0.768111E+000  0.174921E+001
  0.770190E+000  0.175376E+001
  0.772270E+000  0.175831E+001
  0.774350E+000  0.176285E+001
  0.776430E+000  0.176740E+001
  0.778512E+000  0.177195E+001
  0.780594E+000  0.177649E+001
  0.782677E+000  0.178104E+001
  0.784760E+000  0.178558E+001
  0.786844E+000  0.179013E+001
  0.788929E+000  0.179467E+001
  0.791015E+000  0.179922E+001
  0.793101E+000  0.180376E+001
  0.795187E+000  0.180830E+001
  0.797275E+000  0.181285E+001
  0.799363E+000  0.181739E+001
  0.801451E+000  0.182193E+001
  0.803540E+000  0.182648E+001
  0.805630E+000  0.183102E+001
  0.807721E+000  0.183556E+001
  0.809812E+000  0.184010E+001
  0.811903E+000  0.184464E+001
  0.813995E+000  0.184919E+001
  0.816088E+000  0.185373E+001
  0.818181E+000  0.185827E+001
  0.820275E+000  0.186281E+001
  0.822370E+000  0.186735E+001
  0.824465E+000  0.187189E+001
  0.826560E+000  0.187643E+001
  0.828657E+000  0.188097E+001
  0.830753E+000  0.188551E+001
  0.832851E+000  0.189004E+001
  0.834948E+000  0.189458E+001
  0.837047E+000  0.189912E+001
  0.839146E+000  0.190366E+001
  0.841245E+000  0.190820E+001
  0.843345E+000  0.191274E+001
  0.845446E+000  0.191727E+001
  0.847547E+000  0.192181E+001
  0.849648E+000  0.192635E+001
  0.851750E+000  0.193088E+001
  0.853853E+000  0.193542E+001
  0.855956E+000  0.193996E+001
  0.858060E+000  0.194449E+001
  0.860164E+000  0.194903E+001
  0.862269E+000  0.195356E+001
  0.864374E+000  0.195810E+001
  0.866480E+000  0.196263E+001
  0.868586E+000  0.196717E+001
  0.870692E+000  0.197170E+001
  0.872799E+000  0.197624E+001
  0.874907E+000  0.198077E+001
  0.877015E+000  0.198530E+001
  0.879124E+000  0.198984E+001
  0.881233E+000  0.199437E+001
  0.883342E+000  0.199890E+001
  0.885452E+000  0.200344E+001
  0.887563E+000  0.200797E+001
  0.889674E+000  0.201250E+001
  0.891785E+000  0.201704E+001
  0.893897E+000  0.202157E+001
  0.896010E+000  0.202610E+001
  0.898122E+000  0.203063E+001
  0.900236E+000  0.203516E+001
  0.902349E+000  0.203969E+001
  0.904464E+000  0.204422E+001
  0.906578E+000  0.204876E+001
  0.908693E+000  0.205329E+001
  0.910809E+000  0.205782E+001
  0.912925E+000  0.206235E+001
  0.915041E+000  0.206688E+001
  0.917158E+000  0.207141E+001
  0.919275E+000  0.207594E+001
  0.921393E+000  0.208047E+001
  0.923511E+000  0.208499E+001
  0.925630E+000  0.208952E+001
  0.927749E+000  0.209405E+001
  0.929868E+000  0.209858E+001
  0.931988E+000  0.210311E+001
  0.934108E+000  0.210764E+001
  0.936229E+000  0.211217E+001
  0.938350E+000  0.211669E+001
  0.940471E+000  0.212122E+001
  0.942593E+000  0.212575E+001
  0.944716E+000  0.213028E+001
  0.946838E+000  0.213480E+001
  0.948962E+000  0.213933E+001
  0.951085E+000  0.214386E+001
  0.953209E+000  0.214838E+001
  0.955333E+000  0.215291E+001
  0.957458E+000  0.215744E+001
  0.959583E+000  0.216196E+001
  0.961709E+000  0.216649E+001
  0.963834E+000  0.217101E+001
  0.965961E+000  0.217554E+001
  0.968087E+000  0.218006E+001
  0.970214E+000  0.218459E+001
  0.972342E+000  0.218911E+001
  0.974470E+000  0.219364E+001
  0.976598E+000  0.219816E+001
  0.978726E+000  0.220269E+001
  0.980855E+000  0.220721E+001
  0.982984E+000  0.221173E+001
  0.985114E+000  0.221626E+001
  0.987244E+000  0.222078E+001
  0.989374E+000  0.222531E+001
  0.991505E+000  0.222983E+001
  0.993636E+000  0.223435E+001
  0.995767E+000  0.223887E+001
  0.997899E+000  0.224340E+001
  0.100003E+001  0.224792E+001
  0.100216E+001  0.225244E+001
  0.100430E+001  0.225696E+001
  0.100643E+001  0.226149E+001
  0.100856E+001  0.226601E+001
  0.101070E+001  0.227053E+001
  0.101283E+001  0.227505E+001
  0.101496E+001  0.227957E+001
  0.101710E+001  0.228410E+001
  0.101923E+001  0.228862E+001
  0.102137E+001  0.229314E+001
  0.102351E+001  0.229766E+001
  0.102564E+001  0.230218E+001
  0.102778E+001  0.230670E+001
  0.102991E+001  0.231122E+001
  0.103205E+001  0.231574E+001
  0.103419E+001  0.232026E+001
  0.103633E+001  0.232478E+001
  0.103846E+001  0.232930E+001
  0.104060E+001  0.233382E+001
  0.104274E+001  0.233834E+001
  0.104488E+001  0.234286E+001
  0.104702E+001  0.234738E+001
  0.104916E+001  0.235190E+001
  0.105129E+001  0.235642E+001
  0.105343E+001  0.236094E+001
  0.105557E+001  0.236546E+001
  0.105771E+001  0.236998E+001
  0.105985E+001  0.237449E+001
  0.106200E+001  0.237901E+001
  0.106414E+001  0.238353E+001
  0.106628E+001  0.238805E+001
  0.106842E+001  0.239257E+001
  0.107056E+001  0.239709E+001
  0.107270E+001  0.240160E+001
  0.107484E+001  0.240612E+001
  0.107699E+001  0.241064E+001
  0.107913E+001  0.241516E+001
  0.108127E+001  0.241968E+001
  0.108341E+001  0.242419E+001
  0.108556E+001  0.242871E+001
  0.108770E+001  0.243323E+001
  0.108984E+001  0.243775E+001
  0.109199E+001  0.244226E+001
  0.109413E+001  0.244678E+001
  0.109628E+001  0.245130E+001
  0.109842E+001  0.245581E+001
  0.110056E+001  0.246033E+001
  0.110271E+001  0.246485E+001
  0.110485E+001  0.246936E+001
  0.110700E+001  0.247388E+001
  0.110914E+001  0.247840E+001
  0.111129E+001  0.248291E+001
  0.111343E+001  0.248743E+001
  0.111558E+001  0.249195E+001
  0.111772E+001  0.249646E+001
  0.111987E+001  0.250098E+001
  0.112202E+001  0.250549E+001
  0.112416E+001  0.251001E+001
  0.112631E+001  0.251453E+001
  0.112845E+001  0.251904E+001
  0.113060E+001  0.252356E+001
  0.113275E+001  0.252807E+001
  0.113489E+001  0.253259E+001
  0.113704E+001  0.253711E+001
  0.113919E+001  0.254162E+001
  0.114133E+001  0.254614E+001
  0.114348E+001  0.255065E+001
  0.114563E+001  0.255517E+001
  0.114778E+001  0.255968E+001
  0.114992E+001  0.256420E+001
  0.115207E+001  0.256871E+001
  0.115422E+001  0.257323E+001
  0.115636E+001  0.257775E+001
  0.115851E+001  0.258226E+001
  0.116066E+001  0.258678E+001
  0.116281E+001  0.259129E+001
  0.116495E+001  0.259581E+001
  0.116710E+001  0.260032E+001
  0.116925E+001  0.260484E+001
  0.117140E+001  0.260935E+001
  0.117354E+001  0.261387E+001
  0.117569E+001  0.261838E+001
  0.117784E+001  0.262290E+001
  0.117999E+001  0.262741E+001
  0.118213E+001  0.263193E+001
  0.118428E+001  0.263645E+001
  0.118643E+001  0.264096E+001
  0.118858E+001  0.264548E+001
  0.119072E+001  0.264999E+001
  0.119287E+001  0.265451E+001
  0.119502E+001  0.265902E+001
  0.119716E+001  0.266354E+001
  0.119931E+001  0.266805E+001
  0.120146E+001  0.267257E+001
  0.120361E+001  0.267708E+001
  0.120575E+001  0.268160E+001
  0.120790E+001  0.268612E+001
  0.121005E+001  0.269063E+001
  0.121219E+001  0.269515E+001
  0.121434E+001  0.269966E+001
  0.121649E+001  0.270418E+001
  0.121863E+001  0.270869E+001
  0.122078E+001  0.271321E+001
  0.122293E+001  0.271773E+001
  0.122507E+001  0.272224E+001
  0.122722E+001  0.272676E+001
  0.122936E+001  0.273127E+001
  0.123151E+001  0.273579E+001
  0.123365E+001  0.274031E+001
  0.123580E+001  0.274482E+001
  0.123794E+001  0.274934E+001
  0.124009E+001  0.275386E+001
  0.124223E+001  0.275837E+001
  0.124438E+001  0.276289E+001
  0.124652E+001  0.276741E+001
  0.124867E+001  0.277192E+001
  0.125081E+001  0.277644E+001
  0.125296E+001  0.278096E+001
  0.125510E+001  0.278547E+001
  0.125724E+001  0.278999E+001
  0.125939E+001  0.279451E+001
  0.126153E+001  0.279903E+001
  0.126367E+001  0.280354E+001
  0.126582E+001  0.280806E+001
  0.126796E+001  0.281258E+001
  0.127010E+001  0.281710E+001
  0.127224E+001  0.282162E+001
  0.127438E+001  0.282613E+001
  0.127652E+001  0.283065E+001
  0.127867E+001  0.283517E+001
  0.128081E+001  0.283969E+001
  0.128295E+001  0.284421E+001
  0.128509E+001  0.284873E+001
  0.128723E+001  0.285324E+001
  0.128937E+001  0.285776E+001
  0.129151E+001  0.286228E+001
  0.129365E+001  0.286680E+001
  0.129578E+001  0.287132E+001
  0.129792E+001  0.287584E+001
  0.130006E+001  0.288036E+001
  0.130220E+001  0.288488E+001
  0.130434E+001  0.288940E+001
  0.130647E+001  0.289392E+001
  0.130861E+001  0.289844E+001
  0.131075E+001  0.290296E+001
  0.131288E+001  0.290748E+001
  0.131502E+001  0.291200E+001
  0.131715E+001  0.291653E+001
  0.131929E+001  0.292105E+001
  0.132142E+001  0.292557E+001
  0.132356E+001  0.293009E+001
  0.132569E+001  0.293461E+001
  0.132782E+001  0.293913E+001
  0.132996E+001  0.294366E+001
  0.133209E+001  0.294818E+001
  0.133422E+001  0.295270E+001
  0.133635E+001  0.295722E+001
  0.133848E+001  0.296175E+001
  0.134061E+001  0.296627E+001
  0.134274E+001  0.297079E+001
  0.134487E+001  0.297532E+001
  0.134700E+001  0.297984E+001
  0.134913E+001  0.298437E+001
  0.135126E+001  0.298889E+001
  0.135339E+001  0.299342E+001
  0.135552E+001  0.299794E+001
  0.135764E+001  0.300247E+001
  0.135977E+001  0.300699E+001
  0.136189E+001  0.301152E+001
  0.136402E+001  0.301604E+001
  0.136614E+001  0.302057E+001
  0.136827E+001  0.302509E+001
  0.137039E+001  0.302962E+001
  0.137252E+001  0.303415E+001
  0.137464E+001  0.303867E+001
  0.137676E+001  0.304320E+001
  0.137888E+001  0.304773E+001
  0.138101E+001  0.305226E+001
  0.138313E+001  0.305678E+001
  0.138525E+001  0.306131E+001
  0.138737E+001  0.306584E+001
  0.138948E+001  0.307037E+001
  0.139160E+001  0.307490E+001
  0.139372E+001  0.307943E+001
  0.139584E+001  0.308396E+001
  0.139796E+001  0.308849E+001
  0.140007E+001  0.309302E+001
  0.140219E+001  0.309755E+001
  0.140430E+001  0.310208E+001
  0.140642E+001  0.310661E+001
  0.140853E+001  0.311114E+001
  0.141064E+001  0.311567E+001
  0.141276E+001  0.312020E+001
  0.141487E+001  0.312474E+001
  0.141698E+001  0.312927E+001
  0.141909E+001  0.313380E+001
  0.142120E+001  0.313833E+001
  0.142331E+001  0.314287E+001
  0.142542E+001  0.314740E+001
  0.142753E+001  0.315193E+001
  0.142964E+001  0.315647E+001
  0.143174E+001  0.316100E+001
  0.143385E+001  0.316554E+001
  0.143595E+001  0.317007E+001
  0.143806E+001  0.317461E+001
  0.144016E+001  0.317914E+001
  0.144227E+001  0.318368E+001
  0.144437E+001  0.318822E+001
  0.144647E+001  0.319275E+001
  0.144857E+001  0.319729E+001
  0.145068E+001  0.320183E+001
  0.145278E+001  0.320636E+001
  0.145488E+001  0.321090E+001
  0.145697E+001  0.321544E+001
  0.145907E+001  0.321998E+001
  0.146117E+001  0.322452E+001
  0.146327E+001  0.322906E+001
  0.146536E+001  0.323359E+001
  0.146746E+001  0.323813E+001
  0.146955E+001  0.324267E+001
  0.147165E+001  0.324721E+001
  0.147374E+001  0.325175E+001
  0.147584E+001  0.325630E+001
  0.147793E+001  0.326084E+001
  0.148002E+001  0.326538E+001
  0.148211E+001  0.326992E+001
  0.148420E+001  0.327446E+001
  0.148629E+001  0.327901E+001
  0.148838E+001  0.328355E+001
  0.149047E+001  0.328809E+001
  0.149255E+001  0.329263E+001
  0.149464E+001  0.329718E+001
  0.149673E+001  0.330172E+001
  0.149881E+001  0.330627E+001
  0.150090E+001  0.331081E+001
