  0.156775E+000  0.323374E-001
  0.156775E+000  0.323374E-001
  0.157573E+000  0.372734E-001
  0.158474E+000  0.421914E-001
  0.159476E+000  0.470900E-001
  0.160574E+000  0.519679E-001
  0.161765E+000  0.568240E-001
  0.163045E+000  0.616575E-001
  0.164409E+000  0.664678E-001
  0.165854E+000  0.712545E-001
  0.167376E+000  0.760173E-001
  0.168971E+000  0.807561E-001
  0.170635E+000  0.854710E-001
  0.172365E+000  0.901622E-001
  0.174157E+000  0.948300E-001
  0.176008E+000  0.994745E-001
  0.177916E+000  0.104096E+000
  0.179877E+000  0.108696E+000
  0.181887E+000  0.113274E+000
  0.183946E+000  0.117830E+000
  0.186050E+000  0.122366E+000
  0.188196E+000  0.126882E+000
  0.190383E+000  0.131378E+000
  0.192609E+000  0.135856E+000
  0.194871E+000  0.140315E+000
  0.197167E+000  0.144756E+000
  0.199497E+000  0.149180E+000
  0.201858E+000  0.153588E+000
  0.204248E+000  0.157979E+000
  0.206667E+000  0.162356E+000
  0.209112E+000  0.166717E+000
  0.211583E+000  0.171063E+000
  0.214079E+000  0.175396E+000
  0.216597E+000  0.179716E+000
  0.219137E+000  0.184022E+000
  0.221699E+000  0.188316E+000
  0.224280E+000  0.192599E+000
  0.226880E+000  0.196869E+000
  0.229498E+000  0.201129E+000
  0.232133E+000  0.205378E+000
  0.234785E+000  0.209617E+000
  0.237452E+000  0.213847E+000
  0.240133E+000  0.218067E+000
  0.242828E+000  0.222278E+000
  0.245537E+000  0.226481E+000
  0.248258E+000  0.230676E+000
  0.250990E+000  0.234864E+000
  0.253733E+000  0.239044E+000
  0.256486E+000  0.243218E+000
  0.259249E+000  0.247385E+000
  0.262020E+000  0.251547E+000
  0.264799E+000  0.255703E+000
  0.267585E+000  0.259855E+000
  0.270378E+000  0.264003E+000
  0.273175E+000  0.268147E+000
  0.275977E+000  0.272288E+000
  0.278782E+000  0.276427E+000
  0.281590E+000  0.280564E+000
  0.284399E+000  0.284701E+000
  0.287208E+000  0.288837E+000
  0.290015E+000  0.292975E+000
  0.292819E+000  0.297115E+000
  0.295618E+000  0.301258E+000
  0.298410E+000  0.305405E+000
  0.301193E+000  0.309559E+000
  0.303964E+000  0.313721E+000
  0.306721E+000  0.317893E+000
  0.309460E+000  0.322076E+000
  0.312176E+000  0.326273E+000
  0.314868E+000  0.330487E+000
  0.317528E+000  0.334721E+000
  0.320154E+000  0.338976E+000
  0.322740E+000  0.343255E+000
  0.325283E+000  0.347560E+000
  0.327777E+000  0.351893E+000
  0.330222E+000  0.356255E+000
  0.332617E+000  0.360644E+000
  0.334964E+000  0.365059E+000
  0.337269E+000  0.369496E+000
  0.339538E+000  0.373952E+000
  0.341780E+000  0.378421E+000
  0.344007E+000  0.382897E+000
  0.346228E+000  0.387377E+000
  0.348455E+000  0.391854E+000
  0.350696E+000  0.396324E+000
  0.352958E+000  0.400783E+000
  0.355247E+000  0.405228E+000
  0.357568E+000  0.409656E+000
  0.359923E+000  0.414067E+000
  0.362313E+000  0.418459E+000
  0.364739E+000  0.422831E+000
  0.367200E+000  0.427183E+000
  0.369696E+000  0.431515E+000
  0.372225E+000  0.435829E+000
  0.374785E+000  0.440124E+000
  0.377374E+000  0.444401E+000
  0.379990E+000  0.448662E+000
  0.382632E+000  0.452908E+000
  0.385297E+000  0.457138E+000
  0.387983E+000  0.461355E+000
  0.390690E+000  0.465559E+000
  0.393414E+000  0.469752E+000
  0.396155E+000  0.473934E+000
  0.398911E+000  0.478105E+000
  0.401681E+000  0.482268E+000
  0.404464E+000  0.486422E+000
  0.407259E+000  0.490568E+000
  0.410063E+000  0.494707E+000
  0.412878E+000  0.498840E+000
  0.415701E+000  0.502967E+000
  0.418532E+000  0.507088E+000
  0.421370E+000  0.511204E+000
  0.424215E+000  0.515316E+000
  0.427065E+000  0.519424E+000
  0.429921E+000  0.523528E+000
  0.432782E+000  0.527629E+000
  0.435647E+000  0.531727E+000
  0.438516E+000  0.535822E+000
  0.441388E+000  0.539915E+000
  0.444263E+000  0.544005E+000
  0.447141E+000  0.548094E+000
  0.450021E+000  0.552181E+000
  0.452903E+000  0.556267E+000
  0.455787E+000  0.560351E+000
  0.458673E+000  0.564435E+000
  0.461559E+000  0.568517E+000
  0.464447E+000  0.572599E+000
  0.467335E+000  0.576681E+000
  0.470224E+000  0.580762E+000
  0.473113E+000  0.584843E+000
  0.476002E+000  0.588924E+000
  0.478890E+000  0.593005E+000
  0.481779E+000  0.597086E+000
  0.484667E+000  0.601168E+000
  0.487554E+000  0.605250E+000
  0.490440E+000  0.609333E+000
  0.493326E+000  0.613416E+000
  0.496210E+000  0.617500E+000
  0.499093E+000  0.621586E+000
  0.501974E+000  0.625672E+000
  0.504854E+000  0.629760E+000
  0.507732E+000  0.633848E+000
  0.510607E+000  0.637938E+000
  0.513481E+000  0.642030E+000
  0.516353E+000  0.646123E+000
  0.519222E+000  0.650218E+000
  0.522089E+000  0.654315E+000
  0.524953E+000  0.658413E+000
  0.527814E+000  0.662513E+000
  0.530673E+000  0.666616E+000
  0.533528E+000  0.670720E+000
  0.536380E+000  0.674827E+000
  0.539229E+000  0.678936E+000
  0.542074E+000  0.683047E+000
  0.544916E+000  0.687161E+000
  0.547754E+000  0.691278E+000
  0.550588E+000  0.695397E+000
  0.553418E+000  0.699519E+000
  0.556243E+000  0.703644E+000
  0.559065E+000  0.707772E+000
  0.561882E+000  0.711903E+000
  0.564694E+000  0.716038E+000
  0.567501E+000  0.720175E+000
  0.570304E+000  0.724316E+000
  0.573101E+000  0.728460E+000
  0.575893E+000  0.732608E+000
  0.578679E+000  0.736760E+000
  0.581460E+000  0.740915E+000
  0.584235E+000  0.745074E+000
  0.587004E+000  0.749238E+000
  0.589767E+000  0.753405E+000
  0.592523E+000  0.757576E+000
  0.595273E+000  0.761752E+000
  0.598016E+000  0.765933E+000
  0.600752E+000  0.770118E+000
  0.603482E+000  0.774307E+000
  0.606203E+000  0.778501E+000
  0.608917E+000  0.782701E+000
  0.611624E+000  0.786905E+000
  0.614322E+000  0.791114E+000
  0.617012E+000  0.795329E+000
  0.619694E+000  0.799549E+000
  0.622367E+000  0.803774E+000
  0.625032E+000  0.808005E+000
  0.627687E+000  0.812242E+000
  0.630333E+000  0.816484E+000
  0.632969E+000  0.820733E+000
  0.635596E+000  0.824988E+000
  0.638212E+000  0.829248E+000
  0.640818E+000  0.833516E+000
  0.643413E+000  0.837789E+000
  0.645998E+000  0.842069E+000
  0.648571E+000  0.846356E+000
  0.651133E+000  0.850650E+000
  0.653684E+000  0.854951E+000
  0.656222E+000  0.859258E+000
  0.658749E+000  0.863573E+000
  0.661263E+000  0.867895E+000
  0.663764E+000  0.872225E+000
  0.666252E+000  0.876562E+000
  0.668727E+000  0.880906E+000
  0.671188E+000  0.885258E+000
  0.673635E+000  0.889618E+000
  0.676069E+000  0.893986E+000
  0.678488E+000  0.898362E+000
  0.680892E+000  0.902746E+000
  0.683282E+000  0.907138E+000
  0.685656E+000  0.911539E+000
  0.688015E+000  0.915947E+000
  0.690358E+000  0.920364E+000
  0.692685E+000  0.924790E+000
  0.694996E+000  0.929224E+000
  0.697291E+000  0.933666E+000
  0.699569E+000  0.938117E+000
  0.701830E+000  0.942576E+000
  0.704074E+000  0.947045E+000
  0.706301E+000  0.951521E+000
  0.708510E+000  0.956007E+000
  0.710702E+000  0.960501E+000
  0.712876E+000  0.965003E+000
  0.715032E+000  0.969515E+000
  0.717170E+000  0.974034E+000
  0.719289E+000  0.978563E+000
  0.721391E+000  0.983100E+000
  0.723474E+000  0.987645E+000
  0.725539E+000  0.992199E+000
  0.727585E+000  0.996761E+000
  0.729613E+000  0.100133E+001
  0.731622E+000  0.100591E+001
  0.733612E+000  0.101050E+001
  0.735584E+000  0.101509E+001
  0.737537E+000  0.101969E+001
  0.739472E+000  0.102430E+001
  0.741389E+000  0.102892E+001
  0.743287E+000  0.103355E+001
  0.745167E+000  0.103818E+001
  0.747029E+000  0.104282E+001
  0.748873E+000  0.104747E+001
  0.750699E+000  0.105212E+001
  0.752508E+000  0.105679E+001
  0.754299E+000  0.106145E+001
  0.756072E+000  0.106613E+001
  0.757829E+000  0.107081E+001
  0.759569E+000  0.107550E+001
  0.761293E+000  0.108019E+001
  0.763000E+000  0.108489E+001
  0.764691E+000  0.108960E+001
  0.766366E+000  0.109431E+001
  0.768026E+000  0.109902E+001
  0.769670E+000  0.110374E+001
  0.771300E+000  0.110847E+001
  0.772916E+000  0.111320E+001
  0.774517E+000  0.111794E+001
  0.776104E+000  0.112268E+001
  0.777677E+000  0.112743E+001
  0.779237E+000  0.113218E+001
  0.780785E+000  0.113693E+001
  0.782320E+000  0.114169E+001
  0.783842E+000  0.114645E+001
  0.785353E+000  0.115122E+001
  0.786852E+000  0.115599E+001
  0.788340E+000  0.116076E+001
  0.789817E+000  0.116554E+001
  0.791284E+000  0.117032E+001
  0.792740E+000  0.117510E+001
  0.794187E+000  0.117989E+001
  0.795624E+000  0.118468E+001
  0.797052E+000  0.118947E+001
  0.798471E+000  0.119427E+001
  0.799882E+000  0.119906E+001
  0.801284E+000  0.120386E+001
  0.802679E+000  0.120866E+001
  0.804066E+000  0.121347E+001
  0.805445E+000  0.121827E+001
  0.806818E+000  0.122308E+001
  0.808185E+000  0.122789E+001
  0.809545E+000  0.123270E+001
  0.810898E+000  0.123751E+001
  0.812246E+000  0.124233E+001
  0.813589E+000  0.124715E+001
  0.814926E+000  0.125196E+001
  0.816259E+000  0.125678E+001
  0.817586E+000  0.126160E+001
  0.818909E+000  0.126643E+001
  0.820228E+000  0.127125E+001
  0.821543E+000  0.127607E+001
  0.822855E+000  0.128090E+001
  0.824162E+000  0.128572E+001
  0.825467E+000  0.129055E+001
  0.826768E+000  0.129538E+001
  0.828066E+000  0.130021E+001
  0.829362E+000  0.130504E+001
  0.830656E+000  0.130987E+001
  0.831947E+000  0.131470E+001
  0.833235E+000  0.131953E+001
  0.834523E+000  0.132436E+001
  0.835808E+000  0.132919E+001
  0.837092E+000  0.133402E+001
  0.838374E+000  0.133886E+001
  0.839655E+000  0.134369E+001
  0.840935E+000  0.134852E+001
  0.842214E+000  0.135336E+001
  0.843492E+000  0.135819E+001
  0.844770E+000  0.136302E+001
  0.846047E+000  0.136786E+001
  0.847324E+000  0.137269E+001
  0.848601E+000  0.137753E+001
  0.849877E+000  0.138236E+001
  0.851154E+000  0.138719E+001
  0.852430E+000  0.139203E+001
  0.853707E+000  0.139686E+001
  0.854985E+000  0.140170E+001
  0.856262E+000  0.140653E+001
  0.857540E+000  0.141136E+001
  0.858819E+000  0.141620E+001
  0.860099E+000  0.142103E+001
  0.861380E+000  0.142587E+001
  0.862661E+000  0.143070E+001
  0.863943E+000  0.143553E+001
  0.865227E+000  0.144036E+001
  0.866512E+000  0.144520E+001
  0.867798E+000  0.145003E+001
  0.869085E+000  0.145486E+001
  0.870374E+000  0.145969E+001
  0.871664E+000  0.146452E+001
  0.872956E+000  0.146935E+001
  0.874249E+000  0.147418E+001
  0.875544E+000  0.147901E+001
  0.876841E+000  0.148384E+001
  0.878140E+000  0.148867E+001
  0.879440E+000  0.149350E+001
  0.880742E+000  0.149832E+001
  0.882047E+000  0.150315E+001
  0.883353E+000  0.150798E+001
  0.884661E+000  0.151280E+001
  0.885971E+000  0.151763E+001
  0.887284E+000  0.152245E+001
  0.888598E+000  0.152728E+001
  0.889915E+000  0.153210E+001
  0.891234E+000  0.153692E+001
  0.892556E+000  0.154174E+001
  0.893879E+000  0.154657E+001
  0.895206E+000  0.155139E+001
  0.896534E+000  0.155621E+001
  0.897865E+000  0.156103E+001
  0.899198E+000  0.156585E+001
  0.900534E+000  0.157066E+001
  0.901872E+000  0.157548E+001
  0.903213E+000  0.158030E+001
  0.904556E+000  0.158511E+001
  0.905902E+000  0.158993E+001
  0.907250E+000  0.159474E+001
  0.908601E+000  0.159956E+001
  0.909955E+000  0.160437E+001
  0.911312E+000  0.160918E+001
  0.912671E+000  0.161400E+001
  0.914032E+000  0.161881E+001
  0.915397E+000  0.162362E+001
  0.916764E+000  0.162843E+001
  0.918134E+000  0.163324E+001
  0.919506E+000  0.163804E+001
  0.920881E+000  0.164285E+001
  0.922259E+000  0.164766E+001
  0.923640E+000  0.165246E+001
  0.925024E+000  0.165727E+001
  0.926410E+000  0.166207E+001
  0.927800E+000  0.166687E+001
  0.929192E+000  0.167168E+001
  0.930586E+000  0.167648E+001
  0.931984E+000  0.168128E+001
  0.933385E+000  0.168608E+001
  0.934788E+000  0.169088E+001
  0.936194E+000  0.169568E+001
  0.937603E+000  0.170047E+001
  0.939015E+000  0.170527E+001
  0.940429E+000  0.171007E+001
  0.941847E+000  0.171486E+001
  0.943267E+000  0.171965E+001
  0.944691E+000  0.172445E+001
  0.946117E+000  0.172924E+001
  0.947546E+000  0.173403E+001
  0.948977E+000  0.173882E+001
  0.950412E+000  0.174361E+001
  0.951849E+000  0.174840E+001
  0.953290E+000  0.175319E+001
  0.954733E+000  0.175798E+001
  0.956179E+000  0.176276E+001
  0.957628E+000  0.176755E+001
  0.959079E+000  0.177233E+001
  0.960534E+000  0.177712E+001
  0.961991E+000  0.178190E+001
  0.963452E+000  0.178668E+001
  0.964915E+000  0.179146E+001
  0.966381E+000  0.179624E+001
  0.967849E+000  0.180102E+001
  0.969321E+000  0.180580E+001
  0.970795E+000  0.181058E+001
  0.972272E+000  0.181536E+001
  0.973752E+000  0.182013E+001
  0.975235E+000  0.182491E+001
  0.976720E+000  0.182968E+001
  0.978209E+000  0.183445E+001
  0.979700E+000  0.183923E+001
  0.981194E+000  0.184400E+001
  0.982690E+000  0.184877E+001
  0.984190E+000  0.185354E+001
  0.985692E+000  0.185831E+001
  0.987197E+000  0.186308E+001
  0.988705E+000  0.186784E+001
  0.990215E+000  0.187261E+001
  0.991728E+000  0.187738E+001
  0.993244E+000  0.188214E+001
  0.994762E+000  0.188690E+001
  0.996284E+000  0.189167E+001
  0.997807E+000  0.189643E+001
  0.999334E+000  0.190119E+001
  0.100086E+001  0.190595E+001
  0.100240E+001  0.191071E+001
  0.100393E+001  0.191547E+001
  0.100547E+001  0.192023E+001
  0.100701E+001  0.192498E+001
  0.100855E+001  0.192974E+001
  0.101009E+001  0.193449E+001
  0.101164E+001  0.193925E+001
  0.101319E+001  0.194400E+001
  0.101475E+001  0.194876E+001
  0.101630E+001  0.195351E+001
  0.101786E+001  0.195826E+001
  0.101942E+001  0.196301E+001
  0.102098E+001  0.196776E+001
  0.102255E+001  0.197251E+001
  0.102412E+001  0.197725E+001
  0.102569E+001  0.198200E+001
  0.102726E+001  0.198675E+001
  0.102884E+001  0.199149E+001
  0.103042E+001  0.199624E+001
  0.103200E+001  0.200098E+001
  0.103358E+001  0.200572E+001
  0.103517E+001  0.201046E+001
  0.103676E+001  0.201520E+001
  0.103835E+001  0.201994E+001
  0.103994E+001  0.202468E+001
  0.104154E+001  0.202942E+001
  0.104313E+001  0.203416E+001
  0.104474E+001  0.203890E+001
  0.104634E+001  0.204363E+001
  0.104794E+001  0.204837E+001
  0.104955E+001  0.205310E+001
  0.105116E+001  0.205784E+001
  0.105277E+001  0.206257E+001
  0.105439E+001  0.206730E+001
  0.105601E+001  0.207203E+001
  0.105763E+001  0.207676E+001
  0.105925E+001  0.208149E+001
  0.106087E+001  0.208622E+001
  0.106250E+001  0.209095E+001
  0.106413E+001  0.209568E+001
  0.106576E+001  0.210040E+001
  0.106739E+001  0.210513E+001
  0.106903E+001  0.210985E+001
  0.107067E+001  0.211458E+001
  0.107231E+001  0.211930E+001
  0.107395E+001  0.212402E+001
  0.107560E+001  0.212874E+001
  0.107724E+001  0.213347E+001
  0.107889E+001  0.213819E+001
  0.108054E+001  0.214290E+001
  0.108220E+001  0.214762E+001
  0.108385E+001  0.215234E+001
  0.108551E+001  0.215706E+001
  0.108717E+001  0.216177E+001
  0.108883E+001  0.216649E+001
  0.109050E+001  0.217120E+001
  0.109217E+001  0.217592E+001
  0.109384E+001  0.218063E+001
  0.109551E+001  0.218534E+001
  0.109718E+001  0.219006E+001
  0.109885E+001  0.219477E+001
  0.110053E+001  0.219948E+001
  0.110221E+001  0.220419E+001
  0.110389E+001  0.220890E+001
  0.110558E+001  0.221360E+001
  0.110726E+001  0.221831E+001
  0.110895E+001  0.222302E+001
  0.111064E+001  0.222772E+001
  0.111233E+001  0.223243E+001
  0.111403E+001  0.223713E+001
  0.111572E+001  0.224184E+001
  0.111742E+001  0.224654E+001
  0.111912E+001  0.225124E+001
  0.112082E+001  0.225594E+001
  0.112253E+001  0.226064E+001
  0.112423E+001  0.226534E+001
  0.112594E+001  0.227004E+001
  0.112765E+001  0.227474E+001
  0.112936E+001  0.227944E+001
  0.113108E+001  0.228414E+001
  0.113279E+001  0.228883E+001
  0.113451E+001  0.229353E+001
  0.113623E+001  0.229822E+001
  0.113795E+001  0.230292E+001
  0.113968E+001  0.230761E+001
  0.114140E+001  0.231230E+001
  0.114313E+001  0.231700E+001
  0.114486E+001  0.232169E+001
  0.114659E+001  0.232638E+001
  0.114832E+001  0.233107E+001
  0.115006E+001  0.233576E+001
  0.115179E+001  0.234045E+001
  0.115353E+001  0.234513E+001
  0.115527E+001  0.234982E+001
  0.115701E+001  0.235451E+001
  0.115876E+001  0.235919E+001
  0.116050E+001  0.236388E+001
  0.116225E+001  0.236856E+001
  0.116400E+001  0.237325E+001
  0.116575E+001  0.237793E+001
  0.116751E+001  0.238261E+001
  0.116926E+001  0.238730E+001
  0.117102E+001  0.239198E+001
  0.117278E+001  0.239666E+001
  0.117454E+001  0.240134E+001
  0.117630E+001  0.240602E+001
  0.117806E+001  0.241070E+001
  0.117983E+001  0.241537E+001
  0.118159E+001  0.242005E+001
  0.118336E+001  0.242473E+001
  0.118513E+001  0.242940E+001
  0.118691E+001  0.243408E+001
  0.118868E+001  0.243875E+001
  0.119046E+001  0.244343E+001
  0.119223E+001  0.244810E+001
  0.119401E+001  0.245277E+001
  0.119579E+001  0.245745E+001
  0.119758E+001  0.246212E+001
  0.119936E+001  0.246679E+001
  0.120115E+001  0.247146E+001
  0.120293E+001  0.247613E+001
  0.120472E+001  0.248080E+001
  0.120651E+001  0.248546E+001
  0.120831E+001  0.249013E+001
  0.121010E+001  0.249480E+001
  0.121190E+001  0.249947E+001
  0.121369E+001  0.250413E+001
  0.121549E+001  0.250880E+001
  0.121729E+001  0.251346E+001
  0.121910E+001  0.251812E+001
  0.122090E+001  0.252279E+001
  0.122271E+001  0.252745E+001
  0.122451E+001  0.253211E+001
  0.122632E+001  0.253677E+001
  0.122813E+001  0.254143E+001
  0.122994E+001  0.254609E+001
  0.123176E+001  0.255075E+001
  0.123357E+001  0.255541E+001
  0.123539E+001  0.256007E+001
  0.123721E+001  0.256473E+001
  0.123903E+001  0.256939E+001
  0.124085E+001  0.257404E+001
  0.124267E+001  0.257870E+001
  0.124450E+001  0.258335E+001
  0.124632E+001  0.258801E+001
  0.124815E+001  0.259266E+001
  0.124998E+001  0.259732E+001
  0.125181E+001  0.260197E+001
  0.125364E+001  0.260662E+001
  0.125547E+001  0.261127E+001
  0.125731E+001  0.261592E+001
  0.125915E+001  0.262057E+001
  0.126098E+001  0.262522E+001
  0.126282E+001  0.262987E+001
  0.126466E+001  0.263452E+001
  0.126651E+001  0.263917E+001
  0.126835E+001  0.264382E+001
  0.127020E+001  0.264846E+001
  0.127204E+001  0.265311E+001
  0.127389E+001  0.265776E+001
  0.127574E+001  0.266240E+001
  0.127759E+001  0.266705E+001
  0.127945E+001  0.267169E+001
  0.128130E+001  0.267633E+001
  0.128316E+001  0.268098E+001
  0.128502E+001  0.268562E+001
  0.128687E+001  0.269026E+001
  0.128873E+001  0.269490E+001
  0.129060E+001  0.269954E+001
  0.129246E+001  0.270418E+001
  0.129432E+001  0.270882E+001
  0.129619E+001  0.271346E+001
  0.129806E+001  0.271810E+001
  0.129993E+001  0.272274E+001
  0.130180E+001  0.272737E+001
  0.130367E+001  0.273201E+001
  0.130554E+001  0.273664E+001
  0.130742E+001  0.274128E+001
  0.130929E+001  0.274591E+001
  0.131117E+001  0.275055E+001
  0.131305E+001  0.275518E+001
  0.131493E+001  0.275981E+001
  0.131681E+001  0.276445E+001
  0.131870E+001  0.276908E+001
  0.132058E+001  0.277371E+001
  0.132247E+001  0.277834E+001
  0.132435E+001  0.278297E+001
  0.132624E+001  0.278760E+001
  0.132813E+001  0.279223E+001
  0.133003E+001  0.279686E+001
  0.133192E+001  0.280148E+001
  0.133381E+001  0.280611E+001
  0.133571E+001  0.281074E+001
  0.133761E+001  0.281536E+001
  0.133950E+001  0.281999E+001
  0.134140E+001  0.282462E+001
  0.134331E+001  0.282924E+001
  0.134521E+001  0.283386E+001
  0.134711E+001  0.283849E+001
  0.134902E+001  0.284311E+001
  0.135093E+001  0.284773E+001
  0.135283E+001  0.285235E+001
  0.135474E+001  0.285697E+001
  0.135666E+001  0.286159E+001
  0.135857E+001  0.286621E+001
  0.136048E+001  0.287083E+001
  0.136240E+001  0.287545E+001
  0.136431E+001  0.288007E+001
  0.136623E+001  0.288469E+001
  0.136815E+001  0.288930E+001
  0.137007E+001  0.289392E+001
  0.137199E+001  0.289854E+001
  0.137392E+001  0.290315E+001
  0.137584E+001  0.290777E+001
  0.137777E+001  0.291238E+001
  0.137970E+001  0.291699E+001
  0.138163E+001  0.292161E+001
  0.138356E+001  0.292622E+001
  0.138549E+001  0.293083E+001
  0.138742E+001  0.293544E+001
  0.138936E+001  0.294005E+001
  0.139129E+001  0.294466E+001
  0.139323E+001  0.294927E+001
  0.139517E+001  0.295388E+001
  0.139711E+001  0.295849E+001
  0.139905E+001  0.296310E+001
  0.140099E+001  0.296770E+001
  0.140294E+001  0.297231E+001
  0.140488E+001  0.297692E+001
  0.140683E+001  0.298152E+001
  0.140878E+001  0.298613E+001
  0.141072E+001  0.299073E+001
  0.141268E+001  0.299533E+001
  0.141463E+001  0.299994E+001
  0.141658E+001  0.300454E+001
  0.141854E+001  0.300914E+001
  0.142049E+001  0.301374E+001
  0.142245E+001  0.301834E+001
  0.142441E+001  0.302295E+001
  0.142637E+001  0.302754E+001
  0.142833E+001  0.303214E+001
  0.143029E+001  0.303674E+001
  0.143226E+001  0.304134E+001
  0.143422E+001  0.304594E+001
  0.143619E+001  0.305054E+001
  0.143816E+001  0.305513E+001
  0.144013E+001  0.305973E+001
  0.144210E+001  0.306432E+001
  0.144407E+001  0.306892E+001
  0.144604E+001  0.307351E+001
  0.144802E+001  0.307810E+001
  0.145000E+001  0.308270E+001
  0.145197E+001  0.308729E+001
  0.145395E+001  0.309188E+001
  0.145593E+001  0.309647E+001
  0.145791E+001  0.310106E+001
  0.145990E+001  0.310565E+001
  0.146188E+001  0.311024E+001
  0.146387E+001  0.311483E+001
  0.146585E+001  0.311942E+001
  0.146784E+001  0.312401E+001
  0.146983E+001  0.312859E+001
  0.147182E+001  0.313318E+001
  0.147382E+001  0.313777E+001
  0.147581E+001  0.314235E+001
  0.147780E+001  0.314694E+001
  0.147980E+001  0.315152E+001
  0.148180E+001  0.315610E+001
  0.148380E+001  0.316069E+001
  0.148580E+001  0.316527E+001
  0.148780E+001  0.316985E+001
  0.148980E+001  0.317443E+001
  0.149180E+001  0.317901E+001
  0.149381E+001  0.318359E+001
  0.149582E+001  0.318817E+001
  0.149782E+001  0.319275E+001
  0.149983E+001  0.319733E+001
  0.150184E+001  0.320191E+001
