  0.345967E+000  0.507749E-001
  0.345967E+000  0.507749E-001
  0.345860E+000  0.557738E-001
  0.345745E+000  0.607725E-001
  0.345621E+000  0.657709E-001
  0.345490E+000  0.707692E-001
  0.345351E+000  0.757673E-001
  0.345205E+000  0.807652E-001
  0.345053E+000  0.857628E-001
  0.344895E+000  0.907603E-001
  0.344732E+000  0.957577E-001
  0.344564E+000  0.100755E+000
  0.344392E+000  0.105752E+000
  0.344216E+000  0.110749E+000
  0.344037E+000  0.115746E+000
  0.343856E+000  0.120742E+000
  0.343673E+000  0.125739E+000
  0.343489E+000  0.130736E+000
  0.343305E+000  0.135732E+000
  0.343122E+000  0.140729E+000
  0.342939E+000  0.145726E+000
  0.342759E+000  0.150722E+000
  0.342582E+000  0.155719E+000
  0.342408E+000  0.160716E+000
  0.342238E+000  0.165713E+000
  0.342074E+000  0.170711E+000
  0.341916E+000  0.175708E+000
  0.341765E+000  0.180706E+000
  0.341622E+000  0.185704E+000
  0.341488E+000  0.190702E+000
  0.341365E+000  0.195700E+000
  0.341253E+000  0.200699E+000
  0.341153E+000  0.205698E+000
  0.341067E+000  0.210697E+000
  0.340996E+000  0.215697E+000
  0.340941E+000  0.220697E+000
  0.340904E+000  0.225696E+000
  0.340886E+000  0.230696E+000
  0.340890E+000  0.235696E+000
  0.340916E+000  0.240696E+000
  0.340967E+000  0.245696E+000
  0.341045E+000  0.250695E+000
  0.341153E+000  0.255694E+000
  0.341292E+000  0.260692E+000
  0.341466E+000  0.265689E+000
  0.341678E+000  0.270685E+000
  0.341932E+000  0.275678E+000
  0.342230E+000  0.280669E+000
  0.342578E+000  0.285657E+000
  0.342981E+000  0.290641E+000
  0.343443E+000  0.295620E+000
  0.343971E+000  0.300592E+000
  0.344572E+000  0.305556E+000
  0.345253E+000  0.310509E+000
  0.346022E+000  0.315449E+000
  0.346888E+000  0.320374E+000
  0.347861E+000  0.325278E+000
  0.348949E+000  0.330158E+000
  0.350164E+000  0.335009E+000
  0.351512E+000  0.339824E+000
  0.353001E+000  0.344597E+000
  0.354634E+000  0.349322E+000
  0.356169E+000  0.354081E+000
  0.358325E+000  0.358592E+000
  0.360382E+000  0.363149E+000
  0.362565E+000  0.367648E+000
  0.364864E+000  0.372088E+000
  0.367266E+000  0.376473E+000
  0.369758E+000  0.380808E+000
  0.372328E+000  0.385097E+000
  0.374967E+000  0.389344E+000
  0.377664E+000  0.393554E+000
  0.380411E+000  0.397732E+000
  0.383201E+000  0.401881E+000
  0.386028E+000  0.406005E+000
  0.388887E+000  0.410107E+000
  0.391774E+000  0.414190E+000
  0.394685E+000  0.418255E+000
  0.397617E+000  0.422305E+000
  0.400567E+000  0.426341E+000
  0.403535E+000  0.430366E+000
  0.406517E+000  0.434379E+000
  0.409511E+000  0.438383E+000
  0.412518E+000  0.442378E+000
  0.415535E+000  0.446365E+000
  0.418561E+000  0.450346E+000
  0.421596E+000  0.454319E+000
  0.424639E+000  0.458287E+000
  0.427688E+000  0.462249E+000
  0.430745E+000  0.466206E+000
  0.433807E+000  0.470159E+000
  0.436874E+000  0.474107E+000
  0.439947E+000  0.478052E+000
  0.443024E+000  0.481993E+000
  0.446106E+000  0.485930E+000
  0.449191E+000  0.489865E+000
  0.452280E+000  0.493796E+000
  0.455372E+000  0.497726E+000
  0.458468E+000  0.501652E+000
  0.461566E+000  0.505577E+000
  0.464667E+000  0.509499E+000
  0.467770E+000  0.513419E+000
  0.470876E+000  0.517338E+000
  0.473984E+000  0.521254E+000
  0.477094E+000  0.525170E+000
  0.480205E+000  0.529083E+000
  0.483319E+000  0.532996E+000
  0.486434E+000  0.536907E+000
  0.489550E+000  0.540817E+000
  0.492667E+000  0.544726E+000
  0.495786E+000  0.548634E+000
  0.498906E+000  0.552541E+000
  0.502027E+000  0.556448E+000
  0.505149E+000  0.560354E+000
  0.508271E+000  0.564259E+000
  0.511395E+000  0.568163E+000
  0.514518E+000  0.572067E+000
  0.517643E+000  0.575971E+000
  0.520768E+000  0.579874E+000
  0.523893E+000  0.583777E+000
  0.527019E+000  0.587680E+000
  0.530144E+000  0.591582E+000
  0.533271E+000  0.595484E+000
  0.536397E+000  0.599386E+000
  0.539523E+000  0.603289E+000
  0.542649E+000  0.607191E+000
  0.545775E+000  0.611093E+000
  0.548901E+000  0.614995E+000
  0.552027E+000  0.618898E+000
  0.555153E+000  0.622800E+000
  0.558278E+000  0.626703E+000
  0.561403E+000  0.630606E+000
  0.564528E+000  0.634510E+000
  0.567652E+000  0.638413E+000
  0.570776E+000  0.642318E+000
  0.573899E+000  0.646222E+000
  0.577021E+000  0.650127E+000
  0.580143E+000  0.654033E+000
  0.583264E+000  0.657939E+000
  0.586385E+000  0.661846E+000
  0.589505E+000  0.665753E+000
  0.592624E+000  0.669661E+000
  0.595742E+000  0.673570E+000
  0.598859E+000  0.677479E+000
  0.601975E+000  0.681389E+000
  0.605091E+000  0.685300E+000
  0.608205E+000  0.689212E+000
  0.611318E+000  0.693124E+000
  0.614430E+000  0.697038E+000
  0.617541E+000  0.700952E+000
  0.620651E+000  0.704867E+000
  0.623760E+000  0.708783E+000
  0.626867E+000  0.712700E+000
  0.629973E+000  0.716619E+000
  0.633078E+000  0.720538E+000
  0.636181E+000  0.724458E+000
  0.639283E+000  0.728380E+000
  0.642384E+000  0.732302E+000
  0.645483E+000  0.736226E+000
  0.648581E+000  0.740151E+000
  0.651677E+000  0.744077E+000
  0.654771E+000  0.748004E+000
  0.657864E+000  0.751933E+000
  0.660955E+000  0.755863E+000
  0.664045E+000  0.759794E+000
  0.667133E+000  0.763727E+000
  0.670219E+000  0.767660E+000
  0.673303E+000  0.771596E+000
  0.676386E+000  0.775533E+000
  0.679466E+000  0.779471E+000
  0.682545E+000  0.783410E+000
  0.685622E+000  0.787352E+000
  0.688697E+000  0.791294E+000
  0.691770E+000  0.795239E+000
  0.694841E+000  0.799184E+000
  0.697910E+000  0.803132E+000
  0.700977E+000  0.807081E+000
  0.704041E+000  0.811031E+000
  0.707104E+000  0.814984E+000
  0.710164E+000  0.818938E+000
  0.713222E+000  0.822893E+000
  0.716278E+000  0.826851E+000
  0.719332E+000  0.830810E+000
  0.722383E+000  0.834771E+000
  0.725432E+000  0.838734E+000
  0.728479E+000  0.842699E+000
  0.731523E+000  0.846665E+000
  0.734565E+000  0.850633E+000
  0.737604E+000  0.854604E+000
  0.740641E+000  0.858576E+000
  0.743675E+000  0.862550E+000
  0.746706E+000  0.866526E+000
  0.749735E+000  0.870504E+000
  0.752762E+000  0.874484E+000
  0.755786E+000  0.878466E+000
  0.758806E+000  0.882451E+000
  0.761825E+000  0.886437E+000
  0.764840E+000  0.890425E+000
  0.767853E+000  0.894416E+000
  0.770862E+000  0.898408E+000
  0.773869E+000  0.902403E+000
  0.776873E+000  0.906400E+000
  0.779874E+000  0.910400E+000
  0.782872E+000  0.914401E+000
  0.785867E+000  0.918405E+000
  0.788859E+000  0.922411E+000
  0.791847E+000  0.926420E+000
  0.794833E+000  0.930431E+000
  0.797815E+000  0.934444E+000
  0.800794E+000  0.938460E+000
  0.803769E+000  0.942478E+000
  0.806742E+000  0.946498E+000
  0.809711E+000  0.950522E+000
  0.812676E+000  0.954547E+000
  0.815638E+000  0.958576E+000
  0.818596E+000  0.962606E+000
  0.821551E+000  0.966640E+000
  0.824502E+000  0.970676E+000
  0.827450E+000  0.974715E+000
  0.830393E+000  0.978757E+000
  0.833333E+000  0.982801E+000
  0.836269E+000  0.986849E+000
  0.839201E+000  0.990899E+000
  0.842129E+000  0.994952E+000
  0.845053E+000  0.999008E+000
  0.847972E+000  0.100307E+001
  0.850888E+000  0.100713E+001
  0.853799E+000  0.101119E+001
  0.856705E+000  0.101526E+001
  0.859608E+000  0.101933E+001
  0.862505E+000  0.102341E+001
  0.865398E+000  0.102749E+001
  0.868287E+000  0.103157E+001
  0.871170E+000  0.103565E+001
  0.874049E+000  0.103974E+001
  0.876922E+000  0.104383E+001
  0.879791E+000  0.104793E+001
  0.882654E+000  0.105203E+001
  0.885512E+000  0.105613E+001
  0.888364E+000  0.106024E+001
  0.891211E+000  0.106435E+001
  0.894052E+000  0.106846E+001
  0.896887E+000  0.107258E+001
  0.899717E+000  0.107670E+001
  0.902540E+000  0.108083E+001
  0.905358E+000  0.108496E+001
  0.908169E+000  0.108909E+001
  0.910973E+000  0.109323E+001
  0.913771E+000  0.109738E+001
  0.916562E+000  0.110153E+001
  0.919347E+000  0.110568E+001
  0.922124E+000  0.110984E+001
  0.924894E+000  0.111400E+001
  0.927657E+000  0.111817E+001
  0.930413E+000  0.112234E+001
  0.933161E+000  0.112652E+001
  0.935901E+000  0.113070E+001
  0.938633E+000  0.113489E+001
  0.941358E+000  0.113908E+001
  0.944074E+000  0.114328E+001
  0.946782E+000  0.114748E+001
  0.949481E+000  0.115169E+001
  0.952172E+000  0.115590E+001
  0.954854E+000  0.116012E+001
  0.957527E+000  0.116435E+001
  0.960191E+000  0.116858E+001
  0.962845E+000  0.117282E+001
  0.965491E+000  0.117706E+001
  0.968127E+000  0.118131E+001
  0.970753E+000  0.118556E+001
  0.973370E+000  0.118982E+001
  0.975976E+000  0.119409E+001
  0.978573E+000  0.119836E+001
  0.981160E+000  0.120264E+001
  0.983736E+000  0.120693E+001
  0.986303E+000  0.121122E+001
  0.988858E+000  0.121551E+001
  0.991404E+000  0.121982E+001
  0.993939E+000  0.122413E+001
  0.996463E+000  0.122844E+001
  0.998976E+000  0.123277E+001
  0.100148E+001  0.123710E+001
  0.100397E+001  0.124143E+001
  0.100645E+001  0.124577E+001
  0.100892E+001  0.125012E+001
  0.101138E+001  0.125447E+001
  0.101383E+001  0.125883E+001
  0.101626E+001  0.126320E+001
  0.101869E+001  0.126757E+001
  0.102110E+001  0.127195E+001
  0.102351E+001  0.127633E+001
  0.102590E+001  0.128073E+001
  0.102828E+001  0.128512E+001
  0.103065E+001  0.128953E+001
  0.103301E+001  0.129393E+001
  0.103535E+001  0.129835E+001
  0.103769E+001  0.130277E+001
  0.104001E+001  0.130720E+001
  0.104233E+001  0.131163E+001
  0.104463E+001  0.131607E+001
  0.104692E+001  0.132051E+001
  0.104920E+001  0.132496E+001
  0.105147E+001  0.132942E+001
  0.105372E+001  0.133388E+001
  0.105597E+001  0.133835E+001
  0.105820E+001  0.134282E+001
  0.106043E+001  0.134730E+001
  0.106264E+001  0.135178E+001
  0.106484E+001  0.135627E+001
  0.106703E+001  0.136077E+001
  0.106921E+001  0.136527E+001
  0.107138E+001  0.136977E+001
  0.107354E+001  0.137428E+001
  0.107569E+001  0.137880E+001
  0.107782E+001  0.138332E+001
  0.107995E+001  0.138784E+001
  0.108207E+001  0.139237E+001
  0.108417E+001  0.139691E+001
  0.108626E+001  0.140145E+001
  0.108835E+001  0.140599E+001
  0.109042E+001  0.141054E+001
  0.109248E+001  0.141510E+001
  0.109454E+001  0.141966E+001
  0.109658E+001  0.142422E+001
  0.109861E+001  0.142879E+001
  0.110063E+001  0.143336E+001
  0.110264E+001  0.143794E+001
  0.110465E+001  0.144252E+001
  0.110664E+001  0.144711E+001
  0.110862E+001  0.145170E+001
  0.111059E+001  0.145629E+001
  0.111255E+001  0.146089E+001
  0.111450E+001  0.146550E+001
  0.111645E+001  0.147010E+001
  0.111838E+001  0.147471E+001
  0.112030E+001  0.147933E+001
  0.112222E+001  0.148395E+001
  0.112412E+001  0.148857E+001
  0.112602E+001  0.149320E+001
  0.112791E+001  0.149783E+001
  0.112978E+001  0.150246E+001
  0.113165E+001  0.150710E+001
  0.113351E+001  0.151174E+001
  0.113536E+001  0.151639E+001
  0.113720E+001  0.152104E+001
  0.113903E+001  0.152569E+001
  0.114086E+001  0.153034E+001
  0.114267E+001  0.153500E+001
  0.114448E+001  0.153966E+001
  0.114628E+001  0.154433E+001
  0.114807E+001  0.154900E+001
  0.114985E+001  0.155367E+001
  0.115163E+001  0.155834E+001
  0.115339E+001  0.156302E+001
  0.115515E+001  0.156770E+001
  0.115690E+001  0.157239E+001
  0.115864E+001  0.157707E+001
  0.116038E+001  0.158176E+001
  0.116210E+001  0.158646E+001
  0.116382E+001  0.159115E+001
  0.116553E+001  0.159585E+001
  0.116724E+001  0.160055E+001
  0.116894E+001  0.160525E+001
  0.117063E+001  0.160996E+001
  0.117231E+001  0.161467E+001
  0.117399E+001  0.161938E+001
  0.117566E+001  0.162409E+001
  0.117732E+001  0.162880E+001
  0.117898E+001  0.163352E+001
  0.118063E+001  0.163824E+001
  0.118227E+001  0.164296E+001
  0.118391E+001  0.164769E+001
  0.118554E+001  0.165242E+001
  0.118716E+001  0.165714E+001
  0.118878E+001  0.166188E+001
  0.119039E+001  0.166661E+001
  0.119200E+001  0.167134E+001
  0.119360E+001  0.167608E+001
  0.119519E+001  0.168082E+001
  0.119678E+001  0.168556E+001
  0.119837E+001  0.169030E+001
  0.119995E+001  0.169505E+001
  0.120152E+001  0.169979E+001
  0.120309E+001  0.170454E+001
  0.120465E+001  0.170929E+001
  0.120621E+001  0.171404E+001
  0.120776E+001  0.171879E+001
  0.120931E+001  0.172355E+001
  0.121086E+001  0.172830E+001
  0.121239E+001  0.173306E+001
  0.121393E+001  0.173782E+001
  0.121546E+001  0.174258E+001
  0.121699E+001  0.174734E+001
  0.121851E+001  0.175210E+001
  0.122002E+001  0.175687E+001
  0.122154E+001  0.176163E+001
  0.122305E+001  0.176640E+001
  0.122455E+001  0.177117E+001
  0.122606E+001  0.177594E+001
  0.122755E+001  0.178071E+001
  0.122905E+001  0.178548E+001
  0.123054E+001  0.179025E+001
  0.123203E+001  0.179502E+001
  0.123351E+001  0.179980E+001
  0.123499E+001  0.180457E+001
  0.123647E+001  0.180935E+001
  0.123795E+001  0.181413E+001
  0.123942E+001  0.181891E+001
  0.124089E+001  0.182369E+001
  0.124235E+001  0.182847E+001
  0.124382E+001  0.183325E+001
  0.124528E+001  0.183803E+001
  0.124673E+001  0.184281E+001
  0.124819E+001  0.184759E+001
  0.124964E+001  0.185238E+001
  0.125109E+001  0.185716E+001
  0.125254E+001  0.186195E+001
  0.125399E+001  0.186674E+001
  0.125543E+001  0.187152E+001
  0.125687E+001  0.187631E+001
  0.125831E+001  0.188110E+001
  0.125975E+001  0.188589E+001
  0.126119E+001  0.189068E+001
  0.126262E+001  0.189547E+001
  0.126405E+001  0.190026E+001
  0.126549E+001  0.190505E+001
  0.126691E+001  0.190984E+001
  0.126834E+001  0.191463E+001
  0.126977E+001  0.191942E+001
  0.127119E+001  0.192422E+001
  0.127262E+001  0.192901E+001
  0.127404E+001  0.193380E+001
  0.127546E+001  0.193860E+001
  0.127688E+001  0.194339E+001
  0.127830E+001  0.194818E+001
  0.127972E+001  0.195298E+001
  0.128113E+001  0.195777E+001
  0.128255E+001  0.196257E+001
  0.128396E+001  0.196737E+001
  0.128538E+001  0.197216E+001
  0.128679E+001  0.197696E+001
  0.128820E+001  0.198175E+001
  0.128962E+001  0.198655E+001
  0.129103E+001  0.199135E+001
  0.129244E+001  0.199614E+001
  0.129385E+001  0.200094E+001
  0.129526E+001  0.200574E+001
  0.129667E+001  0.201053E+001
  0.129808E+001  0.201533E+001
  0.129949E+001  0.202013E+001
  0.130090E+001  0.202493E+001
  0.130230E+001  0.202972E+001
  0.130371E+001  0.203452E+001
  0.130512E+001  0.203932E+001
  0.130653E+001  0.204412E+001
  0.130794E+001  0.204891E+001
  0.130935E+001  0.205371E+001
  0.131075E+001  0.205851E+001
  0.131216E+001  0.206331E+001
  0.131357E+001  0.206811E+001
  0.131498E+001  0.207290E+001
  0.131639E+001  0.207770E+001
  0.131780E+001  0.208250E+001
  0.131921E+001  0.208729E+001
  0.132062E+001  0.209209E+001
  0.132202E+001  0.209689E+001
  0.132344E+001  0.210169E+001
  0.132485E+001  0.210648E+001
  0.132626E+001  0.211128E+001
  0.132767E+001  0.211608E+001
  0.132908E+001  0.212087E+001
  0.133049E+001  0.212567E+001
  0.133191E+001  0.213047E+001
  0.133332E+001  0.213526E+001
  0.133473E+001  0.214006E+001
  0.133615E+001  0.214485E+001
  0.133757E+001  0.214965E+001
  0.133898E+001  0.215444E+001
  0.134040E+001  0.215924E+001
  0.134182E+001  0.216403E+001
  0.134324E+001  0.216883E+001
  0.134466E+001  0.217362E+001
  0.134608E+001  0.217842E+001
  0.134750E+001  0.218321E+001
  0.134892E+001  0.218800E+001
  0.135034E+001  0.219280E+001
  0.135177E+001  0.219759E+001
  0.135319E+001  0.220238E+001
  0.135462E+001  0.220717E+001
  0.135605E+001  0.221197E+001
  0.135747E+001  0.221676E+001
  0.135890E+001  0.222155E+001
  0.136033E+001  0.222634E+001
  0.136176E+001  0.223113E+001
  0.136320E+001  0.223592E+001
  0.136463E+001  0.224071E+001
  0.136607E+001  0.224550E+001
  0.136750E+001  0.225029E+001
  0.136894E+001  0.225508E+001
  0.137038E+001  0.225987E+001
  0.137182E+001  0.226466E+001
  0.137326E+001  0.226944E+001
  0.137470E+001  0.227423E+001
  0.137614E+001  0.227902E+001
  0.137759E+001  0.228381E+001
  0.137903E+001  0.228859E+001
  0.138048E+001  0.229338E+001
  0.138193E+001  0.229816E+001
  0.138338E+001  0.230295E+001
  0.138483E+001  0.230773E+001
  0.138628E+001  0.231252E+001
  0.138774E+001  0.231730E+001
  0.138919E+001  0.232208E+001
  0.139065E+001  0.232687E+001
  0.139211E+001  0.233165E+001
  0.139357E+001  0.233643E+001
  0.139503E+001  0.234121E+001
  0.139649E+001  0.234600E+001
  0.139795E+001  0.235078E+001
  0.139942E+001  0.235556E+001
  0.140089E+001  0.236034E+001
  0.140236E+001  0.236512E+001
  0.140383E+001  0.236990E+001
  0.140530E+001  0.237467E+001
  0.140677E+001  0.237945E+001
  0.140824E+001  0.238423E+001
  0.140972E+001  0.238901E+001
  0.141120E+001  0.239378E+001
  0.141268E+001  0.239856E+001
  0.141416E+001  0.240334E+001
  0.141564E+001  0.240811E+001
  0.141713E+001  0.241289E+001
  0.141861E+001  0.241766E+001
  0.142010E+001  0.242243E+001
  0.142159E+001  0.242721E+001
  0.142308E+001  0.243198E+001
  0.142457E+001  0.243675E+001
  0.142606E+001  0.244152E+001
  0.142756E+001  0.244629E+001
  0.142905E+001  0.245107E+001
  0.143055E+001  0.245584E+001
  0.143205E+001  0.246061E+001
  0.143355E+001  0.246537E+001
  0.143506E+001  0.247014E+001
  0.143656E+001  0.247491E+001
  0.143807E+001  0.247968E+001
  0.143958E+001  0.248445E+001
  0.144109E+001  0.248921E+001
  0.144260E+001  0.249398E+001
  0.144411E+001  0.249874E+001
  0.144563E+001  0.250351E+001
  0.144714E+001  0.250827E+001
  0.144866E+001  0.251304E+001
  0.145018E+001  0.251780E+001
  0.145170E+001  0.252256E+001
  0.145323E+001  0.252733E+001
  0.145475E+001  0.253209E+001
  0.145628E+001  0.253685E+001
  0.145781E+001  0.254161E+001
  0.145934E+001  0.254637E+001
  0.146087E+001  0.255113E+001
  0.146240E+001  0.255589E+001
  0.146394E+001  0.256065E+001
  0.146548E+001  0.256540E+001
  0.146701E+001  0.257016E+001
  0.146855E+001  0.257492E+001
  0.147010E+001  0.257967E+001
  0.147164E+001  0.258443E+001
  0.147319E+001  0.258919E+001
  0.147473E+001  0.259394E+001
  0.147628E+001  0.259869E+001
  0.147783E+001  0.260345E+001
  0.147938E+001  0.260820E+001
  0.148094E+001  0.261295E+001
  0.148249E+001  0.261770E+001
  0.148405E+001  0.262246E+001
  0.148561E+001  0.262721E+001
  0.148717E+001  0.263196E+001
  0.148873E+001  0.263671E+001
  0.149030E+001  0.264146E+001
  0.149186E+001  0.264620E+001
  0.149343E+001  0.265095E+001
  0.149500E+001  0.265570E+001
  0.149657E+001  0.266045E+001
  0.149814E+001  0.266519E+001
  0.149972E+001  0.266994E+001
  0.150130E+001  0.267468E+001
