  0.526275E+000  0.296976E-001
  0.526275E+000  0.296976E-001
  0.526544E+000  0.346903E-001
  0.526854E+000  0.396807E-001
  0.527205E+000  0.446684E-001
  0.527597E+000  0.496530E-001
  0.528028E+000  0.546344E-001
  0.528499E+000  0.596122E-001
  0.529009E+000  0.645860E-001
  0.529559E+000  0.695558E-001
  0.530146E+000  0.745212E-001
  0.530771E+000  0.794819E-001
  0.531434E+000  0.844378E-001
  0.532133E+000  0.893887E-001
  0.532869E+000  0.943343E-001
  0.533640E+000  0.992745E-001
  0.534446E+000  0.104209E+000
  0.535286E+000  0.109138E+000
  0.536161E+000  0.114061E+000
  0.537068E+000  0.118978E+000
  0.538008E+000  0.123889E+000
  0.538981E+000  0.128793E+000
  0.539984E+000  0.133691E+000
  0.541019E+000  0.138583E+000
  0.542083E+000  0.143469E+000
  0.543177E+000  0.148347E+000
  0.544300E+000  0.153220E+000
  0.545452E+000  0.158085E+000
  0.546631E+000  0.162944E+000
  0.547837E+000  0.167797E+000
  0.549070E+000  0.172642E+000
  0.550328E+000  0.177481E+000
  0.551612E+000  0.182314E+000
  0.552921E+000  0.187139E+000
  0.554255E+000  0.191958E+000
  0.555612E+000  0.196771E+000
  0.556992E+000  0.201576E+000
  0.558395E+000  0.206375E+000
  0.559820E+000  0.211168E+000
  0.561267E+000  0.215954E+000
  0.562735E+000  0.220734E+000
  0.564224E+000  0.225507E+000
  0.565733E+000  0.230274E+000
  0.567262E+000  0.235034E+000
  0.568810E+000  0.239788E+000
  0.570378E+000  0.244536E+000
  0.571964E+000  0.249278E+000
  0.573568E+000  0.254014E+000
  0.575189E+000  0.258744E+000
  0.576828E+000  0.263467E+000
  0.578484E+000  0.268185E+000
  0.580157E+000  0.272897E+000
  0.581845E+000  0.277603E+000
  0.583550E+000  0.282304E+000
  0.585270E+000  0.286999E+000
  0.587005E+000  0.291688E+000
  0.588755E+000  0.296372E+000
  0.590519E+000  0.301050E+000
  0.592298E+000  0.305723E+000
  0.594091E+000  0.310391E+000
  0.595897E+000  0.315053E+000
  0.597716E+000  0.319710E+000
  0.599549E+000  0.324362E+000
  0.601394E+000  0.329009E+000
  0.603252E+000  0.333651E+000
  0.605122E+000  0.338289E+000
  0.607004E+000  0.342921E+000
  0.608897E+000  0.347548E+000
  0.610803E+000  0.352171E+000
  0.612719E+000  0.356789E+000
  0.614647E+000  0.361403E+000
  0.616585E+000  0.366012E+000
  0.618534E+000  0.370616E+000
  0.620493E+000  0.375217E+000
  0.622462E+000  0.379812E+000
  0.624442E+000  0.384404E+000
  0.626431E+000  0.388991E+000
  0.628429E+000  0.393574E+000
  0.630437E+000  0.398154E+000
  0.632455E+000  0.402729E+000
  0.634481E+000  0.407300E+000
  0.636516E+000  0.411867E+000
  0.638560E+000  0.416430E+000
  0.640612E+000  0.420989E+000
  0.642673E+000  0.425545E+000
  0.644741E+000  0.430097E+000
  0.646818E+000  0.434645E+000
  0.648903E+000  0.439190E+000
  0.650995E+000  0.443731E+000
  0.653095E+000  0.448269E+000
  0.655203E+000  0.452803E+000
  0.657317E+000  0.457334E+000
  0.659439E+000  0.461861E+000
  0.661568E+000  0.466385E+000
  0.663704E+000  0.470906E+000
  0.665846E+000  0.475424E+000
  0.667995E+000  0.479938E+000
  0.670151E+000  0.484450E+000
  0.672313E+000  0.488958E+000
  0.674481E+000  0.493464E+000
  0.676655E+000  0.497966E+000
  0.678836E+000  0.502466E+000
  0.681022E+000  0.506962E+000
  0.683214E+000  0.511456E+000
  0.685412E+000  0.515947E+000
  0.687615E+000  0.520436E+000
  0.689824E+000  0.524921E+000
  0.692038E+000  0.529404E+000
  0.694258E+000  0.533885E+000
  0.696482E+000  0.538363E+000
  0.698712E+000  0.542838E+000
  0.700947E+000  0.547311E+000
  0.703186E+000  0.551781E+000
  0.705431E+000  0.556249E+000
  0.707680E+000  0.560715E+000
  0.709933E+000  0.565178E+000
  0.712192E+000  0.569639E+000
  0.714454E+000  0.574098E+000
  0.716721E+000  0.578554E+000
  0.718992E+000  0.583009E+000
  0.721267E+000  0.587461E+000
  0.723547E+000  0.591912E+000
  0.725830E+000  0.596360E+000
  0.728117E+000  0.600806E+000
  0.730408E+000  0.605250E+000
  0.732703E+000  0.609692E+000
  0.735001E+000  0.614133E+000
  0.737303E+000  0.618572E+000
  0.739609E+000  0.623008E+000
  0.741917E+000  0.627443E+000
  0.744230E+000  0.631877E+000
  0.746545E+000  0.636308E+000
  0.748863E+000  0.640738E+000
  0.751185E+000  0.645166E+000
  0.753510E+000  0.649593E+000
  0.755837E+000  0.654018E+000
  0.758168E+000  0.658442E+000
  0.760501E+000  0.662864E+000
  0.762836E+000  0.667285E+000
  0.765175E+000  0.671705E+000
  0.767516E+000  0.676123E+000
  0.769859E+000  0.680540E+000
  0.772205E+000  0.684955E+000
  0.774553E+000  0.689370E+000
  0.776903E+000  0.693783E+000
  0.779255E+000  0.698195E+000
  0.781609E+000  0.702606E+000
  0.783965E+000  0.707017E+000
  0.786323E+000  0.711426E+000
  0.788683E+000  0.715834E+000
  0.791044E+000  0.720241E+000
  0.793407E+000  0.724648E+000
  0.795771E+000  0.729053E+000
  0.798137E+000  0.733458E+000
  0.800503E+000  0.737863E+000
  0.802871E+000  0.742267E+000
  0.805240E+000  0.746670E+000
  0.807610E+000  0.751073E+000
  0.809980E+000  0.755475E+000
  0.812351E+000  0.759877E+000
  0.814723E+000  0.764279E+000
  0.817095E+000  0.768680E+000
  0.819467E+000  0.773082E+000
  0.821839E+000  0.777483E+000
  0.824211E+000  0.781885E+000
  0.826583E+000  0.786286E+000
  0.828954E+000  0.790688E+000
  0.831325E+000  0.795091E+000
  0.833695E+000  0.799493E+000
  0.836064E+000  0.803897E+000
  0.838431E+000  0.808300E+000
  0.840797E+000  0.812705E+000
  0.843162E+000  0.817111E+000
  0.845524E+000  0.821518E+000
  0.847884E+000  0.825926E+000
  0.850242E+000  0.830335E+000
  0.852596E+000  0.834746E+000
  0.854948E+000  0.839158E+000
  0.857296E+000  0.843573E+000
  0.859640E+000  0.847989E+000
  0.861979E+000  0.852408E+000
  0.864314E+000  0.856829E+000
  0.866644E+000  0.861253E+000
  0.868969E+000  0.865680E+000
  0.871287E+000  0.870110E+000
  0.873599E+000  0.874544E+000
  0.875904E+000  0.878980E+000
  0.878202E+000  0.883421E+000
  0.880492E+000  0.887866E+000
  0.882774E+000  0.892315E+000
  0.885047E+000  0.896768E+000
  0.887311E+000  0.901227E+000
  0.889565E+000  0.905689E+000
  0.891810E+000  0.910157E+000
  0.894045E+000  0.914630E+000
  0.896270E+000  0.919108E+000
  0.898485E+000  0.923590E+000
  0.900690E+000  0.928078E+000
  0.902885E+000  0.932570E+000
  0.905070E+000  0.937067E+000
  0.907247E+000  0.941568E+000
  0.909416E+000  0.946074E+000
  0.911577E+000  0.950583E+000
  0.913731E+000  0.955095E+000
  0.915880E+000  0.959609E+000
  0.918024E+000  0.964126E+000
  0.920165E+000  0.968645E+000
  0.922303E+000  0.973164E+000
  0.924441E+000  0.977685E+000
  0.926579E+000  0.982205E+000
  0.928718E+000  0.986724E+000
  0.930859E+000  0.991242E+000
  0.933005E+000  0.995758E+000
  0.935155E+000  0.100027E+001
  0.937311E+000  0.100478E+001
  0.939474E+000  0.100929E+001
  0.941644E+000  0.101380E+001
  0.943823E+000  0.101830E+001
  0.946011E+000  0.102279E+001
  0.948209E+000  0.102728E+001
  0.950418E+000  0.103177E+001
  0.952637E+000  0.103625E+001
  0.954868E+000  0.104072E+001
  0.957110E+000  0.104519E+001
  0.959365E+000  0.104966E+001
  0.961631E+000  0.105411E+001
  0.963911E+000  0.105856E+001
  0.966203E+000  0.106301E+001
  0.968508E+000  0.106744E+001
  0.970826E+000  0.107187E+001
  0.973157E+000  0.107630E+001
  0.975501E+000  0.108071E+001
  0.977858E+000  0.108512E+001
  0.980228E+000  0.108953E+001
  0.982611E+000  0.109392E+001
  0.985007E+000  0.109831E+001
  0.987416E+000  0.110269E+001
  0.989838E+000  0.110707E+001
  0.992273E+000  0.111143E+001
  0.994720E+000  0.111579E+001
  0.997180E+000  0.112015E+001
  0.999653E+000  0.112449E+001
  0.100214E+001  0.112883E+001
  0.100463E+001  0.113316E+001
  0.100714E+001  0.113749E+001
  0.100966E+001  0.114181E+001
  0.101220E+001  0.114612E+001
  0.101474E+001  0.115042E+001
  0.101730E+001  0.115472E+001
  0.101986E+001  0.115901E+001
  0.102244E+001  0.116329E+001
  0.102503E+001  0.116757E+001
  0.102763E+001  0.117184E+001
  0.103024E+001  0.117611E+001
  0.103286E+001  0.118037E+001
  0.103549E+001  0.118462E+001
  0.103813E+001  0.118886E+001
  0.104078E+001  0.119310E+001
  0.104344E+001  0.119734E+001
  0.104611E+001  0.120157E+001
  0.104879E+001  0.120579E+001
  0.105148E+001  0.121000E+001
  0.105417E+001  0.121421E+001
  0.105688E+001  0.121842E+001
  0.105959E+001  0.122262E+001
  0.106232E+001  0.122681E+001
  0.106505E+001  0.123100E+001
  0.106779E+001  0.123518E+001
  0.107053E+001  0.123936E+001
  0.107329E+001  0.124353E+001
  0.107605E+001  0.124770E+001
  0.107882E+001  0.125186E+001
  0.108160E+001  0.125602E+001
  0.108438E+001  0.126017E+001
  0.108717E+001  0.126432E+001
  0.108997E+001  0.126847E+001
  0.109278E+001  0.127261E+001
  0.109559E+001  0.127674E+001
  0.109840E+001  0.128087E+001
  0.110122E+001  0.128500E+001
  0.110405E+001  0.128912E+001
  0.110689E+001  0.129324E+001
  0.110973E+001  0.129736E+001
  0.111257E+001  0.130147E+001
  0.111542E+001  0.130558E+001
  0.111827E+001  0.130968E+001
  0.112113E+001  0.131379E+001
  0.112400E+001  0.131788E+001
  0.112686E+001  0.132198E+001
  0.112974E+001  0.132607E+001
  0.113261E+001  0.133017E+001
  0.113549E+001  0.133425E+001
  0.113836E+001  0.133834E+001
  0.114124E+001  0.134243E+001
  0.114412E+001  0.134652E+001
  0.114699E+001  0.135062E+001
  0.114984E+001  0.135472E+001
  0.115264E+001  0.135887E+001
  0.115534E+001  0.136308E+001
  0.115788E+001  0.136738E+001
  0.116031E+001  0.137175E+001
  0.116268E+001  0.137615E+001
  0.116502E+001  0.138057E+001
  0.116734E+001  0.138500E+001
  0.116965E+001  0.138943E+001
  0.117195E+001  0.139387E+001
  0.117425E+001  0.139832E+001
  0.117654E+001  0.140276E+001
  0.117882E+001  0.140721E+001
  0.118109E+001  0.141166E+001
  0.118336E+001  0.141612E+001
  0.118563E+001  0.142057E+001
  0.118788E+001  0.142504E+001
  0.119013E+001  0.142950E+001
  0.119238E+001  0.143397E+001
  0.119462E+001  0.143844E+001
  0.119685E+001  0.144291E+001
  0.119908E+001  0.144739E+001
  0.120131E+001  0.145187E+001
  0.120352E+001  0.145635E+001
  0.120574E+001  0.146083E+001
  0.120794E+001  0.146532E+001
  0.121014E+001  0.146981E+001
  0.121234E+001  0.147430E+001
  0.121453E+001  0.147880E+001
  0.121671E+001  0.148329E+001
  0.121889E+001  0.148780E+001
  0.122106E+001  0.149230E+001
  0.122323E+001  0.149681E+001
  0.122539E+001  0.150132E+001
  0.122754E+001  0.150583E+001
  0.122969E+001  0.151034E+001
  0.123183E+001  0.151486E+001
  0.123397E+001  0.151938E+001
  0.123610E+001  0.152391E+001
  0.123822E+001  0.152843E+001
  0.124034E+001  0.153296E+001
  0.124245E+001  0.153749E+001
  0.124455E+001  0.154203E+001
  0.124665E+001  0.154657E+001
  0.124875E+001  0.155111E+001
  0.125083E+001  0.155565E+001
  0.125292E+001  0.156020E+001
  0.125499E+001  0.156475E+001
  0.125706E+001  0.156930E+001
  0.125912E+001  0.157385E+001
  0.126118E+001  0.157841E+001
  0.126323E+001  0.158297E+001
  0.126527E+001  0.158753E+001
  0.126731E+001  0.159210E+001
  0.126934E+001  0.159667E+001
  0.127137E+001  0.160124E+001
  0.127339E+001  0.160581E+001
  0.127540E+001  0.161039E+001
  0.127741E+001  0.161497E+001
  0.127941E+001  0.161955E+001
  0.128140E+001  0.162414E+001
  0.128339E+001  0.162872E+001
  0.128537E+001  0.163331E+001
  0.128735E+001  0.163791E+001
  0.128932E+001  0.164250E+001
  0.129129E+001  0.164710E+001
  0.129324E+001  0.165170E+001
  0.129520E+001  0.165630E+001
  0.129714E+001  0.166091E+001
  0.129908E+001  0.166552E+001
  0.130102E+001  0.167013E+001
  0.130294E+001  0.167474E+001
  0.130487E+001  0.167936E+001
  0.130678E+001  0.168398E+001
  0.130869E+001  0.168860E+001
  0.131060E+001  0.169322E+001
  0.131250E+001  0.169785E+001
  0.131439E+001  0.170247E+001
  0.131628E+001  0.170710E+001
  0.131816E+001  0.171174E+001
  0.132003E+001  0.171637E+001
  0.132190E+001  0.172101E+001
  0.132377E+001  0.172565E+001
  0.132562E+001  0.173029E+001
  0.132748E+001  0.173493E+001
  0.132932E+001  0.173958E+001
  0.133117E+001  0.174423E+001
  0.133300E+001  0.174888E+001
  0.133483E+001  0.175353E+001
  0.133666E+001  0.175819E+001
  0.133848E+001  0.176284E+001
  0.134029E+001  0.176750E+001
  0.134210E+001  0.177216E+001
  0.134391E+001  0.177683E+001
  0.134571E+001  0.178149E+001
  0.134750E+001  0.178616E+001
  0.134929E+001  0.179083E+001
  0.135107E+001  0.179550E+001
  0.135285E+001  0.180017E+001
  0.135462E+001  0.180485E+001
  0.135639E+001  0.180952E+001
  0.135816E+001  0.181420E+001
  0.135992E+001  0.181888E+001
  0.136167E+001  0.182357E+001
  0.136342E+001  0.182825E+001
  0.136516E+001  0.183294E+001
  0.136690E+001  0.183762E+001
  0.136864E+001  0.184231E+001
  0.137037E+001  0.184700E+001
  0.137210E+001  0.185170E+001
  0.137382E+001  0.185639E+001
  0.137554E+001  0.186109E+001
  0.137725E+001  0.186578E+001
  0.137896E+001  0.187048E+001
  0.138066E+001  0.187518E+001
  0.138236E+001  0.187988E+001
  0.138406E+001  0.188459E+001
  0.138575E+001  0.188929E+001
  0.138744E+001  0.189400E+001
  0.138912E+001  0.189871E+001
  0.139080E+001  0.190342E+001
  0.139248E+001  0.190813E+001
  0.139415E+001  0.191284E+001
  0.139582E+001  0.191755E+001
  0.139748E+001  0.192227E+001
  0.139915E+001  0.192698E+001
  0.140080E+001  0.193170E+001
  0.140246E+001  0.193642E+001
  0.140411E+001  0.194114E+001
  0.140576E+001  0.194586E+001
  0.140740E+001  0.195058E+001
  0.140904E+001  0.195530E+001
  0.141068E+001  0.196003E+001
  0.141231E+001  0.196475E+001
  0.141394E+001  0.196948E+001
  0.141557E+001  0.197421E+001
  0.141719E+001  0.197894E+001
  0.141882E+001  0.198367E+001
  0.142043E+001  0.198840E+001
  0.142205E+001  0.199313E+001
  0.142366E+001  0.199786E+001
  0.142527E+001  0.200260E+001
  0.142688E+001  0.200733E+001
  0.142848E+001  0.201207E+001
  0.143009E+001  0.201680E+001
  0.143168E+001  0.202154E+001
  0.143328E+001  0.202628E+001
  0.143488E+001  0.203102E+001
  0.143647E+001  0.203576E+001
  0.143806E+001  0.204050E+001
  0.143964E+001  0.204524E+001
  0.144123E+001  0.204998E+001
  0.144281E+001  0.205473E+001
  0.144439E+001  0.205947E+001
  0.144597E+001  0.206421E+001
  0.144754E+001  0.206896E+001
  0.144912E+001  0.207370E+001
  0.145069E+001  0.207845E+001
  0.145226E+001  0.208320E+001
  0.145383E+001  0.208795E+001
  0.145539E+001  0.209269E+001
  0.145696E+001  0.209744E+001
  0.145852E+001  0.210219E+001
  0.146008E+001  0.210694E+001
  0.146164E+001  0.211169E+001
  0.146320E+001  0.211645E+001
  0.146475E+001  0.212120E+001
  0.146631E+001  0.212595E+001
  0.146786E+001  0.213070E+001
  0.146941E+001  0.213546E+001
  0.147096E+001  0.214021E+001
  0.147251E+001  0.214496E+001
  0.147405E+001  0.214972E+001
  0.147560E+001  0.215447E+001
  0.147714E+001  0.215923E+001
  0.147869E+001  0.216399E+001
  0.148023E+001  0.216874E+001
  0.148177E+001  0.217350E+001
  0.148331E+001  0.217826E+001
  0.148485E+001  0.218301E+001
  0.148638E+001  0.218777E+001
  0.148792E+001  0.219253E+001
  0.148946E+001  0.219729E+001
  0.149099E+001  0.220205E+001
  0.149252E+001  0.220681E+001
  0.149406E+001  0.221156E+001
  0.149559E+001  0.221632E+001
  0.149712E+001  0.222108E+001
  0.149865E+001  0.222584E+001
  0.150018E+001  0.223060E+001
