  0.816372E+000  0.639445E-001
  0.816372E+000  0.639445E-001
  0.816710E+000  0.689330E-001
  0.817074E+000  0.739198E-001
  0.817462E+000  0.789047E-001
  0.817874E+000  0.838877E-001
  0.818310E+000  0.888686E-001
  0.818769E+000  0.938475E-001
  0.819253E+000  0.988240E-001
  0.819760E+000  0.103798E+000
  0.820289E+000  0.108770E+000
  0.820842E+000  0.113740E+000
  0.821417E+000  0.118706E+000
  0.822014E+000  0.123671E+000
  0.822632E+000  0.128632E+000
  0.823273E+000  0.133591E+000
  0.823934E+000  0.138547E+000
  0.824616E+000  0.143500E+000
  0.825319E+000  0.148451E+000
  0.826041E+000  0.153398E+000
  0.826783E+000  0.158343E+000
  0.827545E+000  0.163285E+000
  0.828324E+000  0.168223E+000
  0.829122E+000  0.173159E+000
  0.829938E+000  0.178092E+000
  0.830770E+000  0.183023E+000
  0.831620E+000  0.187950E+000
  0.832485E+000  0.192875E+000
  0.833365E+000  0.197796E+000
  0.834261E+000  0.202716E+000
  0.835170E+000  0.207632E+000
  0.836092E+000  0.212546E+000
  0.837028E+000  0.217458E+000
  0.837975E+000  0.222368E+000
  0.838933E+000  0.227275E+000
  0.839901E+000  0.232180E+000
  0.840879E+000  0.237084E+000
  0.841864E+000  0.241986E+000
  0.842857E+000  0.246886E+000
  0.843856E+000  0.251785E+000
  0.844861E+000  0.256683E+000
  0.845868E+000  0.261581E+000
  0.846878E+000  0.266478E+000
  0.847890E+000  0.271374E+000
  0.848901E+000  0.276271E+000
  0.849909E+000  0.281168E+000
  0.850915E+000  0.286066E+000
  0.851915E+000  0.290965E+000
  0.852908E+000  0.295866E+000
  0.853891E+000  0.300768E+000
  0.854864E+000  0.305672E+000
  0.855823E+000  0.310579E+000
  0.856768E+000  0.315489E+000
  0.857694E+000  0.320403E+000
  0.858601E+000  0.325320E+000
  0.859486E+000  0.330241E+000
  0.860346E+000  0.335166E+000
  0.861180E+000  0.340096E+000
  0.861985E+000  0.345031E+000
  0.862759E+000  0.349971E+000
  0.863501E+000  0.354916E+000
  0.864207E+000  0.359865E+000
  0.864878E+000  0.364820E+000
  0.865512E+000  0.369780E+000
  0.866107E+000  0.374744E+000
  0.866663E+000  0.379713E+000
  0.867180E+000  0.384686E+000
  0.867658E+000  0.389664E+000
  0.868098E+000  0.394644E+000
  0.868499E+000  0.399628E+000
  0.868863E+000  0.404615E+000
  0.869192E+000  0.409604E+000
  0.869487E+000  0.414595E+000
  0.869749E+000  0.419588E+000
  0.869980E+000  0.424583E+000
  0.870183E+000  0.429579E+000
  0.870359E+000  0.434576E+000
  0.870510E+000  0.439574E+000
  0.870638E+000  0.444572E+000
  0.870746E+000  0.449571E+000
  0.870835E+000  0.454570E+000
  0.870908E+000  0.459569E+000
  0.870966E+000  0.464569E+000
  0.871010E+000  0.469569E+000
  0.871043E+000  0.474569E+000
  0.871067E+000  0.479569E+000
  0.871082E+000  0.484569E+000
  0.871091E+000  0.489569E+000
  0.871094E+000  0.494569E+000
  0.871093E+000  0.499569E+000
  0.871089E+000  0.504569E+000
  0.871084E+000  0.509569E+000
  0.871078E+000  0.514569E+000
  0.871072E+000  0.519569E+000
  0.871068E+000  0.524569E+000
  0.871066E+000  0.529569E+000
  0.871067E+000  0.534569E+000
  0.871072E+000  0.539569E+000
  0.871082E+000  0.544569E+000
  0.871097E+000  0.549569E+000
  0.871119E+000  0.554569E+000
  0.871147E+000  0.559569E+000
  0.871182E+000  0.564568E+000
  0.871225E+000  0.569568E+000
  0.871277E+000  0.574568E+000
  0.871338E+000  0.579568E+000
  0.871408E+000  0.584567E+000
  0.871489E+000  0.589566E+000
  0.871580E+000  0.594566E+000
  0.871682E+000  0.599565E+000
  0.871796E+000  0.604563E+000
  0.871921E+000  0.609562E+000
  0.872059E+000  0.614560E+000
  0.872210E+000  0.619558E+000
  0.872373E+000  0.624555E+000
  0.872551E+000  0.629552E+000
  0.872742E+000  0.634548E+000
  0.872948E+000  0.639544E+000
  0.873168E+000  0.644539E+000
  0.873404E+000  0.649533E+000
  0.873655E+000  0.654527E+000
  0.873922E+000  0.659520E+000
  0.874206E+000  0.664512E+000
  0.874506E+000  0.669503E+000
  0.874823E+000  0.674493E+000
  0.875157E+000  0.679482E+000
  0.875509E+000  0.684469E+000
  0.875880E+000  0.689455E+000
  0.876268E+000  0.694440E+000
  0.876676E+000  0.699424E+000
  0.877103E+000  0.704405E+000
  0.877550E+000  0.709385E+000
  0.878017E+000  0.714364E+000
  0.878504E+000  0.719340E+000
  0.879012E+000  0.724314E+000
  0.879542E+000  0.729286E+000
  0.880093E+000  0.734255E+000
  0.880666E+000  0.739222E+000
  0.881262E+000  0.744187E+000
  0.881881E+000  0.749148E+000
  0.882523E+000  0.754107E+000
  0.883189E+000  0.759062E+000
  0.883879E+000  0.764014E+000
  0.884594E+000  0.768963E+000
  0.885334E+000  0.773908E+000
  0.886100E+000  0.778849E+000
  0.886892E+000  0.783786E+000
  0.887711E+000  0.788718E+000
  0.888557E+000  0.793646E+000
  0.889431E+000  0.798569E+000
  0.890333E+000  0.803487E+000
  0.891264E+000  0.808400E+000
  0.892224E+000  0.813307E+000
  0.893214E+000  0.818208E+000
  0.894234E+000  0.823103E+000
  0.895286E+000  0.827991E+000
  0.896369E+000  0.832872E+000
  0.897485E+000  0.837746E+000
  0.898633E+000  0.842612E+000
  0.899815E+000  0.847470E+000
  0.901031E+000  0.852320E+000
  0.902282E+000  0.857161E+000
  0.903568E+000  0.861993E+000
  0.904891E+000  0.866815E+000
  0.906249E+000  0.871627E+000
  0.907645E+000  0.876428E+000
  0.909079E+000  0.881218E+000
  0.910550E+000  0.885997E+000
  0.912060E+000  0.890763E+000
  0.913610E+000  0.895517E+000
  0.915198E+000  0.900258E+000
  0.916825E+000  0.904986E+000
  0.918492E+000  0.909700E+000
  0.920197E+000  0.914400E+000
  0.921942E+000  0.919086E+000
  0.923725E+000  0.923757E+000
  0.925546E+000  0.928414E+000
  0.927404E+000  0.933056E+000
  0.929299E+000  0.937683E+000
  0.931228E+000  0.942296E+000
  0.933192E+000  0.946894E+000
  0.935188E+000  0.951478E+000
  0.937215E+000  0.956049E+000
  0.939272E+000  0.960606E+000
  0.941358E+000  0.965150E+000
  0.943470E+000  0.969682E+000
  0.945607E+000  0.974203E+000
  0.947767E+000  0.978712E+000
  0.949950E+000  0.983210E+000
  0.952153E+000  0.987699E+000
  0.954376E+000  0.992178E+000
  0.956616E+000  0.996648E+000
  0.958872E+000  0.100111E+001
  0.961144E+000  0.100556E+001
  0.963430E+000  0.101001E+001
  0.965729E+000  0.101445E+001
  0.968040E+000  0.101888E+001
  0.970363E+000  0.102331E+001
  0.972695E+000  0.102773E+001
  0.975037E+000  0.103215E+001
  0.977388E+000  0.103657E+001
  0.979747E+000  0.104097E+001
  0.982113E+000  0.104538E+001
  0.984486E+000  0.104978E+001
  0.986865E+000  0.105418E+001
  0.989251E+000  0.105857E+001
  0.991641E+000  0.106296E+001
  0.994037E+000  0.106735E+001
  0.996437E+000  0.107174E+001
  0.998841E+000  0.107612E+001
  0.100125E+001  0.108050E+001
  0.100366E+001  0.108488E+001
  0.100607E+001  0.108926E+001
  0.100849E+001  0.109364E+001
  0.101091E+001  0.109801E+001
  0.101333E+001  0.110239E+001
  0.101576E+001  0.110676E+001
  0.101819E+001  0.111113E+001
  0.102061E+001  0.111550E+001
  0.102304E+001  0.111987E+001
  0.102547E+001  0.112424E+001
  0.102791E+001  0.112861E+001
  0.103034E+001  0.113298E+001
  0.103277E+001  0.113735E+001
  0.103521E+001  0.114171E+001
  0.103764E+001  0.114608E+001
  0.104008E+001  0.115045E+001
  0.104251E+001  0.115482E+001
  0.104495E+001  0.115918E+001
  0.104739E+001  0.116355E+001
  0.104982E+001  0.116792E+001
  0.105226E+001  0.117228E+001
  0.105469E+001  0.117665E+001
  0.105712E+001  0.118102E+001
  0.105956E+001  0.118539E+001
  0.106199E+001  0.118975E+001
  0.106442E+001  0.119412E+001
  0.106685E+001  0.119849E+001
  0.106928E+001  0.120286E+001
  0.107171E+001  0.120723E+001
  0.107414E+001  0.121161E+001
  0.107656E+001  0.121598E+001
  0.107898E+001  0.122035E+001
  0.108141E+001  0.122473E+001
  0.108383E+001  0.122910E+001
  0.108624E+001  0.123348E+001
  0.108866E+001  0.123785E+001
  0.109108E+001  0.124223E+001
  0.109349E+001  0.124661E+001
  0.109590E+001  0.125099E+001
  0.109831E+001  0.125538E+001
  0.110071E+001  0.125976E+001
  0.110311E+001  0.126414E+001
  0.110551E+001  0.126853E+001
  0.110791E+001  0.127292E+001
  0.111031E+001  0.127731E+001
  0.111270E+001  0.128170E+001
  0.111509E+001  0.128609E+001
  0.111747E+001  0.129048E+001
  0.111986E+001  0.129488E+001
  0.112224E+001  0.129928E+001
  0.112462E+001  0.130367E+001
  0.112699E+001  0.130807E+001
  0.112936E+001  0.131248E+001
  0.113173E+001  0.131688E+001
  0.113410E+001  0.132128E+001
  0.113646E+001  0.132569E+001
  0.113882E+001  0.133010E+001
  0.114118E+001  0.133451E+001
  0.114354E+001  0.133891E+001
  0.114590E+001  0.134332E+001
  0.114827E+001  0.134773E+001
  0.115064E+001  0.135212E+001
  0.115306E+001  0.135650E+001
  0.115555E+001  0.136084E+001
  0.115817E+001  0.136509E+001
  0.116094E+001  0.136926E+001
  0.116378E+001  0.137337E+001
  0.116667E+001  0.137746E+001
  0.116957E+001  0.138153E+001
  0.117248E+001  0.138559E+001
  0.117540E+001  0.138965E+001
  0.117833E+001  0.139371E+001
  0.118126E+001  0.139776E+001
  0.118420E+001  0.140180E+001
  0.118714E+001  0.140585E+001
  0.119008E+001  0.140989E+001
  0.119302E+001  0.141393E+001
  0.119597E+001  0.141797E+001
  0.119892E+001  0.142200E+001
  0.120188E+001  0.142604E+001
  0.120483E+001  0.143007E+001
  0.120779E+001  0.143410E+001
  0.121075E+001  0.143813E+001
  0.121372E+001  0.144216E+001
  0.121668E+001  0.144619E+001
  0.121965E+001  0.145021E+001
  0.122262E+001  0.145423E+001
  0.122559E+001  0.145826E+001
  0.122856E+001  0.146228E+001
  0.123153E+001  0.146630E+001
  0.123451E+001  0.147032E+001
  0.123748E+001  0.147433E+001
  0.124046E+001  0.147835E+001
  0.124344E+001  0.148236E+001
  0.124642E+001  0.148638E+001
  0.124940E+001  0.149039E+001
  0.125238E+001  0.149441E+001
  0.125537E+001  0.149842E+001
  0.125835E+001  0.150243E+001
  0.126134E+001  0.150644E+001
  0.126433E+001  0.151045E+001
  0.126732E+001  0.151446E+001
  0.127031E+001  0.151846E+001
  0.127330E+001  0.152247E+001
  0.127629E+001  0.152648E+001
  0.127928E+001  0.153048E+001
  0.128227E+001  0.153449E+001
  0.128527E+001  0.153849E+001
  0.128826E+001  0.154250E+001
  0.129126E+001  0.154650E+001
  0.129425E+001  0.155050E+001
  0.129725E+001  0.155451E+001
  0.130025E+001  0.155851E+001
  0.130324E+001  0.156251E+001
  0.130624E+001  0.156651E+001
  0.130924E+001  0.157051E+001
  0.131224E+001  0.157451E+001
  0.131524E+001  0.157851E+001
  0.131824E+001  0.158251E+001
  0.132124E+001  0.158651E+001
  0.132424E+001  0.159051E+001
  0.132724E+001  0.159451E+001
  0.133024E+001  0.159851E+001
  0.133324E+001  0.160251E+001
  0.133624E+001  0.160651E+001
  0.133925E+001  0.161051E+001
  0.134225E+001  0.161451E+001
  0.134525E+001  0.161851E+001
  0.134825E+001  0.162251E+001
  0.135125E+001  0.162650E+001
  0.135425E+001  0.163050E+001
  0.135726E+001  0.163450E+001
  0.136026E+001  0.163850E+001
  0.136326E+001  0.164250E+001
  0.136626E+001  0.164650E+001
  0.136926E+001  0.165050E+001
  0.137226E+001  0.165450E+001
  0.137527E+001  0.165849E+001
  0.137827E+001  0.166249E+001
  0.138127E+001  0.166649E+001
  0.138427E+001  0.167049E+001
  0.138727E+001  0.167449E+001
  0.139027E+001  0.167849E+001
  0.139327E+001  0.168249E+001
  0.139627E+001  0.168649E+001
  0.139927E+001  0.169049E+001
  0.140226E+001  0.169450E+001
  0.140526E+001  0.169850E+001
  0.140826E+001  0.170250E+001
  0.141126E+001  0.170650E+001
  0.141425E+001  0.171050E+001
  0.141725E+001  0.171451E+001
  0.142024E+001  0.171851E+001
  0.142324E+001  0.172251E+001
  0.142623E+001  0.172652E+001
  0.142923E+001  0.173052E+001
  0.143222E+001  0.173453E+001
  0.143521E+001  0.173854E+001
  0.143820E+001  0.174254E+001
  0.144119E+001  0.174655E+001
  0.144418E+001  0.175056E+001
  0.144717E+001  0.175457E+001
  0.145016E+001  0.175858E+001
  0.145314E+001  0.176258E+001
  0.145613E+001  0.176660E+001
  0.145912E+001  0.177061E+001
  0.146210E+001  0.177462E+001
  0.146508E+001  0.177863E+001
  0.146806E+001  0.178264E+001
  0.147105E+001  0.178666E+001
  0.147403E+001  0.179067E+001
  0.147700E+001  0.179469E+001
  0.147998E+001  0.179871E+001
  0.148296E+001  0.180272E+001
  0.148593E+001  0.180674E+001
  0.148891E+001  0.181076E+001
  0.149188E+001  0.181478E+001
  0.149485E+001  0.181880E+001
  0.149782E+001  0.182283E+001
  0.150079E+001  0.182685E+001
  0.150375E+001  0.183088E+001
  0.150672E+001  0.183490E+001
  0.150968E+001  0.183893E+001
  0.151265E+001  0.184296E+001
  0.151561E+001  0.184699E+001
  0.151857E+001  0.185102E+001
  0.152152E+001  0.185505E+001
  0.152448E+001  0.185908E+001
  0.152743E+001  0.186311E+001
  0.153038E+001  0.186715E+001
  0.153334E+001  0.187119E+001
  0.153628E+001  0.187522E+001
  0.153923E+001  0.187926E+001
  0.154217E+001  0.188331E+001
  0.154512E+001  0.188735E+001
  0.154806E+001  0.189139E+001
  0.155100E+001  0.189544E+001
  0.155393E+001  0.189948E+001
  0.155687E+001  0.190353E+001
  0.155980E+001  0.190758E+001
  0.156273E+001  0.191163E+001
  0.156566E+001  0.191569E+001
  0.156858E+001  0.191974E+001
  0.157150E+001  0.192380E+001
  0.157442E+001  0.192786E+001
  0.157734E+001  0.193192E+001
  0.158026E+001  0.193598E+001
  0.158317E+001  0.194005E+001
  0.158608E+001  0.194411E+001
  0.158899E+001  0.194818E+001
  0.159189E+001  0.195225E+001
  0.159479E+001  0.195632E+001
  0.159769E+001  0.196040E+001
  0.160058E+001  0.196447E+001
  0.160348E+001  0.196855E+001
  0.160637E+001  0.197263E+001
  0.160925E+001  0.197671E+001
  0.161214E+001  0.198080E+001
  0.161502E+001  0.198489E+001
  0.161789E+001  0.198898E+001
  0.162077E+001  0.199307E+001
  0.162364E+001  0.199716E+001
  0.162650E+001  0.200126E+001
  0.162937E+001  0.200536E+001
  0.163222E+001  0.200946E+001
  0.163508E+001  0.201357E+001
  0.163793E+001  0.201767E+001
  0.164078E+001  0.202178E+001
  0.164362E+001  0.202589E+001
  0.164646E+001  0.203001E+001
  0.164930E+001  0.203413E+001
  0.165213E+001  0.203825E+001
  0.165496E+001  0.204237E+001
  0.165778E+001  0.204650E+001
  0.166060E+001  0.205063E+001
  0.166341E+001  0.205476E+001
  0.166622E+001  0.205890E+001
  0.166903E+001  0.206304E+001
  0.167183E+001  0.206718E+001
  0.167463E+001  0.207132E+001
  0.167742E+001  0.207547E+001
  0.168020E+001  0.207962E+001
  0.168298E+001  0.208378E+001
  0.168576E+001  0.208794E+001
  0.168853E+001  0.209210E+001
  0.169130E+001  0.209626E+001
  0.169406E+001  0.210043E+001
  0.169681E+001  0.210461E+001
  0.169956E+001  0.210878E+001
  0.170230E+001  0.211296E+001
  0.170504E+001  0.211715E+001
  0.170777E+001  0.212133E+001
  0.171050E+001  0.212553E+001
  0.171322E+001  0.212972E+001
  0.171594E+001  0.213392E+001
  0.171864E+001  0.213812E+001
  0.172135E+001  0.214233E+001
  0.172404E+001  0.214654E+001
  0.172673E+001  0.215076E+001
  0.172941E+001  0.215498E+001
  0.173209E+001  0.215920E+001
  0.173476E+001  0.216343E+001
  0.173742E+001  0.216766E+001
  0.174008E+001  0.217190E+001
  0.174273E+001  0.217614E+001
  0.174537E+001  0.218038E+001
  0.174800E+001  0.218463E+001
  0.175063E+001  0.218888E+001
  0.175325E+001  0.219314E+001
  0.175586E+001  0.219741E+001
  0.175847E+001  0.220167E+001
  0.176107E+001  0.220595E+001
  0.176366E+001  0.221022E+001
  0.176624E+001  0.221450E+001
  0.176881E+001  0.221879E+001
  0.177138E+001  0.222308E+001
  0.177394E+001  0.222738E+001
  0.177649E+001  0.223168E+001
  0.177903E+001  0.223598E+001
  0.178157E+001  0.224029E+001
  0.178409E+001  0.224461E+001
  0.178661E+001  0.224893E+001
  0.178912E+001  0.225325E+001
  0.179162E+001  0.225758E+001
  0.179412E+001  0.226191E+001
  0.179660E+001  0.226625E+001
  0.179908E+001  0.227060E+001
  0.180154E+001  0.227495E+001
  0.180400E+001  0.227930E+001
  0.180645E+001  0.228366E+001
  0.180889E+001  0.228802E+001
  0.181133E+001  0.229239E+001
  0.181375E+001  0.229676E+001
  0.181616E+001  0.230114E+001
  0.181857E+001  0.230553E+001
  0.182097E+001  0.230991E+001
  0.182335E+001  0.231431E+001
  0.182573E+001  0.231870E+001
  0.182810E+001  0.232311E+001
  0.183046E+001  0.232752E+001
  0.183282E+001  0.233193E+001
  0.183516E+001  0.233634E+001
  0.183749E+001  0.234077E+001
  0.183982E+001  0.234519E+001
  0.184213E+001  0.234962E+001
  0.184444E+001  0.235406E+001
  0.184674E+001  0.235850E+001
  0.184902E+001  0.236295E+001
  0.185130E+001  0.236740E+001
  0.185357E+001  0.237185E+001
  0.185584E+001  0.237631E+001
  0.185809E+001  0.238078E+001
  0.186033E+001  0.238524E+001
  0.186257E+001  0.238972E+001
  0.186479E+001  0.239419E+001
  0.186701E+001  0.239868E+001
  0.186922E+001  0.240316E+001
  0.187142E+001  0.240765E+001
  0.187361E+001  0.241215E+001
  0.187579E+001  0.241665E+001
  0.187796E+001  0.242115E+001
  0.188013E+001  0.242566E+001
  0.188229E+001  0.243017E+001
  0.188443E+001  0.243468E+001
  0.188657E+001  0.243920E+001
  0.188870E+001  0.244372E+001
  0.189083E+001  0.244825E+001
  0.189294E+001  0.245278E+001
  0.189505E+001  0.245732E+001
  0.189715E+001  0.246185E+001
  0.189924E+001  0.246640E+001
  0.190132E+001  0.247094E+001
  0.190339E+001  0.247549E+001
  0.190546E+001  0.248004E+001
  0.190752E+001  0.248460E+001
  0.190957E+001  0.248916E+001
  0.191161E+001  0.249372E+001
  0.191365E+001  0.249829E+001
  0.191568E+001  0.250286E+001
  0.191770E+001  0.250743E+001
  0.191971E+001  0.251201E+001
  0.192172E+001  0.251659E+001
  0.192372E+001  0.252117E+001
  0.192571E+001  0.252576E+001
  0.192770E+001  0.253035E+001
  0.192968E+001  0.253494E+001
  0.193165E+001  0.253953E+001
  0.193361E+001  0.254413E+001
  0.193557E+001  0.254873E+001
  0.193753E+001  0.255333E+001
  0.193947E+001  0.255794E+001
  0.194141E+001  0.256255E+001
  0.194334E+001  0.256716E+001
  0.194527E+001  0.257177E+001
  0.194719E+001  0.257639E+001
  0.194910E+001  0.258101E+001
  0.195101E+001  0.258563E+001
  0.195291E+001  0.259026E+001
  0.195481E+001  0.259488E+001
  0.195670E+001  0.259951E+001
  0.195859E+001  0.260414E+001
  0.196046E+001  0.260878E+001
  0.196234E+001  0.261341E+001
  0.196421E+001  0.261805E+001
  0.196607E+001  0.262269E+001
  0.196793E+001  0.262733E+001
  0.196978E+001  0.263198E+001
  0.197163E+001  0.263662E+001
  0.197347E+001  0.264127E+001
  0.197531E+001  0.264592E+001
  0.197714E+001  0.265057E+001
  0.197897E+001  0.265523E+001
  0.198079E+001  0.265988E+001
  0.198261E+001  0.266454E+001
  0.198442E+001  0.266920E+001
  0.198623E+001  0.267386E+001
  0.198803E+001  0.267852E+001
  0.198983E+001  0.268319E+001
  0.199163E+001  0.268786E+001
  0.199342E+001  0.269252E+001
  0.199521E+001  0.269719E+001
  0.199699E+001  0.270187E+001
  0.199877E+001  0.270654E+001
  0.200054E+001  0.271121E+001
  0.200231E+001  0.271589E+001
  0.200408E+001  0.272057E+001
  0.200584E+001  0.272524E+001
  0.200760E+001  0.272992E+001
  0.200936E+001  0.273461E+001
  0.201111E+001  0.273929E+001
  0.201286E+001  0.274397E+001
  0.201460E+001  0.274866E+001
  0.201634E+001  0.275335E+001
  0.201808E+001  0.275803E+001
  0.201982E+001  0.276272E+001
  0.202155E+001  0.276742E+001
  0.202328E+001  0.277211E+001
  0.202500E+001  0.277680E+001
  0.202672E+001  0.278149E+001
  0.202844E+001  0.278619E+001
  0.203016E+001  0.279089E+001
  0.203187E+001  0.279558E+001
  0.203358E+001  0.280028E+001
  0.203529E+001  0.280498E+001
  0.203699E+001  0.280968E+001
  0.203869E+001  0.281438E+001
  0.204039E+001  0.281909E+001
  0.204209E+001  0.282379E+001
  0.204378E+001  0.282849E+001
  0.204547E+001  0.283320E+001
  0.204716E+001  0.283791E+001
  0.204884E+001  0.284261E+001
  0.205053E+001  0.284732E+001
  0.205221E+001  0.285203E+001
  0.205389E+001  0.285674E+001
  0.205556E+001  0.286145E+001
  0.205724E+001  0.286616E+001
  0.205891E+001  0.287088E+001
  0.206058E+001  0.287559E+001
  0.206225E+001  0.288030E+001
  0.206391E+001  0.288502E+001
  0.206557E+001  0.288973E+001
  0.206724E+001  0.289445E+001
  0.206889E+001  0.289916E+001
  0.207055E+001  0.290388E+001
  0.207221E+001  0.290860E+001
  0.207386E+001  0.291332E+001
  0.207551E+001  0.291804E+001
  0.207716E+001  0.292276E+001
  0.207881E+001  0.292748E+001
  0.208046E+001  0.293220E+001
  0.208210E+001  0.293692E+001
  0.208375E+001  0.294164E+001
  0.208539E+001  0.294637E+001
  0.208703E+001  0.295109E+001
  0.208867E+001  0.295581E+001
  0.209030E+001  0.296054E+001
  0.209194E+001  0.296526E+001
  0.209357E+001  0.296999E+001
  0.209520E+001  0.297471E+001
  0.209684E+001  0.297944E+001
  0.209846E+001  0.298417E+001
  0.210009E+001  0.298890E+001
  0.210172E+001  0.299362E+001
  0.210335E+001  0.299835E+001
  0.210497E+001  0.300308E+001
  0.210659E+001  0.300781E+001
  0.210822E+001  0.301254E+001
  0.210984E+001  0.301727E+001
  0.211146E+001  0.302200E+001
  0.211308E+001  0.302673E+001
  0.211469E+001  0.303146E+001
  0.211631E+001  0.303619E+001
  0.211793E+001  0.304092E+001
  0.211954E+001  0.304566E+001
  0.212115E+001  0.305039E+001
  0.212277E+001  0.305512E+001
  0.212438E+001  0.305985E+001
  0.212599E+001  0.306459E+001
  0.212760E+001  0.306932E+001
  0.212921E+001  0.307406E+001
  0.213082E+001  0.307879E+001
  0.213242E+001  0.308352E+001
  0.213403E+001  0.308826E+001
  0.213564E+001  0.309299E+001
  0.213724E+001  0.309773E+001
  0.213885E+001  0.310247E+001
  0.214045E+001  0.310720E+001
  0.214205E+001  0.311194E+001
  0.214366E+001  0.311667E+001
  0.214526E+001  0.312141E+001
  0.214686E+001  0.312615E+001
  0.214846E+001  0.313088E+001
  0.215006E+001  0.313562E+001
  0.215166E+001  0.314036E+001
  0.215326E+001  0.314510E+001
  0.215485E+001  0.314983E+001
  0.215645E+001  0.315457E+001
  0.215805E+001  0.315931E+001
  0.215965E+001  0.316405E+001
  0.216124E+001  0.316879E+001
  0.216284E+001  0.317352E+001
  0.216443E+001  0.317826E+001
  0.216603E+001  0.318300E+001
  0.216762E+001  0.318774E+001
  0.216922E+001  0.319248E+001
  0.217081E+001  0.319722E+001
  0.217241E+001  0.320196E+001
  0.217400E+001  0.320670E+001
  0.217559E+001  0.321144E+001
  0.217718E+001  0.321618E+001
  0.217878E+001  0.322092E+001
  0.218037E+001  0.322566E+001
  0.218196E+001  0.323040E+001
  0.218355E+001  0.323514E+001
  0.218514E+001  0.323988E+001
  0.218674E+001  0.324462E+001
  0.218833E+001  0.324936E+001
  0.218992E+001  0.325410E+001
  0.219151E+001  0.325884E+001
  0.219310E+001  0.326358E+001
  0.219469E+001  0.326832E+001
  0.219628E+001  0.327306E+001
  0.219787E+001  0.327780E+001
  0.219946E+001  0.328254E+001
  0.220105E+001  0.328728E+001
  0.220264E+001  0.329202E+001
  0.220423E+001  0.329676E+001
  0.220582E+001  0.330150E+001
  0.220741E+001  0.330624E+001
  0.220900E+001  0.331098E+001
  0.221059E+001  0.331572E+001
  0.221218E+001  0.332046E+001
  0.221377E+001  0.332520E+001
  0.221536E+001  0.332994E+001
  0.221695E+001  0.333468E+001
  0.221854E+001  0.333942E+001
  0.222013E+001  0.334416E+001
  0.222172E+001  0.334890E+001
  0.222331E+001  0.335365E+001
  0.222490E+001  0.335839E+001
  0.222649E+001  0.336313E+001
  0.222808E+001  0.336787E+001
  0.222967E+001  0.337261E+001
  0.223126E+001  0.337735E+001
  0.223285E+001  0.338209E+001
  0.223444E+001  0.338683E+001
  0.223603E+001  0.339157E+001
  0.223762E+001  0.339631E+001
  0.223921E+001  0.340105E+001
  0.224081E+001  0.340579E+001
  0.224240E+001  0.341053E+001
  0.224399E+001  0.341527E+001
  0.224558E+001  0.342001E+001
  0.224717E+001  0.342475E+001
  0.224877E+001  0.342949E+001
  0.225036E+001  0.343423E+001
  0.225195E+001  0.343897E+001
  0.225355E+001  0.344370E+001
  0.225514E+001  0.344844E+001
  0.225673E+001  0.345318E+001
  0.225833E+001  0.345792E+001
  0.225992E+001  0.346266E+001
  0.226152E+001  0.346740E+001
  0.226311E+001  0.347214E+001
  0.226471E+001  0.347688E+001
  0.226630E+001  0.348162E+001
  0.226790E+001  0.348635E+001
  0.226949E+001  0.349109E+001
  0.227109E+001  0.349583E+001
  0.227269E+001  0.350057E+001
  0.227428E+001  0.350531E+001
  0.227588E+001  0.351005E+001
  0.227748E+001  0.351478E+001
  0.227908E+001  0.351952E+001
  0.228068E+001  0.352426E+001
  0.228227E+001  0.352900E+001
  0.228387E+001  0.353373E+001
  0.228547E+001  0.353847E+001
  0.228707E+001  0.354321E+001
  0.228867E+001  0.354794E+001
  0.229027E+001  0.355268E+001
  0.229188E+001  0.355742E+001
  0.229348E+001  0.356215E+001
  0.229508E+001  0.356689E+001
  0.229668E+001  0.357163E+001
  0.229828E+001  0.357636E+001
  0.229989E+001  0.358110E+001
  0.230149E+001  0.358584E+001
  0.230310E+001  0.359057E+001
  0.230470E+001  0.359531E+001
  0.230631E+001  0.360004E+001
  0.230791E+001  0.360478E+001
  0.230952E+001  0.360951E+001
  0.231112E+001  0.361425E+001
  0.231273E+001  0.361898E+001
  0.231434E+001  0.362372E+001
  0.231595E+001  0.362845E+001
  0.231755E+001  0.363318E+001
  0.231916E+001  0.363792E+001
  0.232077E+001  0.364265E+001
  0.232238E+001  0.364739E+001
  0.232399E+001  0.365212E+001
  0.232560E+001  0.365685E+001
  0.232721E+001  0.366159E+001
  0.232883E+001  0.366632E+001
  0.233044E+001  0.367105E+001
  0.233205E+001  0.367579E+001
  0.233367E+001  0.368052E+001
  0.233528E+001  0.368525E+001
  0.233689E+001  0.368998E+001
  0.233851E+001  0.369471E+001
  0.234012E+001  0.369945E+001
  0.234174E+001  0.370418E+001
  0.234336E+001  0.370891E+001
  0.234497E+001  0.371364E+001
  0.234659E+001  0.371837E+001
  0.234821E+001  0.372310E+001
  0.234983E+001  0.372783E+001
  0.235145E+001  0.373256E+001
  0.235307E+001  0.373729E+001
  0.235469E+001  0.374202E+001
  0.235631E+001  0.374675E+001
  0.235793E+001  0.375148E+001
  0.235955E+001  0.375621E+001
  0.236118E+001  0.376094E+001
  0.236280E+001  0.376567E+001
  0.236442E+001  0.377040E+001
  0.236605E+001  0.377513E+001
  0.236767E+001  0.377986E+001
  0.236930E+001  0.378459E+001
  0.237093E+001  0.378931E+001
  0.237255E+001  0.379404E+001
  0.237418E+001  0.379877E+001
  0.237581E+001  0.380350E+001
  0.237744E+001  0.380822E+001
  0.237907E+001  0.381295E+001
  0.238070E+001  0.381768E+001
  0.238233E+001  0.382241E+001
  0.238396E+001  0.382713E+001
  0.238559E+001  0.383186E+001
  0.238722E+001  0.383658E+001
  0.238886E+001  0.384131E+001
  0.239049E+001  0.384604E+001
  0.239212E+001  0.385076E+001
  0.239376E+001  0.385549E+001
  0.239540E+001  0.386021E+001
  0.239703E+001  0.386494E+001
  0.239867E+001  0.386966E+001
  0.240031E+001  0.387438E+001
  0.240194E+001  0.387911E+001
  0.240358E+001  0.388383E+001
  0.240522E+001  0.388856E+001
  0.240686E+001  0.389328E+001
  0.240850E+001  0.389800E+001
  0.241014E+001  0.390273E+001
  0.241179E+001  0.390745E+001
  0.241343E+001  0.391217E+001
  0.241507E+001  0.391689E+001
  0.241672E+001  0.392161E+001
  0.241836E+001  0.392634E+001
  0.242001E+001  0.393106E+001
  0.242165E+001  0.393578E+001
  0.242330E+001  0.394050E+001
  0.242494E+001  0.394522E+001
  0.242659E+001  0.394994E+001
  0.242824E+001  0.395466E+001
  0.242989E+001  0.395938E+001
  0.243154E+001  0.396410E+001
  0.243319E+001  0.396882E+001
  0.243484E+001  0.397354E+001
  0.243649E+001  0.397826E+001
  0.243815E+001  0.398298E+001
  0.243980E+001  0.398770E+001
  0.244145E+001  0.399242E+001
  0.244311E+001  0.399714E+001
  0.244476E+001  0.400185E+001
  0.244642E+001  0.400657E+001
  0.244807E+001  0.401129E+001
  0.244973E+001  0.401601E+001
  0.245139E+001  0.402072E+001
  0.245305E+001  0.402544E+001
  0.245471E+001  0.403016E+001
  0.245637E+001  0.403487E+001
  0.245803E+001  0.403959E+001
  0.245969E+001  0.404431E+001
  0.246135E+001  0.404902E+001
  0.246301E+001  0.405374E+001
  0.246468E+001  0.405845E+001
  0.246634E+001  0.406317E+001
  0.246801E+001  0.406788E+001
  0.246967E+001  0.407260E+001
  0.247134E+001  0.407731E+001
  0.247300E+001  0.408203E+001
  0.247467E+001  0.408674E+001
  0.247634E+001  0.409145E+001
  0.247801E+001  0.409617E+001
  0.247968E+001  0.410088E+001
  0.248135E+001  0.410559E+001
  0.248302E+001  0.411030E+001
  0.248469E+001  0.411502E+001
  0.248636E+001  0.411973E+001
  0.248803E+001  0.412444E+001
  0.248971E+001  0.412915E+001
  0.249138E+001  0.413386E+001
  0.249306E+001  0.413857E+001
  0.249473E+001  0.414329E+001
  0.249641E+001  0.414800E+001
  0.249809E+001  0.415271E+001
  0.249976E+001  0.415742E+001
  0.250144E+001  0.416213E+001
