  0.943756E+000  0.362329E-001
  0.943756E+000  0.362329E-001
  0.943473E+000  0.412248E-001
  0.943158E+000  0.462149E-001
  0.942812E+000  0.512029E-001
  0.942437E+000  0.561888E-001
  0.942034E+000  0.611726E-001
  0.941605E+000  0.661541E-001
  0.941152E+000  0.711335E-001
  0.940675E+000  0.761107E-001
  0.940177E+000  0.810859E-001
  0.939659E+000  0.860590E-001
  0.939124E+000  0.910302E-001
  0.938571E+000  0.959996E-001
  0.938003E+000  0.100967E+000
  0.937422E+000  0.105933E+000
  0.936829E+000  0.110898E+000
  0.936225E+000  0.115861E+000
  0.935611E+000  0.120824E+000
  0.934989E+000  0.125785E+000
  0.934360E+000  0.130745E+000
  0.933726E+000  0.135705E+000
  0.933087E+000  0.140664E+000
  0.932445E+000  0.145622E+000
  0.931801E+000  0.150581E+000
  0.931155E+000  0.155539E+000
  0.930509E+000  0.160497E+000
  0.929865E+000  0.165455E+000
  0.929222E+000  0.170414E+000
  0.928582E+000  0.175373E+000
  0.927947E+000  0.180332E+000
  0.927316E+000  0.185292E+000
  0.926691E+000  0.190253E+000
  0.926073E+000  0.195215E+000
  0.925463E+000  0.200177E+000
  0.924862E+000  0.205141E+000
  0.924270E+000  0.210106E+000
  0.923690E+000  0.215072E+000
  0.923121E+000  0.220040E+000
  0.922566E+000  0.225009E+000
  0.922025E+000  0.229979E+000
  0.921498E+000  0.234951E+000
  0.920989E+000  0.239925E+000
  0.920497E+000  0.244901E+000
  0.920024E+000  0.249879E+000
  0.919571E+000  0.254858E+000
  0.919141E+000  0.259840E+000
  0.918733E+000  0.264823E+000
  0.918351E+000  0.269808E+000
  0.917995E+000  0.274796E+000
  0.917668E+000  0.279785E+000
  0.917371E+000  0.284776E+000
  0.917106E+000  0.289769E+000
  0.916876E+000  0.294764E+000
  0.916681E+000  0.299760E+000
  0.916526E+000  0.304758E+000
  0.916411E+000  0.309756E+000
  0.916340E+000  0.314756E+000
  0.916314E+000  0.319756E+000
  0.916337E+000  0.324756E+000
  0.916409E+000  0.329755E+000
  0.916535E+000  0.334754E+000
  0.916716E+000  0.339750E+000
  0.916954E+000  0.344745E+000
  0.917250E+000  0.349736E+000
  0.917608E+000  0.354723E+000
  0.918028E+000  0.359705E+000
  0.918511E+000  0.364682E+000
  0.919059E+000  0.369652E+000
  0.919670E+000  0.374614E+000
  0.920347E+000  0.379568E+000
  0.921087E+000  0.384513E+000
  0.921891E+000  0.389448E+000
  0.922758E+000  0.394373E+000
  0.923685E+000  0.399286E+000
  0.924672E+000  0.404187E+000
  0.925717E+000  0.409077E+000
  0.926817E+000  0.413954E+000
  0.927971E+000  0.418819E+000
  0.929176E+000  0.423672E+000
  0.930430E+000  0.428512E+000
  0.931731E+000  0.433340E+000
  0.933077E+000  0.438156E+000
  0.934465E+000  0.442959E+000
  0.935893E+000  0.447751E+000
  0.937360E+000  0.452531E+000
  0.938862E+000  0.457300E+000
  0.940399E+000  0.462058E+000
  0.941969E+000  0.466805E+000
  0.943570E+000  0.471542E+000
  0.945200E+000  0.476268E+000
  0.946858E+000  0.480985E+000
  0.948543E+000  0.485693E+000
  0.950253E+000  0.490392E+000
  0.951987E+000  0.495081E+000
  0.953744E+000  0.499762E+000
  0.955523E+000  0.504435E+000
  0.957323E+000  0.509100E+000
  0.959143E+000  0.513757E+000
  0.960982E+000  0.518407E+000
  0.962839E+000  0.523049E+000
  0.964714E+000  0.527684E+000
  0.966606E+000  0.532312E+000
  0.968514E+000  0.536934E+000
  0.970437E+000  0.541549E+000
  0.972376E+000  0.546158E+000
  0.974329E+000  0.550761E+000
  0.976296E+000  0.555357E+000
  0.978277E+000  0.559948E+000
  0.980271E+000  0.564534E+000
  0.982277E+000  0.569113E+000
  0.984296E+000  0.573688E+000
  0.986326E+000  0.578257E+000
  0.988368E+000  0.582821E+000
  0.990421E+000  0.587380E+000
  0.992485E+000  0.591934E+000
  0.994559E+000  0.596484E+000
  0.996644E+000  0.601028E+000
  0.998739E+000  0.605569E+000
  0.100084E+001  0.610104E+000
  0.100296E+001  0.614635E+000
  0.100508E+001  0.619162E+000
  0.100721E+001  0.623685E+000
  0.100935E+001  0.628204E+000
  0.101150E+001  0.632718E+000
  0.101366E+001  0.637229E+000
  0.101582E+001  0.641736E+000
  0.101800E+001  0.646239E+000
  0.102018E+001  0.650738E+000
  0.102237E+001  0.655233E+000
  0.102456E+001  0.659725E+000
  0.102677E+001  0.664214E+000
  0.102898E+001  0.668698E+000
  0.103119E+001  0.673180E+000
  0.103342E+001  0.677658E+000
  0.103565E+001  0.682133E+000
  0.103789E+001  0.686604E+000
  0.104013E+001  0.691072E+000
  0.104238E+001  0.695538E+000
  0.104464E+001  0.700000E+000
  0.104690E+001  0.704459E+000
  0.104917E+001  0.708915E+000
  0.105144E+001  0.713368E+000
  0.105372E+001  0.717818E+000
  0.105601E+001  0.722265E+000
  0.105830E+001  0.726710E+000
  0.106059E+001  0.731151E+000
  0.106289E+001  0.735590E+000
  0.106520E+001  0.740026E+000
  0.106751E+001  0.744460E+000
  0.106983E+001  0.748891E+000
  0.107215E+001  0.753320E+000
  0.107447E+001  0.757746E+000
  0.107681E+001  0.762169E+000
  0.107914E+001  0.766590E+000
  0.108148E+001  0.771009E+000
  0.108383E+001  0.775425E+000
  0.108617E+001  0.779839E+000
  0.108853E+001  0.784250E+000
  0.109089E+001  0.788660E+000
  0.109325E+001  0.793067E+000
  0.109561E+001  0.797472E+000
  0.109798E+001  0.801874E+000
  0.110036E+001  0.806275E+000
  0.110273E+001  0.810673E+000
  0.110512E+001  0.815069E+000
  0.110750E+001  0.819464E+000
  0.110989E+001  0.823856E+000
  0.111228E+001  0.828246E+000
  0.111468E+001  0.832635E+000
  0.111708E+001  0.837021E+000
  0.111948E+001  0.841405E+000
  0.112189E+001  0.845788E+000
  0.112430E+001  0.850169E+000
  0.112671E+001  0.854548E+000
  0.112913E+001  0.858925E+000
  0.113155E+001  0.863300E+000
  0.113397E+001  0.867674E+000
  0.113640E+001  0.872046E+000
  0.113883E+001  0.876416E+000
  0.114126E+001  0.880785E+000
  0.114370E+001  0.885152E+000
  0.114613E+001  0.889517E+000
  0.114858E+001  0.893881E+000
  0.115102E+001  0.898243E+000
  0.115347E+001  0.902603E+000
  0.115591E+001  0.906963E+000
  0.115837E+001  0.911320E+000
  0.116082E+001  0.915676E+000
  0.116328E+001  0.920031E+000
  0.116574E+001  0.924384E+000
  0.116820E+001  0.928736E+000
  0.117066E+001  0.933087E+000
  0.117313E+001  0.937436E+000
  0.117560E+001  0.941784E+000
  0.117807E+001  0.946130E+000
  0.118054E+001  0.950475E+000
  0.118302E+001  0.954819E+000
  0.118550E+001  0.959162E+000
  0.118798E+001  0.963503E+000
  0.119046E+001  0.967843E+000
  0.119295E+001  0.972182E+000
  0.119543E+001  0.976520E+000
  0.119792E+001  0.980857E+000
  0.120041E+001  0.985192E+000
  0.120290E+001  0.989527E+000
  0.120540E+001  0.993860E+000
  0.120790E+001  0.998192E+000
  0.121039E+001  0.100252E+001
  0.121289E+001  0.100685E+001
  0.121540E+001  0.101118E+001
  0.121790E+001  0.101551E+001
  0.122040E+001  0.101984E+001
  0.122291E+001  0.102416E+001
  0.122542E+001  0.102849E+001
  0.122793E+001  0.103281E+001
  0.123044E+001  0.103714E+001
  0.123295E+001  0.104146E+001
  0.123547E+001  0.104578E+001
  0.123798E+001  0.105010E+001
  0.124050E+001  0.105442E+001
  0.124302E+001  0.105874E+001
  0.124554E+001  0.106306E+001
  0.124806E+001  0.106738E+001
  0.125058E+001  0.107169E+001
  0.125311E+001  0.107601E+001
  0.125563E+001  0.108033E+001
  0.125816E+001  0.108464E+001
  0.126069E+001  0.108895E+001
  0.126322E+001  0.109327E+001
  0.126575E+001  0.109758E+001
  0.126828E+001  0.110189E+001
  0.127081E+001  0.110620E+001
  0.127335E+001  0.111051E+001
  0.127588E+001  0.111482E+001
  0.127842E+001  0.111913E+001
  0.128095E+001  0.112344E+001
  0.128349E+001  0.112775E+001
  0.128603E+001  0.113206E+001
  0.128857E+001  0.113637E+001
  0.129111E+001  0.114067E+001
  0.129365E+001  0.114498E+001
  0.129619E+001  0.114928E+001
  0.129873E+001  0.115359E+001
  0.130128E+001  0.115790E+001
  0.130382E+001  0.116220E+001
  0.130636E+001  0.116650E+001
  0.130891E+001  0.117081E+001
  0.131146E+001  0.117511E+001
  0.131400E+001  0.117941E+001
  0.131655E+001  0.118372E+001
  0.131910E+001  0.118802E+001
  0.132165E+001  0.119232E+001
  0.132419E+001  0.119662E+001
  0.132674E+001  0.120092E+001
  0.132929E+001  0.120522E+001
  0.133184E+001  0.120952E+001
  0.133439E+001  0.121382E+001
  0.133695E+001  0.121812E+001
  0.133950E+001  0.122242E+001
  0.134205E+001  0.122672E+001
  0.134460E+001  0.123102E+001
  0.134715E+001  0.123532E+001
  0.134971E+001  0.123962E+001
  0.135226E+001  0.124392E+001
  0.135481E+001  0.124822E+001
  0.135737E+001  0.125252E+001
  0.135992E+001  0.125682E+001
  0.136248E+001  0.126112E+001
  0.136503E+001  0.126541E+001
  0.136758E+001  0.126971E+001
  0.137014E+001  0.127401E+001
  0.137269E+001  0.127831E+001
  0.137525E+001  0.128261E+001
  0.137780E+001  0.128690E+001
  0.138036E+001  0.129120E+001
  0.138291E+001  0.129550E+001
  0.138547E+001  0.129980E+001
  0.138802E+001  0.130410E+001
  0.139058E+001  0.130840E+001
  0.139313E+001  0.131269E+001
  0.139568E+001  0.131699E+001
  0.139824E+001  0.132129E+001
  0.140079E+001  0.132559E+001
  0.140335E+001  0.132989E+001
  0.140590E+001  0.133419E+001
  0.140845E+001  0.133849E+001
  0.141101E+001  0.134278E+001
  0.141356E+001  0.134708E+001
  0.141611E+001  0.135138E+001
  0.141866E+001  0.135568E+001
  0.142122E+001  0.135998E+001
  0.142377E+001  0.136428E+001
  0.142632E+001  0.136858E+001
  0.142887E+001  0.137288E+001
  0.143142E+001  0.137718E+001
  0.143397E+001  0.138148E+001
  0.143652E+001  0.138579E+001
  0.143907E+001  0.139009E+001
  0.144162E+001  0.139439E+001
  0.144416E+001  0.139869E+001
  0.144671E+001  0.140299E+001
  0.144926E+001  0.140730E+001
  0.145181E+001  0.141160E+001
  0.145435E+001  0.141590E+001
  0.145690E+001  0.142021E+001
  0.145944E+001  0.142451E+001
  0.146198E+001  0.142881E+001
  0.146453E+001  0.143312E+001
  0.146707E+001  0.143742E+001
  0.146961E+001  0.144173E+001
  0.147215E+001  0.144604E+001
  0.147469E+001  0.145034E+001
  0.147723E+001  0.145465E+001
  0.147977E+001  0.145896E+001
  0.148231E+001  0.146327E+001
  0.148485E+001  0.146757E+001
  0.148738E+001  0.147188E+001
  0.148992E+001  0.147619E+001
  0.149245E+001  0.148050E+001
  0.149499E+001  0.148481E+001
  0.149752E+001  0.148912E+001
  0.150005E+001  0.149344E+001
