  0.159683E+001  0.261560E-001
  0.159597E+001  0.310805E-001
  0.159502E+001  0.359900E-001
  0.159401E+001  0.408865E-001
  0.159295E+001  0.457720E-001
  0.159184E+001  0.506483E-001
  0.159070E+001  0.555168E-001
  0.158954E+001  0.603791E-001
  0.158835E+001  0.652363E-001
  0.158715E+001  0.700894E-001
  0.158593E+001  0.749391E-001
  0.158470E+001  0.797862E-001
  0.158347E+001  0.846312E-001
  0.158223E+001  0.894746E-001
  0.158098E+001  0.943168E-001
  0.157973E+001  0.991583E-001
  0.157848E+001  0.103999E+000
  0.157723E+001  0.108840E+000
  0.157597E+001  0.113680E+000
  0.157472E+001  0.118521E+000
  0.157347E+001  0.123362E+000
  0.157222E+001  0.128203E+000
  0.157097E+001  0.133045E+000
  0.156973E+001  0.137888E+000
  0.156849E+001  0.142731E+000
  0.156725E+001  0.147575E+000
  0.156601E+001  0.152420E+000
  0.156478E+001  0.157267E+000
  0.156356E+001  0.162114E+000
  0.156233E+001  0.166962E+000
  0.156112E+001  0.171811E+000
  0.155990E+001  0.176662E+000
  0.155869E+001  0.181513E+000
  0.155749E+001  0.186366E+000
  0.155629E+001  0.191221E+000
  0.155510E+001  0.196076E+000
  0.155391E+001  0.200933E+000
  0.155273E+001  0.205791E+000
  0.155155E+001  0.210651E+000
  0.155038E+001  0.215512E+000
  0.154922E+001  0.220374E+000
  0.154806E+001  0.225238E+000
  0.154690E+001  0.230104E+000
  0.154576E+001  0.234970E+000
  0.154462E+001  0.239839E+000
  0.154348E+001  0.244708E+000
  0.154236E+001  0.249580E+000
  0.154124E+001  0.254452E+000
  0.154012E+001  0.259327E+000
  0.153901E+001  0.264202E+000
  0.153791E+001  0.269080E+000
  0.153682E+001  0.273959E+000
  0.153573E+001  0.278839E+000
  0.153465E+001  0.283721E+000
  0.153358E+001  0.288604E+000
  0.153251E+001  0.293489E+000
  0.153145E+001  0.298376E+000
  0.153040E+001  0.303264E+000
  0.152936E+001  0.308154E+000
  0.152832E+001  0.313045E+000
  0.152729E+001  0.317938E+000
  0.152627E+001  0.322833E+000
  0.152526E+001  0.327729E+000
  0.152425E+001  0.332627E+000
  0.152326E+001  0.337526E+000
  0.152227E+001  0.342428E+000
  0.152129E+001  0.347331E+000
  0.152031E+001  0.352235E+000
  0.151935E+001  0.357142E+000
  0.151840E+001  0.362050E+000
  0.151746E+001  0.366961E+000
  0.151653E+001  0.371873E+000
  0.151561E+001  0.376789E+000
  0.151471E+001  0.381707E+000
  0.151383E+001  0.386629E+000
  0.151298E+001  0.391556E+000
  0.151218E+001  0.396492E+000
  0.151146E+001  0.401440E+000
  0.151088E+001  0.406406E+000
  0.151046E+001  0.411388E+000
  0.151017E+001  0.416380E+000
  0.150996E+001  0.421375E+000
  0.150979E+001  0.426372E+000
  0.150964E+001  0.431370E+000
  0.150951E+001  0.436368E+000
  0.150939E+001  0.441367E+000
  0.150928E+001  0.446366E+000
  0.150917E+001  0.451365E+000
  0.150907E+001  0.456363E+000
  0.150897E+001  0.461363E+000
  0.150887E+001  0.466362E+000
  0.150878E+001  0.471361E+000
  0.150870E+001  0.476360E+000
  0.150861E+001  0.481359E+000
  0.150853E+001  0.486359E+000
  0.150845E+001  0.491358E+000
  0.150838E+001  0.496358E+000
  0.150831E+001  0.501357E+000
  0.150824E+001  0.506357E+000
  0.150817E+001  0.511356E+000
  0.150811E+001  0.516356E+000
  0.150805E+001  0.521355E+000
  0.150800E+001  0.526355E+000
  0.150794E+001  0.531355E+000
  0.150789E+001  0.536355E+000
  0.150785E+001  0.541354E+000
  0.150781E+001  0.546354E+000
  0.150777E+001  0.551354E+000
  0.150773E+001  0.556354E+000
  0.150770E+001  0.561354E+000
  0.150767E+001  0.566354E+000
  0.150765E+001  0.571354E+000
  0.150763E+001  0.576354E+000
  0.150761E+001  0.581354E+000
  0.150760E+001  0.586354E+000
  0.150759E+001  0.591354E+000
  0.150759E+001  0.596354E+000
  0.150759E+001  0.601354E+000
  0.150759E+001  0.606354E+000
  0.150760E+001  0.611354E+000
  0.150761E+001  0.616354E+000
  0.150763E+001  0.621354E+000
  0.150765E+001  0.626353E+000
  0.150768E+001  0.631353E+000
  0.150771E+001  0.636353E+000
  0.150774E+001  0.641353E+000
  0.150778E+001  0.646353E+000
  0.150783E+001  0.651353E+000
  0.150788E+001  0.656353E+000
  0.150793E+001  0.661352E+000
  0.150799E+001  0.666352E+000
  0.150805E+001  0.671352E+000
  0.150812E+001  0.676351E+000
  0.150820E+001  0.681351E+000
  0.150827E+001  0.686350E+000
  0.150836E+001  0.691349E+000
  0.150845E+001  0.696348E+000
  0.150854E+001  0.701348E+000
  0.150864E+001  0.706347E+000
  0.150875E+001  0.711345E+000
  0.150886E+001  0.716344E+000
  0.150897E+001  0.721343E+000
  0.150910E+001  0.726341E+000
  0.150922E+001  0.731340E+000
  0.150936E+001  0.736338E+000
  0.150950E+001  0.741336E+000
  0.150964E+001  0.746334E+000
  0.150979E+001  0.751332E+000
  0.150995E+001  0.756329E+000
  0.151011E+001  0.761327E+000
  0.151028E+001  0.766324E+000
  0.151045E+001  0.771321E+000
  0.151063E+001  0.776317E+000
  0.151082E+001  0.781314E+000
  0.151101E+001  0.786310E+000
  0.151121E+001  0.791306E+000
  0.151142E+001  0.796302E+000
  0.151163E+001  0.801298E+000
  0.151185E+001  0.806293E+000
  0.151207E+001  0.811288E+000
  0.151230E+001  0.816282E+000
  0.151254E+001  0.821277E+000
  0.151279E+001  0.826271E+000
  0.151304E+001  0.831264E+000
  0.151329E+001  0.836258E+000
  0.151356E+001  0.841251E+000
  0.151383E+001  0.846243E+000
  0.151411E+001  0.851236E+000
  0.151440E+001  0.856227E+000
  0.151469E+001  0.861219E+000
  0.151499E+001  0.866210E+000
  0.151529E+001  0.871200E+000
  0.151561E+001  0.876191E+000
  0.151593E+001  0.881180E+000
  0.151626E+001  0.886169E+000
  0.151659E+001  0.891158E+000
  0.151694E+001  0.896146E+000
  0.151729E+001  0.901134E+000
  0.151765E+001  0.906121E+000
  0.151801E+001  0.911108E+000
  0.151839E+001  0.916094E+000
  0.151877E+001  0.921079E+000
  0.151916E+001  0.926064E+000
  0.151955E+001  0.931048E+000
  0.151996E+001  0.936032E+000
  0.152037E+001  0.941015E+000
  0.152079E+001  0.945997E+000
  0.152122E+001  0.950979E+000
  0.152165E+001  0.955960E+000
  0.152210E+001  0.960940E+000
  0.152255E+001  0.965920E+000
  0.152301E+001  0.970898E+000
  0.152348E+001  0.975876E+000
  0.152396E+001  0.980853E+000
  0.152444E+001  0.985830E+000
  0.152494E+001  0.990805E+000
  0.152544E+001  0.995780E+000
  0.152595E+001  0.100075E+001
  0.152647E+001  0.100573E+001
  0.152700E+001  0.101070E+001
  0.152754E+001  0.101567E+001
  0.152808E+001  0.102064E+001
  0.152864E+001  0.102561E+001
  0.152920E+001  0.103058E+001
  0.152977E+001  0.103554E+001
  0.153035E+001  0.104051E+001
  0.153094E+001  0.104548E+001
  0.153154E+001  0.105044E+001
  0.153215E+001  0.105540E+001
  0.153277E+001  0.106036E+001
  0.153340E+001  0.106532E+001
  0.153403E+001  0.107028E+001
  0.153468E+001  0.107524E+001
  0.153534E+001  0.108020E+001
  0.153600E+001  0.108515E+001
  0.153668E+001  0.109011E+001
  0.153736E+001  0.109506E+001
  0.153805E+001  0.110001E+001
  0.153876E+001  0.110496E+001
  0.153947E+001  0.110991E+001
  0.154020E+001  0.111486E+001
  0.154093E+001  0.111980E+001
  0.154167E+001  0.112475E+001
  0.154243E+001  0.112969E+001
  0.154319E+001  0.113463E+001
  0.154397E+001  0.113957E+001
  0.154475E+001  0.114451E+001
  0.154555E+001  0.114945E+001
  0.154635E+001  0.115438E+001
  0.154717E+001  0.115932E+001
  0.154799E+001  0.116425E+001
  0.154883E+001  0.116918E+001
  0.154968E+001  0.117410E+001
  0.155054E+001  0.117903E+001
  0.155141E+001  0.118395E+001
  0.155229E+001  0.118887E+001
  0.155318E+001  0.119379E+001
  0.155409E+001  0.119871E+001
  0.155500E+001  0.120363E+001
  0.155593E+001  0.120854E+001
  0.155687E+001  0.121345E+001
  0.155782E+001  0.121836E+001
  0.155878E+001  0.122327E+001
  0.155976E+001  0.122817E+001
  0.156074E+001  0.123307E+001
  0.156174E+001  0.123797E+001
  0.156275E+001  0.124287E+001
  0.156377E+001  0.124776E+001
  0.156481E+001  0.125265E+001
  0.156586E+001  0.125754E+001
  0.156692E+001  0.126243E+001
  0.156799E+001  0.126731E+001
  0.156908E+001  0.127219E+001
  0.157019E+001  0.127707E+001
  0.157130E+001  0.128194E+001
  0.157243E+001  0.128681E+001
  0.157358E+001  0.129168E+001
  0.157474E+001  0.129654E+001
  0.157592E+001  0.130140E+001
  0.157711E+001  0.130626E+001
  0.157831E+001  0.131111E+001
  0.157954E+001  0.131596E+001
  0.158078E+001  0.132080E+001
  0.158204E+001  0.132564E+001
  0.158332E+001  0.133048E+001
  0.158461E+001  0.133531E+001
  0.158593E+001  0.134013E+001
  0.158727E+001  0.134495E+001
  0.158862E+001  0.134976E+001
  0.159001E+001  0.135456E+001
  0.159141E+001  0.135936E+001
  0.159284E+001  0.136415E+001
  0.159429E+001  0.136894E+001
  0.159578E+001  0.137371E+001
  0.159728E+001  0.137848E+001
  0.159882E+001  0.138324E+001
  0.160039E+001  0.138799E+001
  0.160199E+001  0.139272E+001
  0.160362E+001  0.139745E+001
  0.160528E+001  0.140217E+001
  0.160697E+001  0.140687E+001
  0.160869E+001  0.141157E+001
  0.161044E+001  0.141625E+001
  0.161223E+001  0.142092E+001
  0.161404E+001  0.142558E+001
  0.161588E+001  0.143023E+001
  0.161775E+001  0.143487E+001
  0.161965E+001  0.143949E+001
  0.162157E+001  0.144411E+001
  0.162351E+001  0.144872E+001
  0.162548E+001  0.145331E+001
  0.162747E+001  0.145790E+001
  0.162947E+001  0.146248E+001
  0.163150E+001  0.146705E+001
  0.163355E+001  0.147161E+001
  0.163561E+001  0.147616E+001
  0.163770E+001  0.148071E+001
  0.163980E+001  0.148525E+001
  0.164191E+001  0.148978E+001
  0.164405E+001  0.149430E+001
  0.164619E+001  0.149882E+001
  0.164836E+001  0.150332E+001
  0.165054E+001  0.150782E+001
  0.165273E+001  0.151232E+001
  0.165494E+001  0.151680E+001
  0.165716E+001  0.152128E+001
  0.165940E+001  0.152575E+001
  0.166165E+001  0.153022E+001
  0.166391E+001  0.153468E+001
  0.166619E+001  0.153913E+001
  0.166848E+001  0.154357E+001
  0.167079E+001  0.154801E+001
  0.167311E+001  0.155244E+001
  0.167544E+001  0.155686E+001
  0.167779E+001  0.156127E+001
  0.168015E+001  0.156568E+001
  0.168253E+001  0.157008E+001
  0.168491E+001  0.157447E+001
  0.168731E+001  0.157886E+001
  0.168973E+001  0.158324E+001
  0.169215E+001  0.158761E+001
  0.169459E+001  0.159197E+001
  0.169705E+001  0.159633E+001
  0.169951E+001  0.160068E+001
  0.170199E+001  0.160503E+001
  0.170448E+001  0.160936E+001
  0.170698E+001  0.161369E+001
  0.170949E+001  0.161801E+001
  0.171201E+001  0.162233E+001
  0.171455E+001  0.162664E+001
  0.171710E+001  0.163094E+001
  0.171965E+001  0.163524E+001
  0.172222E+001  0.163953E+001
  0.172480E+001  0.164381E+001
  0.172739E+001  0.164809E+001
  0.172999E+001  0.165236E+001
  0.173260E+001  0.165663E+001
  0.173522E+001  0.166088E+001
  0.173785E+001  0.166514E+001
  0.174049E+001  0.166938E+001
  0.174313E+001  0.167363E+001
  0.174579E+001  0.167786E+001
  0.174846E+001  0.168209E+001
  0.175113E+001  0.168632E+001
  0.175381E+001  0.169054E+001
  0.175650E+001  0.169475E+001
  0.175920E+001  0.169896E+001
  0.176191E+001  0.170317E+001
  0.176462E+001  0.170737E+001
  0.176734E+001  0.171156E+001
  0.177007E+001  0.171575E+001
  0.177280E+001  0.171994E+001
  0.177554E+001  0.172412E+001
  0.177829E+001  0.172830E+001
  0.178105E+001  0.173247E+001
  0.178381E+001  0.173664E+001
  0.178658E+001  0.174080E+001
  0.178935E+001  0.174496E+001
  0.179213E+001  0.174912E+001
  0.179491E+001  0.175327E+001
  0.179770E+001  0.175742E+001
  0.180050E+001  0.176156E+001
  0.180330E+001  0.176570E+001
  0.180611E+001  0.176984E+001
  0.180892E+001  0.177398E+001
  0.181174E+001  0.177811E+001
  0.181456E+001  0.178223E+001
  0.181739E+001  0.178636E+001
  0.182022E+001  0.179048E+001
  0.182306E+001  0.179460E+001
  0.182590E+001  0.179871E+001
  0.182874E+001  0.180282E+001
  0.183159E+001  0.180693E+001
  0.183444E+001  0.181104E+001
  0.183730E+001  0.181514E+001
  0.184016E+001  0.181924E+001
  0.184303E+001  0.182334E+001
  0.184590E+001  0.182744E+001
  0.184877E+001  0.183153E+001
  0.185164E+001  0.183562E+001
  0.185452E+001  0.183971E+001
  0.185741E+001  0.184379E+001
  0.186029E+001  0.184787E+001
  0.186318E+001  0.185195E+001
  0.186608E+001  0.185603E+001
  0.186897E+001  0.186011E+001
  0.187187E+001  0.186418E+001
  0.187477E+001  0.186825E+001
  0.187768E+001  0.187232E+001
  0.188058E+001  0.187639E+001
  0.188350E+001  0.188046E+001
  0.188641E+001  0.188452E+001
  0.188932E+001  0.188858E+001
  0.189224E+001  0.189264E+001
  0.189516E+001  0.189670E+001
  0.189809E+001  0.190076E+001
  0.190101E+001  0.190481E+001
  0.190394E+001  0.190887E+001
  0.190687E+001  0.191292E+001
  0.190980E+001  0.191697E+001
  0.191274E+001  0.192102E+001
  0.191567E+001  0.192506E+001
  0.191861E+001  0.192911E+001
  0.192155E+001  0.193315E+001
  0.192449E+001  0.193719E+001
  0.192744E+001  0.194124E+001
  0.193038E+001  0.194528E+001
  0.193333E+001  0.194931E+001
  0.193628E+001  0.195335E+001
  0.193923E+001  0.195739E+001
  0.194218E+001  0.196142E+001
  0.194514E+001  0.196546E+001
  0.194809E+001  0.196949E+001
  0.195105E+001  0.197352E+001
  0.195401E+001  0.197755E+001
  0.195697E+001  0.198158E+001
  0.195993E+001  0.198561E+001
  0.196289E+001  0.198964E+001
  0.196586E+001  0.199366E+001
  0.196882E+001  0.199769E+001
  0.197179E+001  0.200172E+001
  0.197476E+001  0.200574E+001
  0.197773E+001  0.200976E+001
  0.198070E+001  0.201379E+001
  0.198367E+001  0.201781E+001
  0.198664E+001  0.202183E+001
  0.198961E+001  0.202585E+001
  0.199259E+001  0.202987E+001
  0.199556E+001  0.203389E+001
  0.199854E+001  0.203791E+001
  0.200151E+001  0.204192E+001
  0.200449E+001  0.204594E+001
  0.200747E+001  0.204996E+001
  0.201044E+001  0.205397E+001
  0.201342E+001  0.205799E+001
  0.201640E+001  0.206200E+001
  0.201938E+001  0.206602E+001
  0.202236E+001  0.207003E+001
  0.202534E+001  0.207405E+001
  0.202833E+001  0.207806E+001
  0.203131E+001  0.208207E+001
  0.203429E+001  0.208609E+001
  0.203727E+001  0.209010E+001
  0.204026E+001  0.209411E+001
  0.204324E+001  0.209813E+001
  0.204622E+001  0.210214E+001
  0.204921E+001  0.210615E+001
  0.205219E+001  0.211016E+001
  0.205518E+001  0.211417E+001
  0.205816E+001  0.211818E+001
  0.206115E+001  0.212220E+001
  0.206413E+001  0.212621E+001
  0.206712E+001  0.213022E+001
  0.207010E+001  0.213423E+001
  0.207309E+001  0.213824E+001
  0.207607E+001  0.214225E+001
  0.207906E+001  0.214626E+001
  0.208204E+001  0.215027E+001
  0.208503E+001  0.215428E+001
  0.208801E+001  0.215830E+001
  0.209100E+001  0.216231E+001
  0.209398E+001  0.216632E+001
  0.209697E+001  0.217033E+001
  0.209995E+001  0.217434E+001
  0.210293E+001  0.217835E+001
  0.210592E+001  0.218237E+001
  0.210890E+001  0.218638E+001
  0.211188E+001  0.219039E+001
  0.211487E+001  0.219441E+001
  0.211785E+001  0.219842E+001
  0.212083E+001  0.220243E+001
  0.212381E+001  0.220645E+001
  0.212679E+001  0.221046E+001
  0.212977E+001  0.221448E+001
  0.213275E+001  0.221849E+001
  0.213573E+001  0.222251E+001
  0.213871E+001  0.222652E+001
  0.214169E+001  0.223054E+001
  0.214467E+001  0.223455E+001
  0.214764E+001  0.223857E+001
  0.215062E+001  0.224259E+001
  0.215359E+001  0.224661E+001
  0.215657E+001  0.225063E+001
  0.215954E+001  0.225465E+001
  0.216252E+001  0.225867E+001
  0.216549E+001  0.226269E+001
  0.216846E+001  0.226671E+001
  0.217143E+001  0.227073E+001
  0.217440E+001  0.227475E+001
  0.217737E+001  0.227877E+001
  0.218034E+001  0.228280E+001
  0.218331E+001  0.228682E+001
  0.218627E+001  0.229085E+001
  0.218924E+001  0.229487E+001
  0.219220E+001  0.229890E+001
  0.219516E+001  0.230293E+001
  0.219813E+001  0.230696E+001
  0.220109E+001  0.231098E+001
  0.220405E+001  0.231501E+001
  0.220701E+001  0.231904E+001
  0.220996E+001  0.232308E+001
  0.221292E+001  0.232711E+001
  0.221588E+001  0.233114E+001
  0.221883E+001  0.233518E+001
  0.222178E+001  0.233921E+001
  0.222474E+001  0.234325E+001
  0.222769E+001  0.234728E+001
  0.223063E+001  0.235132E+001
  0.223358E+001  0.235536E+001
  0.223653E+001  0.235940E+001
  0.223947E+001  0.236344E+001
  0.224242E+001  0.236748E+001
  0.224536E+001  0.237152E+001
  0.224830E+001  0.237557E+001
  0.225124E+001  0.237961E+001
  0.225418E+001  0.238366E+001
  0.225712E+001  0.238770E+001
  0.226005E+001  0.239175E+001
  0.226298E+001  0.239580E+001
  0.226592E+001  0.239985E+001
  0.226885E+001  0.240390E+001
  0.227177E+001  0.240796E+001
  0.227470E+001  0.241201E+001
  0.227763E+001  0.241606E+001
  0.228055E+001  0.242012E+001
  0.228347E+001  0.242418E+001
  0.228639E+001  0.242824E+001
  0.228931E+001  0.243230E+001
  0.229223E+001  0.243636E+001
  0.229514E+001  0.244042E+001
  0.229806E+001  0.244448E+001
  0.230097E+001  0.244855E+001
  0.230388E+001  0.245261E+001
  0.230678E+001  0.245668E+001
  0.230969E+001  0.246075E+001
  0.231259E+001  0.246482E+001
  0.231549E+001  0.246889E+001
  0.231839E+001  0.247297E+001
  0.232129E+001  0.247704E+001
  0.232419E+001  0.248112E+001
  0.232708E+001  0.248519E+001
  0.232997E+001  0.248927E+001
  0.233286E+001  0.249335E+001
  0.233575E+001  0.249744E+001
  0.233864E+001  0.250152E+001
  0.234152E+001  0.250560E+001
  0.234440E+001  0.250969E+001
  0.234728E+001  0.251378E+001
  0.235016E+001  0.251787E+001
  0.235303E+001  0.252196E+001
  0.235591E+001  0.252605E+001
  0.235878E+001  0.253014E+001
  0.236164E+001  0.253424E+001
  0.236451E+001  0.253834E+001
  0.236737E+001  0.254244E+001
  0.237023E+001  0.254654E+001
  0.237309E+001  0.255064E+001
  0.237595E+001  0.255474E+001
  0.237880E+001  0.255885E+001
  0.238166E+001  0.256296E+001
  0.238450E+001  0.256706E+001
  0.238735E+001  0.257117E+001
  0.239020E+001  0.257529E+001
  0.239304E+001  0.257940E+001
  0.239588E+001  0.258352E+001
  0.239871E+001  0.258763E+001
  0.240155E+001  0.259175E+001
  0.240438E+001  0.259587E+001
  0.240721E+001  0.260000E+001
  0.241004E+001  0.260412E+001
  0.241286E+001  0.260825E+001
  0.241568E+001  0.261237E+001
  0.241850E+001  0.261650E+001
  0.242132E+001  0.262064E+001
  0.242413E+001  0.262477E+001
  0.242694E+001  0.262890E+001
  0.242975E+001  0.263304E+001
  0.243255E+001  0.263718E+001
  0.243535E+001  0.264132E+001
  0.243815E+001  0.264546E+001
  0.244095E+001  0.264961E+001
  0.244374E+001  0.265376E+001
  0.244654E+001  0.265790E+001
  0.244932E+001  0.266205E+001
  0.245211E+001  0.266621E+001
  0.245489E+001  0.267036E+001
  0.245767E+001  0.267452E+001
  0.246045E+001  0.267868E+001
  0.246322E+001  0.268284E+001
  0.246599E+001  0.268700E+001
  0.246876E+001  0.269116E+001
  0.247153E+001  0.269533E+001
  0.247429E+001  0.269950E+001
  0.247705E+001  0.270367E+001
  0.247980E+001  0.270784E+001
  0.248255E+001  0.271201E+001
  0.248530E+001  0.271619E+001
  0.248805E+001  0.272037E+001
  0.249079E+001  0.272455E+001
  0.249354E+001  0.272873E+001
  0.249627E+001  0.273291E+001
  0.249901E+001  0.273710E+001
  0.250174E+001  0.274129E+001
