  0.162747E+001  0.388992E-001
  0.162861E+001  0.437678E-001
  0.162980E+001  0.486230E-001
  0.163105E+001  0.534665E-001
  0.163233E+001  0.582998E-001
  0.163364E+001  0.631241E-001
  0.163498E+001  0.679405E-001
  0.163635E+001  0.727499E-001
  0.163774E+001  0.775530E-001
  0.163915E+001  0.823506E-001
  0.164057E+001  0.871430E-001
  0.164201E+001  0.919308E-001
  0.164347E+001  0.967144E-001
  0.164494E+001  0.101494E+000
  0.164642E+001  0.106270E+000
  0.164791E+001  0.111043E+000
  0.164941E+001  0.115812E+000
  0.165092E+001  0.120579E+000
  0.165244E+001  0.125343E+000
  0.165396E+001  0.130104E+000
  0.165550E+001  0.134862E+000
  0.165704E+001  0.139618E+000
  0.165859E+001  0.144372E+000
  0.166015E+001  0.149123E+000
  0.166171E+001  0.153872E+000
  0.166328E+001  0.158620E+000
  0.166486E+001  0.163365E+000
  0.166644E+001  0.168108E+000
  0.166803E+001  0.172849E+000
  0.166962E+001  0.177588E+000
  0.167122E+001  0.182326E+000
  0.167282E+001  0.187062E+000
  0.167443E+001  0.191796E+000
  0.167605E+001  0.196528E+000
  0.167767E+001  0.201258E+000
  0.167929E+001  0.205987E+000
  0.168092E+001  0.210715E+000
  0.168255E+001  0.215440E+000
  0.168419E+001  0.220165E+000
  0.168583E+001  0.224887E+000
  0.168748E+001  0.229608E+000
  0.168913E+001  0.234328E+000
  0.169078E+001  0.239046E+000
  0.169244E+001  0.243763E+000
  0.169411E+001  0.248478E+000
  0.169577E+001  0.253192E+000
  0.169744E+001  0.257905E+000
  0.169912E+001  0.262616E+000
  0.170080E+001  0.267326E+000
  0.170248E+001  0.272034E+000
  0.170417E+001  0.276742E+000
  0.170586E+001  0.281448E+000
  0.170755E+001  0.286152E+000
  0.170924E+001  0.290856E+000
  0.171094E+001  0.295558E+000
  0.171265E+001  0.300259E+000
  0.171435E+001  0.304959E+000
  0.171606E+001  0.309657E+000
  0.171778E+001  0.314355E+000
  0.171949E+001  0.319051E+000
  0.172121E+001  0.323746E+000
  0.172293E+001  0.328440E+000
  0.172466E+001  0.333133E+000
  0.172639E+001  0.337825E+000
  0.172812E+001  0.342516E+000
  0.172985E+001  0.347206E+000
  0.173159E+001  0.351894E+000
  0.173333E+001  0.356582E+000
  0.173507E+001  0.361269E+000
  0.173681E+001  0.365955E+000
  0.173856E+001  0.370639E+000
  0.174031E+001  0.375323E+000
  0.174206E+001  0.380006E+000
  0.174382E+001  0.384688E+000
  0.174558E+001  0.389369E+000
  0.174733E+001  0.394050E+000
  0.174910E+001  0.398729E+000
  0.175086E+001  0.403407E+000
  0.175263E+001  0.408085E+000
  0.175439E+001  0.412762E+000
  0.175616E+001  0.417438E+000
  0.175794E+001  0.422114E+000
  0.175971E+001  0.426788E+000
  0.176149E+001  0.431462E+000
  0.176327E+001  0.436135E+000
  0.176504E+001  0.440808E+000
  0.176683E+001  0.445480E+000
  0.176861E+001  0.450151E+000
  0.177039E+001  0.454822E+000
  0.177218E+001  0.459492E+000
  0.177397E+001  0.464161E+000
  0.177576E+001  0.468830E+000
  0.177755E+001  0.473498E+000
  0.177934E+001  0.478166E+000
  0.178114E+001  0.482833E+000
  0.178293E+001  0.487500E+000
  0.178473E+001  0.492166E+000
  0.178652E+001  0.496832E+000
  0.178832E+001  0.501497E+000
  0.179012E+001  0.506162E+000
  0.179192E+001  0.510827E+000
  0.179372E+001  0.515491E+000
  0.179552E+001  0.520155E+000
  0.179733E+001  0.524819E+000
  0.179913E+001  0.529482E+000
  0.180094E+001  0.534145E+000
  0.180274E+001  0.538808E+000
  0.180455E+001  0.543471E+000
  0.180635E+001  0.548133E+000
  0.180816E+001  0.552796E+000
  0.180996E+001  0.557458E+000
  0.181177E+001  0.562120E+000
  0.181358E+001  0.566782E+000
  0.181539E+001  0.571443E+000
  0.181719E+001  0.576105E+000
  0.181900E+001  0.580767E+000
  0.182081E+001  0.585428E+000
  0.182262E+001  0.590090E+000
  0.182443E+001  0.594752E+000
  0.182623E+001  0.599413E+000
  0.182804E+001  0.604075E+000
  0.182985E+001  0.608737E+000
  0.183166E+001  0.613399E+000
  0.183346E+001  0.618061E+000
  0.183527E+001  0.622723E+000
  0.183708E+001  0.627386E+000
  0.183888E+001  0.632048E+000
  0.184069E+001  0.636711E+000
  0.184249E+001  0.641374E+000
  0.184430E+001  0.646037E+000
  0.184610E+001  0.650701E+000
  0.184790E+001  0.655365E+000
  0.184970E+001  0.660029E+000
  0.185150E+001  0.664693E+000
  0.185330E+001  0.669358E+000
  0.185510E+001  0.674023E+000
  0.185690E+001  0.678688E+000
  0.185870E+001  0.683354E+000
  0.186050E+001  0.688020E+000
  0.186229E+001  0.692687E+000
  0.186409E+001  0.697353E+000
  0.186588E+001  0.702021E+000
  0.186767E+001  0.706689E+000
  0.186946E+001  0.711357E+000
  0.187125E+001  0.716025E+000
  0.187304E+001  0.720694E+000
  0.187483E+001  0.725364E+000
  0.187662E+001  0.730034E+000
  0.187840E+001  0.734704E+000
  0.188018E+001  0.739375E+000
  0.188197E+001  0.744047E+000
  0.188375E+001  0.748719E+000
  0.188553E+001  0.753391E+000
  0.188731E+001  0.758064E+000
  0.188909E+001  0.762737E+000
  0.189086E+001  0.767411E+000
  0.189264E+001  0.772085E+000
  0.189441E+001  0.776760E+000
  0.189618E+001  0.781436E+000
  0.189795E+001  0.786111E+000
  0.189972E+001  0.790788E+000
  0.190149E+001  0.795464E+000
  0.190326E+001  0.800142E+000
  0.190503E+001  0.804819E+000
  0.190679E+001  0.809497E+000
  0.190855E+001  0.814176E+000
  0.191032E+001  0.818855E+000
  0.191208E+001  0.823534E+000
  0.191384E+001  0.828214E+000
  0.191560E+001  0.832895E+000
  0.191736E+001  0.837576E+000
  0.191911E+001  0.842257E+000
  0.192087E+001  0.846938E+000
  0.192262E+001  0.851620E+000
  0.192438E+001  0.856303E+000
  0.192613E+001  0.860985E+000
  0.192788E+001  0.865669E+000
  0.192963E+001  0.870352E+000
  0.193138E+001  0.875036E+000
  0.193313E+001  0.879720E+000
  0.193488E+001  0.884404E+000
  0.193663E+001  0.889089E+000
  0.193837E+001  0.893774E+000
  0.194012E+001  0.898459E+000
  0.194186E+001  0.903145E+000
  0.194361E+001  0.907831E+000
  0.194535E+001  0.912517E+000
  0.194709E+001  0.917203E+000
  0.194884E+001  0.921890E+000
  0.195058E+001  0.926577E+000
  0.195232E+001  0.931264E+000
  0.195406E+001  0.935951E+000
  0.195580E+001  0.940638E+000
  0.195754E+001  0.945326E+000
  0.195928E+001  0.950014E+000
  0.196102E+001  0.954701E+000
  0.196276E+001  0.959389E+000
  0.196450E+001  0.964078E+000
  0.196623E+001  0.968766E+000
  0.196797E+001  0.973454E+000
  0.196971E+001  0.978143E+000
  0.197145E+001  0.982831E+000
  0.197318E+001  0.987520E+000
  0.197492E+001  0.992208E+000
  0.197666E+001  0.996897E+000
  0.197839E+001  0.100159E+001
  0.198013E+001  0.100627E+001
  0.198187E+001  0.101096E+001
  0.198360E+001  0.101565E+001
  0.198534E+001  0.102034E+001
  0.198708E+001  0.102503E+001
  0.198881E+001  0.102972E+001
  0.199055E+001  0.103441E+001
  0.199228E+001  0.103910E+001
  0.199402E+001  0.104378E+001
  0.199576E+001  0.104847E+001
  0.199749E+001  0.105316E+001
  0.199923E+001  0.105785E+001
  0.200097E+001  0.106254E+001
  0.200271E+001  0.106723E+001
  0.200444E+001  0.107192E+001
  0.200618E+001  0.107660E+001
  0.200792E+001  0.108129E+001
  0.200966E+001  0.108598E+001
  0.201140E+001  0.109067E+001
  0.201313E+001  0.109536E+001
  0.201487E+001  0.110005E+001
  0.201661E+001  0.110473E+001
  0.201835E+001  0.110942E+001
  0.202009E+001  0.111411E+001
  0.202183E+001  0.111880E+001
  0.202357E+001  0.112348E+001
  0.202531E+001  0.112817E+001
  0.202705E+001  0.113286E+001
  0.202879E+001  0.113754E+001
  0.203054E+001  0.114223E+001
  0.203228E+001  0.114692E+001
  0.203402E+001  0.115160E+001
  0.203576E+001  0.115629E+001
  0.203751E+001  0.116098E+001
  0.203925E+001  0.116566E+001
  0.204099E+001  0.117035E+001
  0.204274E+001  0.117504E+001
  0.204448E+001  0.117972E+001
  0.204623E+001  0.118441E+001
  0.204797E+001  0.118909E+001
  0.204972E+001  0.119378E+001
  0.205147E+001  0.119846E+001
  0.205321E+001  0.120315E+001
  0.205496E+001  0.120783E+001
  0.205671E+001  0.121252E+001
  0.205845E+001  0.121720E+001
  0.206020E+001  0.122189E+001
  0.206195E+001  0.122657E+001
  0.206370E+001  0.123125E+001
  0.206545E+001  0.123594E+001
  0.206720E+001  0.124062E+001
  0.206895E+001  0.124531E+001
  0.207070E+001  0.124999E+001
  0.207245E+001  0.125467E+001
  0.207420E+001  0.125936E+001
  0.207595E+001  0.126404E+001
  0.207770E+001  0.126872E+001
  0.207945E+001  0.127341E+001
  0.208121E+001  0.127809E+001
  0.208296E+001  0.128277E+001
  0.208471E+001  0.128746E+001
  0.208646E+001  0.129214E+001
  0.208822E+001  0.129682E+001
  0.208997E+001  0.130150E+001
  0.209172E+001  0.130619E+001
  0.209348E+001  0.131087E+001
  0.209523E+001  0.131555E+001
  0.209698E+001  0.132023E+001
  0.209873E+001  0.132492E+001
  0.210049E+001  0.132960E+001
  0.210224E+001  0.133428E+001
  0.210399E+001  0.133897E+001
  0.210573E+001  0.134365E+001
  0.210748E+001  0.134834E+001
  0.210922E+001  0.135302E+001
  0.211096E+001  0.135771E+001
  0.211270E+001  0.136240E+001
  0.211442E+001  0.136710E+001
  0.211611E+001  0.137180E+001
  0.211778E+001  0.137651E+001
  0.211936E+001  0.138126E+001
  0.212081E+001  0.138604E+001
  0.212208E+001  0.139088E+001
  0.212321E+001  0.139575E+001
  0.212428E+001  0.140063E+001
  0.212530E+001  0.140553E+001
  0.212632E+001  0.141042E+001
  0.212732E+001  0.141532E+001
  0.212833E+001  0.142022E+001
  0.212933E+001  0.142512E+001
  0.213034E+001  0.143001E+001
  0.213135E+001  0.143491E+001
  0.213237E+001  0.143981E+001
  0.213339E+001  0.144470E+001
  0.213441E+001  0.144960E+001
  0.213544E+001  0.145449E+001
  0.213648E+001  0.145938E+001
  0.213752E+001  0.146427E+001
  0.213856E+001  0.146916E+001
  0.213962E+001  0.147405E+001
  0.214067E+001  0.147893E+001
  0.214174E+001  0.148382E+001
  0.214281E+001  0.148870E+001
  0.214388E+001  0.149359E+001
  0.214497E+001  0.149847E+001
  0.214605E+001  0.150335E+001
  0.214715E+001  0.150823E+001
  0.214825E+001  0.151311E+001
  0.214935E+001  0.151798E+001
  0.215046E+001  0.152286E+001
  0.215158E+001  0.152773E+001
  0.215271E+001  0.153260E+001
  0.215384E+001  0.153747E+001
  0.215498E+001  0.154234E+001
  0.215612E+001  0.154721E+001
  0.215727E+001  0.155207E+001
  0.215842E+001  0.155694E+001
  0.215959E+001  0.156180E+001
  0.216075E+001  0.156666E+001
  0.216193E+001  0.157152E+001
  0.216311E+001  0.157638E+001
  0.216430E+001  0.158124E+001
  0.216549E+001  0.158609E+001
  0.216669E+001  0.159095E+001
  0.216790E+001  0.159580E+001
  0.216911E+001  0.160065E+001
  0.217033E+001  0.160550E+001
  0.217156E+001  0.161035E+001
  0.217279E+001  0.161519E+001
  0.217403E+001  0.162004E+001
  0.217527E+001  0.162488E+001
  0.217652E+001  0.162972E+001
  0.217778E+001  0.163456E+001
  0.217905E+001  0.163940E+001
  0.218032E+001  0.164423E+001
  0.218160E+001  0.164907E+001
  0.218288E+001  0.165390E+001
  0.218417E+001  0.165873E+001
  0.218547E+001  0.166356E+001
  0.218677E+001  0.166839E+001
  0.218808E+001  0.167321E+001
  0.218940E+001  0.167804E+001
  0.219072E+001  0.168286E+001
  0.219205E+001  0.168768E+001
  0.219339E+001  0.169249E+001
  0.219473E+001  0.169731E+001
  0.219608E+001  0.170213E+001
  0.219743E+001  0.170694E+001
  0.219880E+001  0.171175E+001
  0.220017E+001  0.171656E+001
  0.220154E+001  0.172137E+001
  0.220292E+001  0.172617E+001
  0.220431E+001  0.173097E+001
  0.220571E+001  0.173578E+001
  0.220711E+001  0.174057E+001
  0.220852E+001  0.174537E+001
  0.220993E+001  0.175017E+001
  0.221135E+001  0.175496E+001
  0.221278E+001  0.175975E+001
  0.221421E+001  0.176454E+001
  0.221565E+001  0.176933E+001
  0.221710E+001  0.177412E+001
  0.221855E+001  0.177890E+001
  0.222001E+001  0.178368E+001
  0.222148E+001  0.178846E+001
  0.222295E+001  0.179324E+001
  0.222443E+001  0.179802E+001
  0.222592E+001  0.180279E+001
  0.222741E+001  0.180756E+001
  0.222891E+001  0.181233E+001
  0.223042E+001  0.181710E+001
  0.223193E+001  0.182187E+001
  0.223345E+001  0.182663E+001
  0.223497E+001  0.183139E+001
  0.223650E+001  0.183615E+001
  0.223804E+001  0.184091E+001
  0.223958E+001  0.184567E+001
  0.224113E+001  0.185042E+001
  0.224269E+001  0.185517E+001
  0.224425E+001  0.185992E+001
  0.224582E+001  0.186467E+001
  0.224740E+001  0.186941E+001
  0.224898E+001  0.187416E+001
  0.225057E+001  0.187890E+001
  0.225216E+001  0.188364E+001
  0.225376E+001  0.188838E+001
  0.225537E+001  0.189311E+001
  0.225698E+001  0.189784E+001
  0.225860E+001  0.190257E+001
  0.226023E+001  0.190730E+001
  0.226186E+001  0.191203E+001
  0.226350E+001  0.191675E+001
  0.226514E+001  0.192147E+001
  0.226679E+001  0.192619E+001
  0.226845E+001  0.193091E+001
  0.227011E+001  0.193563E+001
  0.227178E+001  0.194034E+001
  0.227345E+001  0.194505E+001
  0.227513E+001  0.194976E+001
  0.227682E+001  0.195447E+001
  0.227851E+001  0.195917E+001
  0.228021E+001  0.196388E+001
  0.228191E+001  0.196858E+001
  0.228362E+001  0.197328E+001
  0.228534E+001  0.197797E+001
  0.228706E+001  0.198267E+001
  0.228879E+001  0.198736E+001
  0.229052E+001  0.199205E+001
  0.229226E+001  0.199674E+001
  0.229401E+001  0.200142E+001
  0.229576E+001  0.200610E+001
  0.229751E+001  0.201079E+001
  0.229928E+001  0.201546E+001
  0.230104E+001  0.202014E+001
  0.230282E+001  0.202482E+001
  0.230460E+001  0.202949E+001
  0.230638E+001  0.203416E+001
  0.230817E+001  0.203883E+001
  0.230997E+001  0.204349E+001
  0.231177E+001  0.204816E+001
  0.231358E+001  0.205282E+001
  0.231539E+001  0.205748E+001
  0.231721E+001  0.206214E+001
  0.231903E+001  0.206679E+001
  0.232086E+001  0.207145E+001
  0.232269E+001  0.207610E+001
  0.232453E+001  0.208075E+001
  0.232638E+001  0.208540E+001
  0.232822E+001  0.209004E+001
  0.233008E+001  0.209468E+001
  0.233194E+001  0.209933E+001
  0.233381E+001  0.210396E+001
  0.233568E+001  0.210860E+001
  0.233755E+001  0.211324E+001
  0.233943E+001  0.211787E+001
  0.234132E+001  0.212250E+001
  0.234321E+001  0.212713E+001
  0.234510E+001  0.213176E+001
  0.234701E+001  0.213638E+001
  0.234891E+001  0.214100E+001
  0.235082E+001  0.214562E+001
  0.235274E+001  0.215024E+001
  0.235466E+001  0.215486E+001
  0.235658E+001  0.215947E+001
  0.235851E+001  0.216409E+001
  0.236045E+001  0.216870E+001
  0.236238E+001  0.217331E+001
  0.236433E+001  0.217791E+001
  0.236628E+001  0.218252E+001
  0.236823E+001  0.218712E+001
  0.237019E+001  0.219172E+001
  0.237215E+001  0.219632E+001
  0.237412E+001  0.220092E+001
  0.237609E+001  0.220551E+001
  0.237806E+001  0.221011E+001
  0.238004E+001  0.221470E+001
  0.238203E+001  0.221929E+001
  0.238401E+001  0.222387E+001
  0.238601E+001  0.222846E+001
  0.238800E+001  0.223304E+001
  0.239000E+001  0.223763E+001
  0.239201E+001  0.224221E+001
  0.239402E+001  0.224678E+001
  0.239603E+001  0.225136E+001
  0.239805E+001  0.225594E+001
  0.240007E+001  0.226051E+001
  0.240210E+001  0.226508E+001
  0.240413E+001  0.226965E+001
  0.240616E+001  0.227422E+001
  0.240820E+001  0.227878E+001
  0.241024E+001  0.228335E+001
  0.241228E+001  0.228791E+001
  0.241433E+001  0.229247E+001
  0.241638E+001  0.229703E+001
  0.241844E+001  0.230159E+001
  0.242050E+001  0.230615E+001
  0.242256E+001  0.231070E+001
  0.242463E+001  0.231525E+001
  0.242670E+001  0.231981E+001
  0.242877E+001  0.232436E+001
  0.243085E+001  0.232890E+001
  0.243293E+001  0.233345E+001
  0.243501E+001  0.233800E+001
  0.243710E+001  0.234254E+001
  0.243919E+001  0.234708E+001
  0.244128E+001  0.235162E+001
  0.244338E+001  0.235616E+001
  0.244548E+001  0.236070E+001
  0.244758E+001  0.236524E+001
  0.244969E+001  0.236977E+001
  0.245179E+001  0.237430E+001
  0.245391E+001  0.237884E+001
  0.245602E+001  0.238337E+001
  0.245814E+001  0.238790E+001
  0.246026E+001  0.239242E+001
  0.246238E+001  0.239695E+001
  0.246451E+001  0.240148E+001
  0.246664E+001  0.240600E+001
  0.246877E+001  0.241052E+001
  0.247090E+001  0.241505E+001
  0.247304E+001  0.241957E+001
  0.247517E+001  0.242409E+001
  0.247732E+001  0.242861E+001
  0.247946E+001  0.243312E+001
  0.248160E+001  0.243764E+001
  0.248375E+001  0.244215E+001
  0.248590E+001  0.244667E+001
  0.248805E+001  0.245118E+001
  0.249021E+001  0.245569E+001
  0.249236E+001  0.246021E+001
  0.249452E+001  0.246472E+001
  0.249668E+001  0.246922E+001
  0.249884E+001  0.247373E+001
  0.250101E+001  0.247824E+001
