  0.180181E+001  0.746367E-001
  0.180204E+001  0.796315E-001
  0.180228E+001  0.846257E-001
  0.180254E+001  0.896192E-001
  0.180281E+001  0.946119E-001
  0.180309E+001  0.996038E-001
  0.180339E+001  0.104595E+000
  0.180370E+001  0.109585E+000
  0.180403E+001  0.114574E+000
  0.180437E+001  0.119563E+000
  0.180473E+001  0.124550E+000
  0.180510E+001  0.129536E+000
  0.180548E+001  0.134521E+000
  0.180588E+001  0.139505E+000
  0.180629E+001  0.144488E+000
  0.180672E+001  0.149470E+000
  0.180716E+001  0.154451E+000
  0.180761E+001  0.159430E+000
  0.180808E+001  0.164408E+000
  0.180856E+001  0.169385E+000
  0.180906E+001  0.174361E+000
  0.180957E+001  0.179335E+000
  0.181009E+001  0.184307E+000
  0.181062E+001  0.189278E+000
  0.181117E+001  0.194248E+000
  0.181173E+001  0.199217E+000
  0.181231E+001  0.204183E+000
  0.181290E+001  0.209149E+000
  0.181350E+001  0.214112E+000
  0.181412E+001  0.219074E+000
  0.181474E+001  0.224035E+000
  0.181538E+001  0.228993E+000
  0.181604E+001  0.233951E+000
  0.181670E+001  0.238906E+000
  0.181738E+001  0.243860E+000
  0.181808E+001  0.248811E+000
  0.181878E+001  0.253762E+000
  0.181950E+001  0.258710E+000
  0.182023E+001  0.263656E+000
  0.182097E+001  0.268601E+000
  0.182172E+001  0.273544E+000
  0.182249E+001  0.278485E+000
  0.182327E+001  0.283424E+000
  0.182406E+001  0.288361E+000
  0.182486E+001  0.293296E+000
  0.182568E+001  0.298229E+000
  0.182650E+001  0.303160E+000
  0.182734E+001  0.308089E+000
  0.182819E+001  0.313016E+000
  0.182906E+001  0.317941E+000
  0.182993E+001  0.322864E+000
  0.183082E+001  0.327785E+000
  0.183171E+001  0.332704E+000
  0.183262E+001  0.337621E+000
  0.183354E+001  0.342536E+000
  0.183447E+001  0.347448E+000
  0.183542E+001  0.352358E+000
  0.183637E+001  0.357267E+000
  0.183733E+001  0.362172E+000
  0.183831E+001  0.367076E+000
  0.183930E+001  0.371978E+000
  0.184030E+001  0.376877E+000
  0.184131E+001  0.381774E+000
  0.184233E+001  0.386669E+000
  0.184336E+001  0.391561E+000
  0.184440E+001  0.396451E+000
  0.184545E+001  0.401339E+000
  0.184652E+001  0.406225E+000
  0.184759E+001  0.411108E+000
  0.184868E+001  0.415989E+000
  0.184977E+001  0.420867E+000
  0.185088E+001  0.425744E+000
  0.185199E+001  0.430617E+000
  0.185312E+001  0.435489E+000
  0.185426E+001  0.440358E+000
  0.185541E+001  0.445224E+000
  0.185657E+001  0.450088E+000
  0.185773E+001  0.454950E+000
  0.185891E+001  0.459809E+000
  0.186010E+001  0.464665E+000
  0.186130E+001  0.469519E+000
  0.186251E+001  0.474371E+000
  0.186373E+001  0.479220E+000
  0.186496E+001  0.484066E+000
  0.186620E+001  0.488910E+000
  0.186745E+001  0.493752E+000
  0.186871E+001  0.498591E+000
  0.186998E+001  0.503427E+000
  0.187126E+001  0.508260E+000
  0.187255E+001  0.513091E+000
  0.187384E+001  0.517919E+000
  0.187515E+001  0.522745E+000
  0.187647E+001  0.527568E+000
  0.187780E+001  0.532388E+000
  0.187914E+001  0.537206E+000
  0.188049E+001  0.542021E+000
  0.188184E+001  0.546833E+000
  0.188321E+001  0.551642E+000
  0.188459E+001  0.556449E+000
  0.188598E+001  0.561253E+000
  0.188737E+001  0.566054E+000
  0.188878E+001  0.570852E+000
  0.189019E+001  0.575647E+000
  0.189162E+001  0.580440E+000
  0.189305E+001  0.585230E+000
  0.189450E+001  0.590017E+000
  0.189595E+001  0.594801E+000
  0.189741E+001  0.599582E+000
  0.189889E+001  0.604360E+000
  0.190037E+001  0.609135E+000
  0.190186E+001  0.613908E+000
  0.190336E+001  0.618677E+000
  0.190487E+001  0.623444E+000
  0.190639E+001  0.628207E+000
  0.190792E+001  0.632968E+000
  0.190946E+001  0.637726E+000
  0.191100E+001  0.642480E+000
  0.191256E+001  0.647232E+000
  0.191412E+001  0.651981E+000
  0.191570E+001  0.656726E+000
  0.191728E+001  0.661469E+000
  0.191888E+001  0.666209E+000
  0.192048E+001  0.670945E+000
  0.192209E+001  0.675679E+000
  0.192371E+001  0.680409E+000
  0.192533E+001  0.685137E+000
  0.192697E+001  0.689861E+000
  0.192862E+001  0.694582E+000
  0.193027E+001  0.699301E+000
  0.193194E+001  0.704016E+000
  0.193361E+001  0.708728E+000
  0.193529E+001  0.713437E+000
  0.193698E+001  0.718143E+000
  0.193868E+001  0.722846E+000
  0.194038E+001  0.727546E+000
  0.194210E+001  0.732243E+000
  0.194382E+001  0.736937E+000
  0.194555E+001  0.741628E+000
  0.194729E+001  0.746315E+000
  0.194904E+001  0.751000E+000
  0.195079E+001  0.755682E+000
  0.195255E+001  0.760361E+000
  0.195433E+001  0.765037E+000
  0.195610E+001  0.769709E+000
  0.195789E+001  0.774379E+000
  0.195969E+001  0.779046E+000
  0.196149E+001  0.783710E+000
  0.196330E+001  0.788371E+000
  0.196511E+001  0.793030E+000
  0.196694E+001  0.797685E+000
  0.196877E+001  0.802337E+000
  0.197061E+001  0.806987E+000
  0.197245E+001  0.811634E+000
  0.197431E+001  0.816278E+000
  0.197617E+001  0.820920E+000
  0.197803E+001  0.825558E+000
  0.197990E+001  0.830195E+000
  0.198178E+001  0.834828E+000
  0.198367E+001  0.839459E+000
  0.198556E+001  0.844087E+000
  0.198746E+001  0.848713E+000
  0.198936E+001  0.853336E+000
  0.199127E+001  0.857957E+000
  0.199319E+001  0.862575E+000
  0.199511E+001  0.867191E+000
  0.199704E+001  0.871805E+000
  0.199897E+001  0.876417E+000
  0.200091E+001  0.881026E+000
  0.200285E+001  0.885634E+000
  0.200480E+001  0.890239E+000
  0.200675E+001  0.894842E+000
  0.200870E+001  0.899444E+000
  0.201066E+001  0.904044E+000
  0.201263E+001  0.908642E+000
  0.201459E+001  0.913239E+000
  0.201656E+001  0.917834E+000
  0.201854E+001  0.922428E+000
  0.202051E+001  0.927021E+000
  0.202249E+001  0.931613E+000
  0.202447E+001  0.936205E+000
  0.202645E+001  0.940796E+000
  0.202843E+001  0.945387E+000
  0.203041E+001  0.949978E+000
  0.203239E+001  0.954570E+000
  0.203437E+001  0.959163E+000
  0.203634E+001  0.963758E+000
  0.203830E+001  0.968355E+000
  0.204026E+001  0.972955E+000
  0.204221E+001  0.977559E+000
  0.204415E+001  0.982169E+000
  0.204607E+001  0.986786E+000
  0.204797E+001  0.991411E+000
  0.204984E+001  0.996046E+000
  0.205169E+001  0.100069E+001
  0.205349E+001  0.100536E+001
  0.205524E+001  0.101004E+001
  0.205693E+001  0.101475E+001
  0.205855E+001  0.101948E+001
  0.206009E+001  0.102424E+001
  0.206154E+001  0.102902E+001
  0.206289E+001  0.103383E+001
  0.206415E+001  0.103867E+001
  0.206532E+001  0.104353E+001
  0.206641E+001  0.104841E+001
  0.206743E+001  0.105331E+001
  0.206839E+001  0.105822E+001
  0.206929E+001  0.106313E+001
  0.207016E+001  0.106806E+001
  0.207099E+001  0.107299E+001
  0.207180E+001  0.107792E+001
  0.207258E+001  0.108286E+001
  0.207335E+001  0.108780E+001
  0.207410E+001  0.109274E+001
  0.207484E+001  0.109769E+001
  0.207558E+001  0.110263E+001
  0.207631E+001  0.110758E+001
  0.207703E+001  0.111253E+001
  0.207775E+001  0.111748E+001
  0.207847E+001  0.112242E+001
  0.207919E+001  0.112737E+001
  0.207991E+001  0.113232E+001
  0.208062E+001  0.113727E+001
  0.208134E+001  0.114222E+001
  0.208206E+001  0.114717E+001
  0.208278E+001  0.115211E+001
  0.208351E+001  0.115706E+001
  0.208423E+001  0.116201E+001
  0.208496E+001  0.116695E+001
  0.208569E+001  0.117190E+001
  0.208643E+001  0.117685E+001
  0.208716E+001  0.118179E+001
  0.208790E+001  0.118674E+001
  0.208865E+001  0.119168E+001
  0.208940E+001  0.119662E+001
  0.209015E+001  0.120157E+001
  0.209091E+001  0.120651E+001
  0.209167E+001  0.121145E+001
  0.209243E+001  0.121639E+001
  0.209320E+001  0.122133E+001
  0.209398E+001  0.122627E+001
  0.209475E+001  0.123121E+001
  0.209554E+001  0.123615E+001
  0.209633E+001  0.124109E+001
  0.209712E+001  0.124602E+001
  0.209792E+001  0.125096E+001
  0.209872E+001  0.125590E+001
  0.209953E+001  0.126083E+001
  0.210034E+001  0.126576E+001
  0.210115E+001  0.127070E+001
  0.210198E+001  0.127563E+001
  0.210281E+001  0.128056E+001
  0.210364E+001  0.128549E+001
  0.210448E+001  0.129042E+001
  0.210532E+001  0.129535E+001
  0.210617E+001  0.130027E+001
  0.210703E+001  0.130520E+001
  0.210789E+001  0.131013E+001
  0.210875E+001  0.131505E+001
  0.210963E+001  0.131997E+001
  0.211050E+001  0.132490E+001
  0.211139E+001  0.132982E+001
  0.211228E+001  0.133474E+001
  0.211318E+001  0.133965E+001
  0.211409E+001  0.134457E+001
  0.211500E+001  0.134949E+001
  0.211593E+001  0.135440E+001
  0.211687E+001  0.135931E+001
  0.211782E+001  0.136422E+001
  0.211880E+001  0.136912E+001
  0.211981E+001  0.137402E+001
  0.212089E+001  0.137890E+001
  0.212210E+001  0.138375E+001
  0.212348E+001  0.138856E+001
  0.212502E+001  0.139332E+001
  0.212666E+001  0.139804E+001
  0.212835E+001  0.140274E+001
  0.213007E+001  0.140744E+001
  0.213180E+001  0.141213E+001
  0.213354E+001  0.141682E+001
  0.213528E+001  0.142150E+001
  0.213703E+001  0.142619E+001
  0.213879E+001  0.143087E+001
  0.214054E+001  0.143555E+001
  0.214230E+001  0.144024E+001
  0.214405E+001  0.144492E+001
  0.214581E+001  0.144960E+001
  0.214757E+001  0.145428E+001
  0.214933E+001  0.145896E+001
  0.215109E+001  0.146364E+001
  0.215285E+001  0.146832E+001
  0.215461E+001  0.147300E+001
  0.215637E+001  0.147768E+001
  0.215813E+001  0.148236E+001
  0.215990E+001  0.148704E+001
  0.216166E+001  0.149171E+001
  0.216342E+001  0.149639E+001
  0.216518E+001  0.150107E+001
  0.216695E+001  0.150575E+001
  0.216871E+001  0.151043E+001
  0.217047E+001  0.151511E+001
  0.217223E+001  0.151979E+001
  0.217400E+001  0.152447E+001
  0.217576E+001  0.152915E+001
  0.217752E+001  0.153383E+001
  0.217928E+001  0.153850E+001
  0.218105E+001  0.154318E+001
  0.218281E+001  0.154786E+001
  0.218457E+001  0.155254E+001
  0.218634E+001  0.155722E+001
  0.218810E+001  0.156190E+001
  0.218986E+001  0.156658E+001
  0.219162E+001  0.157126E+001
  0.219339E+001  0.157594E+001
  0.219515E+001  0.158062E+001
  0.219691E+001  0.158530E+001
  0.219867E+001  0.158997E+001
  0.220043E+001  0.159465E+001
  0.220219E+001  0.159933E+001
  0.220396E+001  0.160401E+001
  0.220572E+001  0.160869E+001
  0.220748E+001  0.161337E+001
  0.220924E+001  0.161805E+001
  0.221100E+001  0.162273E+001
  0.221276E+001  0.162741E+001
  0.221452E+001  0.163209E+001
  0.221628E+001  0.163677E+001
  0.221804E+001  0.164145E+001
  0.221980E+001  0.164613E+001
  0.222156E+001  0.165081E+001
  0.222332E+001  0.165549E+001
  0.222507E+001  0.166017E+001
  0.222683E+001  0.166485E+001
  0.222859E+001  0.166954E+001
  0.223035E+001  0.167422E+001
  0.223210E+001  0.167890E+001
  0.223386E+001  0.168358E+001
  0.223562E+001  0.168826E+001
  0.223737E+001  0.169294E+001
  0.223913E+001  0.169762E+001
  0.224088E+001  0.170230E+001
  0.224264E+001  0.170699E+001
  0.224439E+001  0.171167E+001
  0.224615E+001  0.171635E+001
  0.224790E+001  0.172103E+001
  0.224966E+001  0.172572E+001
  0.225141E+001  0.173040E+001
  0.225316E+001  0.173508E+001
  0.225491E+001  0.173976E+001
  0.225667E+001  0.174445E+001
  0.225842E+001  0.174913E+001
  0.226017E+001  0.175381E+001
  0.226192E+001  0.175850E+001
  0.226367E+001  0.176318E+001
  0.226542E+001  0.176786E+001
  0.226717E+001  0.177255E+001
  0.226892E+001  0.177723E+001
  0.227067E+001  0.178192E+001
  0.227241E+001  0.178660E+001
  0.227416E+001  0.179129E+001
  0.227591E+001  0.179597E+001
  0.227766E+001  0.180066E+001
  0.227940E+001  0.180534E+001
  0.228115E+001  0.181003E+001
  0.228289E+001  0.181471E+001
  0.228464E+001  0.181940E+001
  0.228638E+001  0.182408E+001
  0.228813E+001  0.182877E+001
  0.228987E+001  0.183346E+001
  0.229161E+001  0.183814E+001
  0.229335E+001  0.184283E+001
  0.229510E+001  0.184752E+001
  0.229684E+001  0.185220E+001
  0.229858E+001  0.185689E+001
  0.230032E+001  0.186158E+001
  0.230206E+001  0.186626E+001
  0.230380E+001  0.187095E+001
  0.230554E+001  0.187564E+001
  0.230728E+001  0.188033E+001
  0.230901E+001  0.188502E+001
  0.231075E+001  0.188970E+001
  0.231249E+001  0.189439E+001
  0.231423E+001  0.189908E+001
  0.231596E+001  0.190377E+001
  0.231770E+001  0.190846E+001
  0.231943E+001  0.191315E+001
  0.232117E+001  0.191784E+001
  0.232290E+001  0.192253E+001
  0.232464E+001  0.192722E+001
  0.232637E+001  0.193191E+001
  0.232811E+001  0.193660E+001
  0.232984E+001  0.194129E+001
  0.233157E+001  0.194598E+001
  0.233330E+001  0.195067E+001
  0.233503E+001  0.195536E+001
  0.233677E+001  0.196005E+001
  0.233850E+001  0.196474E+001
  0.234023E+001  0.196943E+001
  0.234196E+001  0.197412E+001
  0.234369E+001  0.197881E+001
  0.234542E+001  0.198350E+001
  0.234715E+001  0.198819E+001
  0.234888E+001  0.199289E+001
  0.235060E+001  0.199758E+001
  0.235233E+001  0.200227E+001
  0.235406E+001  0.200696E+001
  0.235579E+001  0.201165E+001
  0.235752E+001  0.201635E+001
  0.235924E+001  0.202104E+001
  0.236097E+001  0.202573E+001
  0.236270E+001  0.203042E+001
  0.236442E+001  0.203512E+001
  0.236615E+001  0.203981E+001
  0.236788E+001  0.204450E+001
  0.236960E+001  0.204919E+001
  0.237133E+001  0.205389E+001
  0.237305E+001  0.205858E+001
  0.237478E+001  0.206327E+001
  0.237650E+001  0.206796E+001
  0.237823E+001  0.207266E+001
  0.237995E+001  0.207735E+001
  0.238168E+001  0.208204E+001
  0.238340E+001  0.208674E+001
  0.238513E+001  0.209143E+001
  0.238685E+001  0.209612E+001
  0.238858E+001  0.210081E+001
  0.239030E+001  0.210551E+001
  0.239203E+001  0.211020E+001
  0.239376E+001  0.211489E+001
  0.239548E+001  0.211959E+001
  0.239721E+001  0.212428E+001
  0.239893E+001  0.212897E+001
  0.240066E+001  0.213366E+001
  0.240238E+001  0.213836E+001
  0.240411E+001  0.214305E+001
  0.240584E+001  0.214774E+001
  0.240756E+001  0.215243E+001
  0.240929E+001  0.215713E+001
  0.241102E+001  0.216182E+001
  0.241274E+001  0.216651E+001
  0.241447E+001  0.217120E+001
  0.241620E+001  0.217590E+001
  0.241793E+001  0.218059E+001
  0.241966E+001  0.218528E+001
  0.242139E+001  0.218997E+001
  0.242312E+001  0.219466E+001
  0.242485E+001  0.219935E+001
  0.242658E+001  0.220404E+001
  0.242831E+001  0.220873E+001
  0.243004E+001  0.221342E+001
  0.243178E+001  0.221811E+001
  0.243351E+001  0.222280E+001
  0.243524E+001  0.222749E+001
  0.243698E+001  0.223218E+001
  0.243871E+001  0.223687E+001
  0.244045E+001  0.224156E+001
  0.244219E+001  0.224625E+001
  0.244393E+001  0.225094E+001
  0.244567E+001  0.225562E+001
  0.244741E+001  0.226031E+001
  0.244915E+001  0.226500E+001
  0.245089E+001  0.226969E+001
  0.245263E+001  0.227437E+001
  0.245438E+001  0.227906E+001
  0.245612E+001  0.228374E+001
  0.245787E+001  0.228843E+001
  0.245961E+001  0.229311E+001
  0.246136E+001  0.229780E+001
  0.246311E+001  0.230248E+001
  0.246486E+001  0.230716E+001
  0.246662E+001  0.231185E+001
  0.246837E+001  0.231653E+001
  0.247013E+001  0.232121E+001
  0.247188E+001  0.232589E+001
  0.247364E+001  0.233057E+001
  0.247540E+001  0.233525E+001
  0.247716E+001  0.233993E+001
  0.247893E+001  0.234461E+001
  0.248069E+001  0.234929E+001
  0.248246E+001  0.235397E+001
  0.248423E+001  0.235864E+001
  0.248600E+001  0.236332E+001
  0.248777E+001  0.236799E+001
  0.248955E+001  0.237267E+001
  0.249132E+001  0.237734E+001
  0.249310E+001  0.238202E+001
  0.249488E+001  0.238669E+001
  0.249666E+001  0.239136E+001
  0.249845E+001  0.239603E+001
  0.250024E+001  0.240070E+001
