  0.345949E+000  0.507745E-001
  0.345842E+000  0.557734E-001
  0.345726E+000  0.607721E-001
  0.345603E+000  0.657705E-001
  0.345471E+000  0.707688E-001
  0.345332E+000  0.757669E-001
  0.345187E+000  0.807648E-001
  0.345035E+000  0.857625E-001
  0.344877E+000  0.907600E-001
  0.344714E+000  0.957573E-001
  0.344546E+000  0.100754E+000
  0.344373E+000  0.105752E+000
  0.344198E+000  0.110748E+000
  0.344019E+000  0.115745E+000
  0.343838E+000  0.120742E+000
  0.343655E+000  0.125739E+000
  0.343472E+000  0.130735E+000
  0.343288E+000  0.135732E+000
  0.343104E+000  0.140728E+000
  0.342922E+000  0.145725E+000
  0.342742E+000  0.150722E+000
  0.342564E+000  0.155719E+000
  0.342390E+000  0.160716E+000
  0.342221E+000  0.165713E+000
  0.342057E+000  0.170710E+000
  0.341899E+000  0.175708E+000
  0.341748E+000  0.180705E+000
  0.341605E+000  0.185703E+000
  0.341472E+000  0.190702E+000
  0.341349E+000  0.195700E+000
  0.341237E+000  0.200699E+000
  0.341137E+000  0.205698E+000
  0.341051E+000  0.210697E+000
  0.340980E+000  0.215697E+000
  0.340925E+000  0.220696E+000
  0.340889E+000  0.225696E+000
  0.340871E+000  0.230696E+000
  0.340875E+000  0.235696E+000
  0.340901E+000  0.240696E+000
  0.340953E+000  0.245696E+000
  0.341031E+000  0.250695E+000
  0.341139E+000  0.255694E+000
  0.341279E+000  0.260692E+000
  0.341453E+000  0.265689E+000
  0.341666E+000  0.270684E+000
  0.341919E+000  0.275678E+000
  0.342218E+000  0.280669E+000
  0.342567E+000  0.285657E+000
  0.342970E+000  0.290641E+000
  0.343433E+000  0.295619E+000
  0.343962E+000  0.300591E+000
  0.344564E+000  0.305555E+000
  0.345246E+000  0.310508E+000
  0.346016E+000  0.315448E+000
  0.346883E+000  0.320373E+000
  0.347857E+000  0.325277E+000
  0.348948E+000  0.330156E+000
  0.350164E+000  0.335006E+000
  0.351514E+000  0.339821E+000
  0.353005E+000  0.344593E+000
  0.354640E+000  0.349318E+000
  0.356242E+000  0.354055E+000
  0.358339E+000  0.358593E+000
  0.360398E+000  0.363150E+000
  0.362584E+000  0.367647E+000
  0.364884E+000  0.372086E+000
  0.367287E+000  0.376471E+000
  0.369781E+000  0.380805E+000
  0.372353E+000  0.385093E+000
  0.374992E+000  0.389339E+000
  0.377690E+000  0.393549E+000
  0.380438E+000  0.397726E+000
  0.383229E+000  0.401875E+000
  0.386056E+000  0.405998E+000
  0.388916E+000  0.410100E+000
  0.391804E+000  0.414182E+000
  0.394715E+000  0.418247E+000
  0.397648E+000  0.422296E+000
  0.400599E+000  0.426332E+000
  0.403567E+000  0.430356E+000
  0.406549E+000  0.434370E+000
  0.409544E+000  0.438373E+000
  0.412551E+000  0.442368E+000
  0.415568E+000  0.446355E+000
  0.418595E+000  0.450335E+000
  0.421630E+000  0.454308E+000
  0.424673E+000  0.458275E+000
  0.427724E+000  0.462237E+000
  0.430780E+000  0.466194E+000
  0.433843E+000  0.470147E+000
  0.436910E+000  0.474095E+000
  0.439983E+000  0.478039E+000
  0.443061E+000  0.481980E+000
  0.446143E+000  0.485917E+000
  0.449228E+000  0.489852E+000
  0.452317E+000  0.493783E+000
  0.455410E+000  0.497712E+000
  0.458506E+000  0.501638E+000
  0.461604E+000  0.505562E+000
  0.464706E+000  0.509484E+000
  0.467809E+000  0.513404E+000
  0.470915E+000  0.517323E+000
  0.474023E+000  0.521239E+000
  0.477133E+000  0.525154E+000
  0.480245E+000  0.529068E+000
  0.483359E+000  0.532980E+000
  0.486474E+000  0.536891E+000
  0.489591E+000  0.540801E+000
  0.492708E+000  0.544710E+000
  0.495827E+000  0.548618E+000
  0.498948E+000  0.552525E+000
  0.502069E+000  0.556431E+000
  0.505191E+000  0.560337E+000
  0.508313E+000  0.564242E+000
  0.511437E+000  0.568146E+000
  0.514561E+000  0.572050E+000
  0.517686E+000  0.575953E+000
  0.520811E+000  0.579856E+000
  0.523936E+000  0.583759E+000
  0.527062E+000  0.587661E+000
  0.530188E+000  0.591564E+000
  0.533314E+000  0.595466E+000
  0.536441E+000  0.599368E+000
  0.539567E+000  0.603270E+000
  0.542694E+000  0.607172E+000
  0.545820E+000  0.611074E+000
  0.548946E+000  0.614976E+000
  0.552072E+000  0.618878E+000
  0.555198E+000  0.622781E+000
  0.558324E+000  0.626683E+000
  0.561449E+000  0.630586E+000
  0.564574E+000  0.634490E+000
  0.567698E+000  0.638393E+000
  0.570822E+000  0.642297E+000
  0.573945E+000  0.646202E+000
  0.577068E+000  0.650107E+000
  0.580190E+000  0.654012E+000
  0.583311E+000  0.657918E+000
  0.586432E+000  0.661825E+000
  0.589552E+000  0.665732E+000
  0.592671E+000  0.669640E+000
  0.595789E+000  0.673548E+000
  0.598907E+000  0.677457E+000
  0.602023E+000  0.681367E+000
  0.605139E+000  0.685278E+000
  0.608253E+000  0.689190E+000
  0.611366E+000  0.693102E+000
  0.614479E+000  0.697015E+000
  0.617590E+000  0.700930E+000
  0.620700E+000  0.704845E+000
  0.623809E+000  0.708761E+000
  0.626916E+000  0.712678E+000
  0.630022E+000  0.716596E+000
  0.633127E+000  0.720515E+000
  0.636231E+000  0.724435E+000
  0.639333E+000  0.728357E+000
  0.642434E+000  0.732279E+000
  0.645533E+000  0.736203E+000
  0.648631E+000  0.740127E+000
  0.651727E+000  0.744053E+000
  0.654821E+000  0.747981E+000
  0.657914E+000  0.751909E+000
  0.661006E+000  0.755839E+000
  0.664095E+000  0.759770E+000
  0.667183E+000  0.763703E+000
  0.670269E+000  0.767637E+000
  0.673354E+000  0.771572E+000
  0.676437E+000  0.775509E+000
  0.679517E+000  0.779447E+000
  0.682596E+000  0.783386E+000
  0.685673E+000  0.787327E+000
  0.688748E+000  0.791270E+000
  0.691821E+000  0.795214E+000
  0.694892E+000  0.799160E+000
  0.697961E+000  0.803107E+000
  0.701028E+000  0.807056E+000
  0.704093E+000  0.811007E+000
  0.707155E+000  0.814959E+000
  0.710216E+000  0.818913E+000
  0.713274E+000  0.822869E+000
  0.716330E+000  0.826826E+000
  0.719384E+000  0.830785E+000
  0.722435E+000  0.834746E+000
  0.725484E+000  0.838709E+000
  0.728531E+000  0.842674E+000
  0.731575E+000  0.846640E+000
  0.734617E+000  0.850608E+000
  0.737656E+000  0.854579E+000
  0.740693E+000  0.858551E+000
  0.743727E+000  0.862525E+000
  0.746759E+000  0.866501E+000
  0.749788E+000  0.870479E+000
  0.752814E+000  0.874459E+000
  0.755838E+000  0.878441E+000
  0.758859E+000  0.882425E+000
  0.761877E+000  0.886412E+000
  0.764892E+000  0.890400E+000
  0.767905E+000  0.894391E+000
  0.770915E+000  0.898383E+000
  0.773922E+000  0.902378E+000
  0.776925E+000  0.906375E+000
  0.779926E+000  0.910375E+000
  0.782924E+000  0.914376E+000
  0.785919E+000  0.918380E+000
  0.788911E+000  0.922386E+000
  0.791899E+000  0.926395E+000
  0.794885E+000  0.930405E+000
  0.797867E+000  0.934419E+000
  0.800846E+000  0.938434E+000
  0.803822E+000  0.942453E+000
  0.806794E+000  0.946473E+000
  0.809763E+000  0.950496E+000
  0.812728E+000  0.954522E+000
  0.815690E+000  0.958550E+000
  0.818649E+000  0.962581E+000
  0.821604E+000  0.966615E+000
  0.824555E+000  0.970651E+000
  0.827502E+000  0.974690E+000
  0.830446E+000  0.978731E+000
  0.833385E+000  0.982776E+000
  0.836321E+000  0.986823E+000
  0.839253E+000  0.990873E+000
  0.842181E+000  0.994926E+000
  0.845105E+000  0.998982E+000
  0.848025E+000  0.100304E+001
  0.850940E+000  0.100710E+001
  0.853851E+000  0.101117E+001
  0.856758E+000  0.101524E+001
  0.859660E+000  0.101931E+001
  0.862558E+000  0.102338E+001
  0.865451E+000  0.102746E+001
  0.868339E+000  0.103154E+001
  0.871223E+000  0.103563E+001
  0.874101E+000  0.103972E+001
  0.876975E+000  0.104381E+001
  0.879843E+000  0.104790E+001
  0.882707E+000  0.105200E+001
  0.885564E+000  0.105610E+001
  0.888417E+000  0.106021E+001
  0.891264E+000  0.106432E+001
  0.894105E+000  0.106844E+001
  0.896940E+000  0.107255E+001
  0.899770E+000  0.107668E+001
  0.902594E+000  0.108080E+001
  0.905411E+000  0.108493E+001
  0.908222E+000  0.108907E+001
  0.911026E+000  0.109321E+001
  0.913825E+000  0.109735E+001
  0.916616E+000  0.110150E+001
  0.919400E+000  0.110565E+001
  0.922178E+000  0.110981E+001
  0.924948E+000  0.111397E+001
  0.927711E+000  0.111814E+001
  0.930467E+000  0.112231E+001
  0.933215E+000  0.112649E+001
  0.935955E+000  0.113067E+001
  0.938688E+000  0.113486E+001
  0.941412E+000  0.113905E+001
  0.944129E+000  0.114325E+001
  0.946836E+000  0.114745E+001
  0.949536E+000  0.115166E+001
  0.952227E+000  0.115588E+001
  0.954909E+000  0.116009E+001
  0.957582E+000  0.116432E+001
  0.960246E+000  0.116855E+001
  0.962901E+000  0.117279E+001
  0.965546E+000  0.117703E+001
  0.968182E+000  0.118128E+001
  0.970809E+000  0.118553E+001
  0.973426E+000  0.118980E+001
  0.976032E+000  0.119406E+001
  0.978629E+000  0.119833E+001
  0.981216E+000  0.120261E+001
  0.983793E+000  0.120690E+001
  0.986359E+000  0.121119E+001
  0.988915E+000  0.121549E+001
  0.991460E+000  0.121979E+001
  0.993995E+000  0.122410E+001
  0.996520E+000  0.122842E+001
  0.999033E+000  0.123274E+001
  0.100154E+001  0.123707E+001
  0.100403E+001  0.124140E+001
  0.100651E+001  0.124574E+001
  0.100898E+001  0.125009E+001
  0.101144E+001  0.125444E+001
  0.101388E+001  0.125880E+001
  0.101632E+001  0.126317E+001
  0.101875E+001  0.126754E+001
  0.102116E+001  0.127192E+001
  0.102356E+001  0.127631E+001
  0.102596E+001  0.128070E+001
  0.102834E+001  0.128509E+001
  0.103071E+001  0.128950E+001
  0.103306E+001  0.129391E+001
  0.103541E+001  0.129832E+001
  0.103775E+001  0.130274E+001
  0.104007E+001  0.130717E+001
  0.104238E+001  0.131160E+001
  0.104469E+001  0.131604E+001
  0.104698E+001  0.132048E+001
  0.104926E+001  0.132493E+001
  0.105152E+001  0.132939E+001
  0.105378E+001  0.133385E+001
  0.105603E+001  0.133832E+001
  0.105826E+001  0.134279E+001
  0.106049E+001  0.134727E+001
  0.106270E+001  0.135175E+001
  0.106490E+001  0.135624E+001
  0.106709E+001  0.136074E+001
  0.106927E+001  0.136524E+001
  0.107144E+001  0.136974E+001
  0.107360E+001  0.137425E+001
  0.107575E+001  0.137877E+001
  0.107788E+001  0.138329E+001
  0.108001E+001  0.138781E+001
  0.108212E+001  0.139234E+001
  0.108423E+001  0.139688E+001
  0.108632E+001  0.140142E+001
  0.108841E+001  0.140596E+001
  0.109048E+001  0.141051E+001
  0.109254E+001  0.141507E+001
  0.109460E+001  0.141963E+001
  0.109664E+001  0.142419E+001
  0.109867E+001  0.142876E+001
  0.110069E+001  0.143333E+001
  0.110270E+001  0.143791E+001
  0.110471E+001  0.144249E+001
  0.110670E+001  0.144708E+001
  0.110868E+001  0.145167E+001
  0.111065E+001  0.145626E+001
  0.111261E+001  0.146086E+001
  0.111457E+001  0.146547E+001
  0.111651E+001  0.147007E+001
  0.111844E+001  0.147468E+001
  0.112036E+001  0.147930E+001
  0.112228E+001  0.148392E+001
  0.112418E+001  0.148854E+001
  0.112608E+001  0.149317E+001
  0.112797E+001  0.149780E+001
  0.112984E+001  0.150243E+001
  0.113171E+001  0.150707E+001
  0.113357E+001  0.151171E+001
  0.113542E+001  0.151636E+001
  0.113726E+001  0.152101E+001
  0.113910E+001  0.152566E+001
  0.114092E+001  0.153031E+001
  0.114273E+001  0.153497E+001
  0.114454E+001  0.153963E+001
  0.114634E+001  0.154430E+001
  0.114813E+001  0.154897E+001
  0.114991E+001  0.155364E+001
  0.115169E+001  0.155831E+001
  0.115345E+001  0.156299E+001
  0.115521E+001  0.156767E+001
  0.115696E+001  0.157236E+001
  0.115870E+001  0.157704E+001
  0.116044E+001  0.158173E+001
  0.116216E+001  0.158642E+001
  0.116388E+001  0.159112E+001
  0.116560E+001  0.159582E+001
  0.116730E+001  0.160052E+001
  0.116900E+001  0.160522E+001
  0.117069E+001  0.160993E+001
  0.117237E+001  0.161463E+001
  0.117405E+001  0.161935E+001
  0.117572E+001  0.162406E+001
  0.117738E+001  0.162877E+001
  0.117904E+001  0.163349E+001
  0.118069E+001  0.163821E+001
  0.118233E+001  0.164293E+001
  0.118397E+001  0.164766E+001
  0.118560E+001  0.165238E+001
  0.118722E+001  0.165711E+001
  0.118884E+001  0.166184E+001
  0.119045E+001  0.166658E+001
  0.119206E+001  0.167131E+001
  0.119366E+001  0.167605E+001
  0.119526E+001  0.168079E+001
  0.119685E+001  0.168553E+001
  0.119843E+001  0.169027E+001
  0.120001E+001  0.169501E+001
  0.120158E+001  0.169976E+001
  0.120315E+001  0.170451E+001
  0.120472E+001  0.170926E+001
  0.120627E+001  0.171401E+001
  0.120783E+001  0.171876E+001
  0.120938E+001  0.172351E+001
  0.121092E+001  0.172827E+001
  0.121246E+001  0.173303E+001
  0.121399E+001  0.173779E+001
  0.121552E+001  0.174255E+001
  0.121705E+001  0.174731E+001
  0.121857E+001  0.175207E+001
  0.122009E+001  0.175683E+001
  0.122160E+001  0.176160E+001
  0.122311E+001  0.176637E+001
  0.122462E+001  0.177113E+001
  0.122612E+001  0.177590E+001
  0.122762E+001  0.178067E+001
  0.122911E+001  0.178545E+001
  0.123061E+001  0.179022E+001
  0.123209E+001  0.179499E+001
  0.123358E+001  0.179977E+001
  0.123506E+001  0.180454E+001
  0.123654E+001  0.180932E+001
  0.123801E+001  0.181410E+001
  0.123948E+001  0.181887E+001
  0.124095E+001  0.182365E+001
  0.124242E+001  0.182843E+001
  0.124388E+001  0.183321E+001
  0.124534E+001  0.183800E+001
  0.124680E+001  0.184278E+001
  0.124826E+001  0.184756E+001
  0.124971E+001  0.185235E+001
  0.125116E+001  0.185713E+001
  0.125261E+001  0.186192E+001
  0.125406E+001  0.186670E+001
  0.125550E+001  0.187149E+001
  0.125694E+001  0.187628E+001
  0.125838E+001  0.188107E+001
  0.125982E+001  0.188585E+001
  0.126126E+001  0.189064E+001
  0.126269E+001  0.189543E+001
  0.126412E+001  0.190022E+001
  0.126555E+001  0.190501E+001
  0.126698E+001  0.190981E+001
  0.126841E+001  0.191460E+001
  0.126984E+001  0.191939E+001
  0.127126E+001  0.192418E+001
  0.127269E+001  0.192898E+001
  0.127411E+001  0.193377E+001
  0.127553E+001  0.193856E+001
  0.127695E+001  0.194336E+001
  0.127837E+001  0.194815E+001
  0.127979E+001  0.195295E+001
  0.128120E+001  0.195774E+001
  0.128262E+001  0.196254E+001
  0.128404E+001  0.196733E+001
  0.128545E+001  0.197213E+001
  0.128686E+001  0.197692E+001
  0.128828E+001  0.198172E+001
  0.128969E+001  0.198652E+001
  0.129110E+001  0.199131E+001
  0.129251E+001  0.199611E+001
  0.129392E+001  0.200091E+001
  0.129533E+001  0.200570E+001
  0.129674E+001  0.201050E+001
  0.129815E+001  0.201530E+001
  0.129956E+001  0.202010E+001
  0.130097E+001  0.202489E+001
  0.130238E+001  0.202969E+001
  0.130379E+001  0.203449E+001
  0.130519E+001  0.203929E+001
  0.130660E+001  0.204408E+001
  0.130801E+001  0.204888E+001
  0.130942E+001  0.205368E+001
  0.131083E+001  0.205848E+001
  0.131224E+001  0.206327E+001
  0.131364E+001  0.206807E+001
  0.131505E+001  0.207287E+001
  0.131646E+001  0.207767E+001
  0.131787E+001  0.208246E+001
  0.131928E+001  0.208726E+001
  0.132069E+001  0.209206E+001
  0.132210E+001  0.209685E+001
  0.132351E+001  0.210165E+001
  0.132492E+001  0.210645E+001
  0.132633E+001  0.211125E+001
  0.132774E+001  0.211604E+001
  0.132916E+001  0.212084E+001
  0.133057E+001  0.212563E+001
  0.133198E+001  0.213043E+001
  0.133340E+001  0.213523E+001
  0.133481E+001  0.214002E+001
  0.133623E+001  0.214482E+001
  0.133764E+001  0.214961E+001
  0.133906E+001  0.215441E+001
  0.134047E+001  0.215920E+001
  0.134189E+001  0.216400E+001
  0.134331E+001  0.216879E+001
  0.134473E+001  0.217359E+001
  0.134615E+001  0.217838E+001
  0.134757E+001  0.218317E+001
  0.134900E+001  0.218797E+001
  0.135042E+001  0.219276E+001
  0.135184E+001  0.219755E+001
  0.135327E+001  0.220235E+001
  0.135470E+001  0.220714E+001
  0.135612E+001  0.221193E+001
  0.135755E+001  0.221672E+001
  0.135898E+001  0.222151E+001
  0.136041E+001  0.222630E+001
  0.136184E+001  0.223110E+001
  0.136327E+001  0.223589E+001
  0.136471E+001  0.224068E+001
  0.136614E+001  0.224547E+001
  0.136758E+001  0.225025E+001
  0.136902E+001  0.225504E+001
  0.137046E+001  0.225983E+001
  0.137189E+001  0.226462E+001
  0.137334E+001  0.226941E+001
  0.137478E+001  0.227420E+001
  0.137622E+001  0.227898E+001
  0.137767E+001  0.228377E+001
  0.137911E+001  0.228856E+001
  0.138056E+001  0.229334E+001
  0.138201E+001  0.229813E+001
  0.138346E+001  0.230291E+001
  0.138491E+001  0.230770E+001
  0.138636E+001  0.231248E+001
  0.138782E+001  0.231727E+001
  0.138927E+001  0.232205E+001
  0.139073E+001  0.232683E+001
  0.139219E+001  0.233161E+001
  0.139365E+001  0.233640E+001
  0.139511E+001  0.234118E+001
  0.139657E+001  0.234596E+001
  0.139804E+001  0.235074E+001
  0.139950E+001  0.235552E+001
  0.140097E+001  0.236030E+001
  0.140244E+001  0.236508E+001
  0.140391E+001  0.236986E+001
  0.140538E+001  0.237464E+001
  0.140685E+001  0.237942E+001
  0.140833E+001  0.238419E+001
  0.140980E+001  0.238897E+001
  0.141128E+001  0.239375E+001
  0.141276E+001  0.239852E+001
  0.141424E+001  0.240330E+001
  0.141572E+001  0.240807E+001
  0.141721E+001  0.241285E+001
  0.141869E+001  0.241762E+001
  0.142018E+001  0.242240E+001
  0.142167E+001  0.242717E+001
  0.142316E+001  0.243194E+001
  0.142465E+001  0.243671E+001
  0.142615E+001  0.244149E+001
  0.142764E+001  0.244626E+001
  0.142914E+001  0.245103E+001
  0.143064E+001  0.245580E+001
  0.143214E+001  0.246057E+001
  0.143364E+001  0.246534E+001
  0.143514E+001  0.247011E+001
  0.143665E+001  0.247487E+001
  0.143815E+001  0.247964E+001
  0.143966E+001  0.248441E+001
  0.144117E+001  0.248917E+001
  0.144268E+001  0.249394E+001
  0.144420E+001  0.249871E+001
  0.144571E+001  0.250347E+001
  0.144723E+001  0.250824E+001
  0.144875E+001  0.251300E+001
  0.145027E+001  0.251776E+001
  0.145179E+001  0.252253E+001
  0.145331E+001  0.252729E+001
  0.145484E+001  0.253205E+001
  0.145636E+001  0.253681E+001
  0.145789E+001  0.254157E+001
  0.145942E+001  0.254633E+001
  0.146096E+001  0.255109E+001
  0.146249E+001  0.255585E+001
  0.146402E+001  0.256061E+001
  0.146556E+001  0.256537E+001
  0.146710E+001  0.257012E+001
  0.146864E+001  0.257488E+001
  0.147018E+001  0.257964E+001
  0.147173E+001  0.258439E+001
  0.147327E+001  0.258915E+001
  0.147482E+001  0.259390E+001
  0.147637E+001  0.259866E+001
  0.147792E+001  0.260341E+001
  0.147947E+001  0.260816E+001
  0.148103E+001  0.261291E+001
  0.148258E+001  0.261767E+001
  0.148414E+001  0.262242E+001
  0.148570E+001  0.262717E+001
  0.148726E+001  0.263192E+001
  0.148882E+001  0.263667E+001
  0.149039E+001  0.264142E+001
  0.149195E+001  0.264617E+001
  0.149352E+001  0.265091E+001
  0.149509E+001  0.265566E+001
  0.149666E+001  0.266041E+001
  0.149823E+001  0.266515E+001
  0.149981E+001  0.266990E+001
  0.150138E+001  0.267464E+001
  0.150296E+001  0.267939E+001
  0.150454E+001  0.268413E+001
  0.150612E+001  0.268888E+001
  0.150771E+001  0.269362E+001
  0.150929E+001  0.269836E+001
  0.151088E+001  0.270310E+001
  0.151247E+001  0.270784E+001
  0.151406E+001  0.271258E+001
  0.151565E+001  0.271732E+001
  0.151724E+001  0.272206E+001
  0.151883E+001  0.272680E+001
  0.152043E+001  0.273154E+001
  0.152203E+001  0.273628E+001
  0.152363E+001  0.274102E+001
  0.152523E+001  0.274575E+001
  0.152683E+001  0.275049E+001
  0.152844E+001  0.275522E+001
  0.153005E+001  0.275996E+001
  0.153165E+001  0.276469E+001
  0.153326E+001  0.276943E+001
  0.153487E+001  0.277416E+001
  0.153649E+001  0.277889E+001
  0.153810E+001  0.278362E+001
  0.153972E+001  0.278836E+001
  0.154134E+001  0.279309E+001
  0.154296E+001  0.279782E+001
  0.154458E+001  0.280255E+001
  0.154620E+001  0.280728E+001
  0.154783E+001  0.281200E+001
  0.154945E+001  0.281673E+001
  0.155108E+001  0.282146E+001
  0.155271E+001  0.282619E+001
  0.155434E+001  0.283091E+001
  0.155597E+001  0.283564E+001
  0.155761E+001  0.284037E+001
  0.155924E+001  0.284509E+001
  0.156088E+001  0.284981E+001
  0.156252E+001  0.285454E+001
  0.156416E+001  0.285926E+001
  0.156580E+001  0.286398E+001
  0.156745E+001  0.286871E+001
  0.156909E+001  0.287343E+001
  0.157074E+001  0.287815E+001
  0.157239E+001  0.288287E+001
  0.157404E+001  0.288759E+001
  0.157569E+001  0.289231E+001
  0.157735E+001  0.289703E+001
  0.157900E+001  0.290174E+001
  0.158066E+001  0.290646E+001
  0.158232E+001  0.291118E+001
  0.158397E+001  0.291590E+001
  0.158564E+001  0.292061E+001
  0.158730E+001  0.292533E+001
  0.158896E+001  0.293004E+001
  0.159063E+001  0.293476E+001
  0.159230E+001  0.293947E+001
  0.159397E+001  0.294418E+001
  0.159564E+001  0.294890E+001
  0.159731E+001  0.295361E+001
  0.159898E+001  0.295832E+001
  0.160066E+001  0.296303E+001
  0.160233E+001  0.296774E+001
  0.160401E+001  0.297245E+001
  0.160569E+001  0.297716E+001
  0.160737E+001  0.298187E+001
  0.160906E+001  0.298658E+001
  0.161074E+001  0.299129E+001
  0.161242E+001  0.299599E+001
  0.161411E+001  0.300070E+001
  0.161580E+001  0.300541E+001
  0.161749E+001  0.301011E+001
  0.161918E+001  0.301482E+001
  0.162088E+001  0.301952E+001
  0.162257E+001  0.302423E+001
  0.162427E+001  0.302893E+001
  0.162596E+001  0.303363E+001
  0.162766E+001  0.303833E+001
  0.162936E+001  0.304304E+001
  0.163106E+001  0.304774E+001
  0.163277E+001  0.305244E+001
  0.163447E+001  0.305714E+001
  0.163618E+001  0.306184E+001
  0.163789E+001  0.306654E+001
  0.163959E+001  0.307124E+001
  0.164130E+001  0.307594E+001
  0.164302E+001  0.308063E+001
  0.164473E+001  0.308533E+001
  0.164644E+001  0.309003E+001
  0.164816E+001  0.309472E+001
  0.164988E+001  0.309942E+001
  0.165160E+001  0.310412E+001
  0.165332E+001  0.310881E+001
  0.165504E+001  0.311350E+001
  0.165676E+001  0.311820E+001
  0.165848E+001  0.312289E+001
  0.166021E+001  0.312758E+001
  0.166194E+001  0.313228E+001
  0.166367E+001  0.313697E+001
  0.166540E+001  0.314166E+001
  0.166713E+001  0.314635E+001
  0.166886E+001  0.315104E+001
  0.167059E+001  0.315573E+001
  0.167233E+001  0.316042E+001
  0.167406E+001  0.316511E+001
  0.167580E+001  0.316980E+001
  0.167754E+001  0.317448E+001
  0.167928E+001  0.317917E+001
  0.168102E+001  0.318386E+001
  0.168277E+001  0.318855E+001
  0.168451E+001  0.319323E+001
  0.168626E+001  0.319792E+001
  0.168800E+001  0.320260E+001
  0.168975E+001  0.320729E+001
  0.169150E+001  0.321197E+001
  0.169325E+001  0.321665E+001
  0.169500E+001  0.322134E+001
  0.169676E+001  0.322602E+001
  0.169851E+001  0.323070E+001
  0.170027E+001  0.323538E+001
  0.170203E+001  0.324006E+001
  0.170378E+001  0.324474E+001
  0.170554E+001  0.324942E+001
  0.170731E+001  0.325410E+001
  0.170907E+001  0.325878E+001
  0.171083E+001  0.326346E+001
  0.171260E+001  0.326814E+001
  0.171436E+001  0.327282E+001
  0.171613E+001  0.327749E+001
  0.171790E+001  0.328217E+001
  0.171967E+001  0.328685E+001
  0.172144E+001  0.329152E+001
  0.172321E+001  0.329620E+001
  0.172498E+001  0.330087E+001
  0.172676E+001  0.330555E+001
  0.172853E+001  0.331022E+001
  0.173031E+001  0.331490E+001
  0.173209E+001  0.331957E+001
  0.173387E+001  0.332424E+001
  0.173565E+001  0.332891E+001
  0.173743E+001  0.333359E+001
  0.173921E+001  0.333826E+001
  0.174100E+001  0.334293E+001
  0.174278E+001  0.334760E+001
  0.174457E+001  0.335227E+001
  0.174636E+001  0.335694E+001
  0.174815E+001  0.336161E+001
  0.174994E+001  0.336628E+001
  0.175173E+001  0.337094E+001
  0.175352E+001  0.337561E+001
  0.175531E+001  0.338028E+001
  0.175711E+001  0.338495E+001
  0.175890E+001  0.338961E+001
  0.176070E+001  0.339428E+001
  0.176250E+001  0.339894E+001
  0.176430E+001  0.340361E+001
  0.176610E+001  0.340827E+001
  0.176790E+001  0.341294E+001
  0.176970E+001  0.341760E+001
  0.177150E+001  0.342226E+001
  0.177331E+001  0.342693E+001
  0.177511E+001  0.343159E+001
  0.177692E+001  0.343625E+001
  0.177873E+001  0.344091E+001
  0.178054E+001  0.344558E+001
  0.178235E+001  0.345024E+001
  0.178416E+001  0.345490E+001
  0.178597E+001  0.345956E+001
  0.178778E+001  0.346422E+001
  0.178960E+001  0.346888E+001
  0.179141E+001  0.347353E+001
  0.179323E+001  0.347819E+001
  0.179505E+001  0.348285E+001
  0.179687E+001  0.348751E+001
  0.179868E+001  0.349217E+001
  0.180051E+001  0.349682E+001
  0.180233E+001  0.350148E+001
  0.180415E+001  0.350614E+001
  0.180597E+001  0.351079E+001
  0.180780E+001  0.351545E+001
  0.180962E+001  0.352010E+001
  0.181145E+001  0.352475E+001
  0.181328E+001  0.352941E+001
  0.181511E+001  0.353406E+001
  0.181694E+001  0.353872E+001
  0.181877E+001  0.354337E+001
  0.182060E+001  0.354802E+001
  0.182243E+001  0.355267E+001
  0.182427E+001  0.355732E+001
  0.182610E+001  0.356198E+001
  0.182794E+001  0.356663E+001
  0.182977E+001  0.357128E+001
  0.183161E+001  0.357593E+001
  0.183345E+001  0.358058E+001
  0.183529E+001  0.358523E+001
  0.183713E+001  0.358987E+001
  0.183897E+001  0.359452E+001
  0.184081E+001  0.359917E+001
  0.184266E+001  0.360382E+001
  0.184450E+001  0.360847E+001
  0.184635E+001  0.361311E+001
  0.184819E+001  0.361776E+001
  0.185004E+001  0.362241E+001
  0.185189E+001  0.362705E+001
  0.185374E+001  0.363170E+001
  0.185559E+001  0.363634E+001
  0.185744E+001  0.364099E+001
  0.185929E+001  0.364563E+001
  0.186114E+001  0.365028E+001
  0.186300E+001  0.365492E+001
  0.186485E+001  0.365956E+001
  0.186671E+001  0.366421E+001
  0.186857E+001  0.366885E+001
  0.187042E+001  0.367349E+001
  0.187228E+001  0.367813E+001
  0.187414E+001  0.368277E+001
  0.187600E+001  0.368741E+001
  0.187786E+001  0.369206E+001
  0.187972E+001  0.369670E+001
  0.188159E+001  0.370134E+001
  0.188345E+001  0.370598E+001
  0.188531E+001  0.371061E+001
  0.188718E+001  0.371525E+001
  0.188905E+001  0.371989E+001
  0.189091E+001  0.372453E+001
  0.189278E+001  0.372917E+001
  0.189465E+001  0.373381E+001
  0.189652E+001  0.373844E+001
  0.189839E+001  0.374308E+001
  0.190026E+001  0.374772E+001
  0.190213E+001  0.375235E+001
  0.190401E+001  0.375699E+001
  0.190588E+001  0.376162E+001
  0.190776E+001  0.376626E+001
  0.190963E+001  0.377089E+001
  0.191151E+001  0.377553E+001
  0.191338E+001  0.378016E+001
  0.191526E+001  0.378480E+001
  0.191714E+001  0.378943E+001
  0.191902E+001  0.379406E+001
  0.192090E+001  0.379870E+001
  0.192278E+001  0.380333E+001
  0.192467E+001  0.380796E+001
  0.192655E+001  0.381259E+001
  0.192843E+001  0.381723E+001
  0.193032E+001  0.382186E+001
  0.193220E+001  0.382649E+001
  0.193409E+001  0.383112E+001
  0.193597E+001  0.383575E+001
  0.193786E+001  0.384038E+001
  0.193975E+001  0.384501E+001
  0.194164E+001  0.384964E+001
  0.194353E+001  0.385427E+001
  0.194542E+001  0.385890E+001
  0.194731E+001  0.386352E+001
  0.194920E+001  0.386815E+001
  0.195110E+001  0.387278E+001
  0.195299E+001  0.387741E+001
  0.195489E+001  0.388203E+001
  0.195678E+001  0.388666E+001
  0.195868E+001  0.389129E+001
  0.196057E+001  0.389591E+001
  0.196247E+001  0.390054E+001
  0.196437E+001  0.390517E+001
  0.196627E+001  0.390979E+001
  0.196817E+001  0.391442E+001
  0.197007E+001  0.391904E+001
  0.197197E+001  0.392366E+001
  0.197387E+001  0.392829E+001
  0.197578E+001  0.393291E+001
  0.197768E+001  0.393754E+001
  0.197958E+001  0.394216E+001
  0.198149E+001  0.394678E+001
  0.198339E+001  0.395141E+001
  0.198530E+001  0.395603E+001
  0.198721E+001  0.396065E+001
  0.198911E+001  0.396527E+001
  0.199102E+001  0.396989E+001
  0.199293E+001  0.397451E+001
  0.199484E+001  0.397913E+001
  0.199675E+001  0.398376E+001
  0.199866E+001  0.398838E+001
  0.200058E+001  0.399300E+001
  0.200249E+001  0.399762E+001
  0.200440E+001  0.400224E+001
  0.200632E+001  0.400685E+001
  0.200823E+001  0.401147E+001
  0.201014E+001  0.401609E+001
  0.201206E+001  0.402071E+001
  0.201398E+001  0.402533E+001
  0.201589E+001  0.402995E+001
  0.201781E+001  0.403456E+001
  0.201973E+001  0.403918E+001
  0.202165E+001  0.404380E+001
  0.202357E+001  0.404841E+001
  0.202549E+001  0.405303E+001
  0.202741E+001  0.405765E+001
  0.202933E+001  0.406226E+001
  0.203126E+001  0.406688E+001
  0.203318E+001  0.407149E+001
  0.203510E+001  0.407611E+001
  0.203703E+001  0.408072E+001
  0.203895E+001  0.408534E+001
  0.204088E+001  0.408995E+001
  0.204280E+001  0.409457E+001
  0.204473E+001  0.409918E+001
  0.204666E+001  0.410379E+001
  0.204859E+001  0.410841E+001
  0.205052E+001  0.411302E+001
  0.205245E+001  0.411763E+001
  0.205438E+001  0.412225E+001
  0.205631E+001  0.412686E+001
  0.205824E+001  0.413147E+001
  0.206017E+001  0.413608E+001
  0.206210E+001  0.414069E+001
  0.206403E+001  0.414530E+001
  0.206597E+001  0.414992E+001
  0.206790E+001  0.415453E+001
  0.206984E+001  0.415914E+001
  0.207177E+001  0.416375E+001
  0.207371E+001  0.416836E+001
  0.207565E+001  0.417297E+001
  0.207758E+001  0.417758E+001
  0.207952E+001  0.418219E+001
  0.208146E+001  0.418679E+001
  0.208340E+001  0.419140E+001
  0.208534E+001  0.419601E+001
  0.208728E+001  0.420062E+001
  0.208922E+001  0.420523E+001
  0.209116E+001  0.420984E+001
  0.209310E+001  0.421444E+001
  0.209504E+001  0.421905E+001
  0.209699E+001  0.422366E+001
  0.209893E+001  0.422826E+001
  0.210087E+001  0.423287E+001
  0.210282E+001  0.423748E+001
  0.210476E+001  0.424208E+001
  0.210671E+001  0.424669E+001
  0.210865E+001  0.425130E+001
  0.211060E+001  0.425590E+001
  0.211255E+001  0.426051E+001
  0.211450E+001  0.426511E+001
  0.211644E+001  0.426972E+001
  0.211839E+001  0.427432E+001
  0.212034E+001  0.427892E+001
  0.212229E+001  0.428353E+001
  0.212424E+001  0.428813E+001
  0.212619E+001  0.429274E+001
  0.212815E+001  0.429734E+001
  0.213010E+001  0.430194E+001
  0.213205E+001  0.430655E+001
  0.213400E+001  0.431115E+001
  0.213596E+001  0.431575E+001
  0.213791E+001  0.432035E+001
  0.213987E+001  0.432496E+001
  0.214182E+001  0.432956E+001
  0.214378E+001  0.433416E+001
  0.214573E+001  0.433876E+001
  0.214769E+001  0.434336E+001
  0.214965E+001  0.434796E+001
  0.215160E+001  0.435256E+001
  0.215356E+001  0.435716E+001
  0.215552E+001  0.436177E+001
  0.215748E+001  0.436637E+001
  0.215944E+001  0.437097E+001
  0.216140E+001  0.437557E+001
  0.216336E+001  0.438016E+001
  0.216532E+001  0.438476E+001
  0.216728E+001  0.438936E+001
  0.216924E+001  0.439396E+001
  0.217121E+001  0.439856E+001
  0.217317E+001  0.440316E+001
  0.217513E+001  0.440776E+001
  0.217710E+001  0.441236E+001
  0.217906E+001  0.441695E+001
  0.218103E+001  0.442155E+001
  0.218299E+001  0.442615E+001
  0.218496E+001  0.443075E+001
  0.218692E+001  0.443534E+001
  0.218889E+001  0.443994E+001
  0.219086E+001  0.444454E+001
  0.219283E+001  0.444913E+001
  0.219479E+001  0.445373E+001
  0.219676E+001  0.445833E+001
  0.219873E+001  0.446292E+001
  0.220070E+001  0.446752E+001
  0.220267E+001  0.447211E+001
  0.220464E+001  0.447671E+001
  0.220661E+001  0.448130E+001
  0.220858E+001  0.448590E+001
  0.221055E+001  0.449049E+001
  0.221253E+001  0.449509E+001
  0.221450E+001  0.449968E+001
  0.221647E+001  0.450428E+001
  0.221844E+001  0.450887E+001
  0.222042E+001  0.451347E+001
  0.222239E+001  0.451806E+001
  0.222437E+001  0.452265E+001
  0.222634E+001  0.452725E+001
  0.222832E+001  0.453184E+001
  0.223029E+001  0.453643E+001
  0.223227E+001  0.454103E+001
  0.223425E+001  0.454562E+001
  0.223622E+001  0.455021E+001
  0.223820E+001  0.455480E+001
  0.224018E+001  0.455940E+001
  0.224216E+001  0.456399E+001
  0.224414E+001  0.456858E+001
  0.224612E+001  0.457317E+001
  0.224809E+001  0.457776E+001
  0.225007E+001  0.458235E+001
  0.225206E+001  0.458694E+001
  0.225404E+001  0.459154E+001
  0.225602E+001  0.459613E+001
  0.225800E+001  0.460072E+001
  0.225998E+001  0.460531E+001
  0.226196E+001  0.460990E+001
  0.226395E+001  0.461449E+001
  0.226593E+001  0.461908E+001
  0.226791E+001  0.462367E+001
  0.226990E+001  0.462826E+001
  0.227188E+001  0.463285E+001
  0.227387E+001  0.463744E+001
  0.227585E+001  0.464202E+001
  0.227784E+001  0.464661E+001
  0.227982E+001  0.465120E+001
  0.228181E+001  0.465579E+001
  0.228379E+001  0.466038E+001
  0.228578E+001  0.466497E+001
  0.228777E+001  0.466956E+001
  0.228976E+001  0.467414E+001
  0.229174E+001  0.467873E+001
  0.229373E+001  0.468332E+001
  0.229572E+001  0.468791E+001
  0.229771E+001  0.469249E+001
  0.229970E+001  0.469708E+001
  0.230169E+001  0.470167E+001
  0.230368E+001  0.470625E+001
  0.230567E+001  0.471084E+001
  0.230766E+001  0.471543E+001
  0.230965E+001  0.472001E+001
  0.231164E+001  0.472460E+001
  0.231364E+001  0.472919E+001
  0.231563E+001  0.473377E+001
  0.231762E+001  0.473836E+001
  0.231961E+001  0.474294E+001
  0.232161E+001  0.474753E+001
  0.232360E+001  0.475211E+001
  0.232559E+001  0.475670E+001
  0.232759E+001  0.476129E+001
  0.232958E+001  0.476587E+001
  0.233158E+001  0.477045E+001
  0.233357E+001  0.477504E+001
  0.233557E+001  0.477962E+001
  0.233757E+001  0.478421E+001
  0.233956E+001  0.478879E+001
  0.234156E+001  0.479338E+001
  0.234356E+001  0.479796E+001
  0.234555E+001  0.480254E+001
  0.234755E+001  0.480713E+001
  0.234955E+001  0.481171E+001
  0.235155E+001  0.481629E+001
  0.235355E+001  0.482088E+001
  0.235554E+001  0.482546E+001
  0.235754E+001  0.483004E+001
  0.235954E+001  0.483463E+001
  0.236154E+001  0.483921E+001
  0.236354E+001  0.484379E+001
  0.236554E+001  0.484837E+001
  0.236754E+001  0.485296E+001
  0.236955E+001  0.485754E+001
  0.237155E+001  0.486212E+001
  0.237355E+001  0.486670E+001
  0.237555E+001  0.487128E+001
  0.237755E+001  0.487587E+001
  0.237955E+001  0.488045E+001
  0.238156E+001  0.488503E+001
  0.238356E+001  0.488961E+001
  0.238556E+001  0.489419E+001
  0.238757E+001  0.489877E+001
  0.238957E+001  0.490335E+001
  0.239158E+001  0.490793E+001
  0.239358E+001  0.491251E+001
  0.239559E+001  0.491709E+001
  0.239759E+001  0.492167E+001
  0.239960E+001  0.492625E+001
  0.240160E+001  0.493083E+001
  0.240361E+001  0.493541E+001
  0.240561E+001  0.493999E+001
  0.240762E+001  0.494457E+001
  0.240963E+001  0.494915E+001
  0.241164E+001  0.495373E+001
  0.241364E+001  0.495831E+001
  0.241565E+001  0.496289E+001
  0.241766E+001  0.496747E+001
  0.241967E+001  0.497205E+001
  0.242167E+001  0.497663E+001
  0.242368E+001  0.498121E+001
  0.242569E+001  0.498579E+001
  0.242770E+001  0.499036E+001
  0.242971E+001  0.499494E+001
  0.243172E+001  0.499952E+001
  0.243373E+001  0.500410E+001
  0.243574E+001  0.500868E+001
  0.243775E+001  0.501326E+001
  0.243976E+001  0.501783E+001
  0.244177E+001  0.502241E+001
  0.244379E+001  0.502699E+001
  0.244580E+001  0.503157E+001
  0.244781E+001  0.503614E+001
  0.244982E+001  0.504072E+001
  0.245183E+001  0.504530E+001
  0.245385E+001  0.504987E+001
  0.245586E+001  0.505445E+001
  0.245787E+001  0.505903E+001
  0.245989E+001  0.506361E+001
  0.246190E+001  0.506818E+001
  0.246391E+001  0.507276E+001
  0.246593E+001  0.507733E+001
  0.246794E+001  0.508191E+001
  0.246996E+001  0.508649E+001
  0.247197E+001  0.509106E+001
  0.247399E+001  0.509564E+001
  0.247600E+001  0.510022E+001
  0.247802E+001  0.510479E+001
  0.248003E+001  0.510937E+001
  0.248205E+001  0.511394E+001
  0.248406E+001  0.511852E+001
  0.248608E+001  0.512309E+001
  0.248810E+001  0.512767E+001
  0.249011E+001  0.513224E+001
  0.249213E+001  0.513682E+001
  0.249415E+001  0.514139E+001
  0.249617E+001  0.514597E+001
  0.249818E+001  0.515054E+001
  0.250020E+001  0.515512E+001
