  0.526322E+000  0.296953E-001
  0.526591E+000  0.346880E-001
  0.526901E+000  0.396784E-001
  0.527252E+000  0.446661E-001
  0.527643E+000  0.496507E-001
  0.528074E+000  0.546321E-001
  0.528545E+000  0.596098E-001
  0.529056E+000  0.645837E-001
  0.529605E+000  0.695535E-001
  0.530192E+000  0.745189E-001
  0.530817E+000  0.794796E-001
  0.531480E+000  0.844355E-001
  0.532179E+000  0.893864E-001
  0.532915E+000  0.943320E-001
  0.533686E+000  0.992722E-001
  0.534492E+000  0.104207E+000
  0.535332E+000  0.109136E+000
  0.536206E+000  0.114059E+000
  0.537114E+000  0.118976E+000
  0.538054E+000  0.123886E+000
  0.539026E+000  0.128791E+000
  0.540030E+000  0.133689E+000
  0.541064E+000  0.138581E+000
  0.542129E+000  0.143466E+000
  0.543223E+000  0.148345E+000
  0.544346E+000  0.153218E+000
  0.545497E+000  0.158083E+000
  0.546676E+000  0.162942E+000
  0.547882E+000  0.167794E+000
  0.549115E+000  0.172640E+000
  0.550374E+000  0.177479E+000
  0.551658E+000  0.182311E+000
  0.552967E+000  0.187137E+000
  0.554300E+000  0.191956E+000
  0.555657E+000  0.196768E+000
  0.557038E+000  0.201574E+000
  0.558441E+000  0.206373E+000
  0.559866E+000  0.211166E+000
  0.561313E+000  0.215952E+000
  0.562781E+000  0.220731E+000
  0.564270E+000  0.225505E+000
  0.565779E+000  0.230271E+000
  0.567308E+000  0.235032E+000
  0.568856E+000  0.239786E+000
  0.570424E+000  0.244534E+000
  0.572009E+000  0.249276E+000
  0.573613E+000  0.254012E+000
  0.575235E+000  0.258741E+000
  0.576874E+000  0.263465E+000
  0.578530E+000  0.268183E+000
  0.580202E+000  0.272895E+000
  0.581891E+000  0.277601E+000
  0.583596E+000  0.282302E+000
  0.585316E+000  0.286996E+000
  0.587051E+000  0.291686E+000
  0.588801E+000  0.296369E+000
  0.590566E+000  0.301048E+000
  0.592344E+000  0.305721E+000
  0.594137E+000  0.310388E+000
  0.595943E+000  0.315051E+000
  0.597763E+000  0.319708E+000
  0.599595E+000  0.324360E+000
  0.601441E+000  0.329007E+000
  0.603298E+000  0.333649E+000
  0.605169E+000  0.338286E+000
  0.607051E+000  0.342918E+000
  0.608944E+000  0.347546E+000
  0.610850E+000  0.352168E+000
  0.612766E+000  0.356787E+000
  0.614694E+000  0.361400E+000
  0.616632E+000  0.366009E+000
  0.618581E+000  0.370614E+000
  0.620540E+000  0.375214E+000
  0.622510E+000  0.379810E+000
  0.624489E+000  0.384401E+000
  0.626478E+000  0.388988E+000
  0.628477E+000  0.393571E+000
  0.630485E+000  0.398150E+000
  0.632503E+000  0.402725E+000
  0.634529E+000  0.407296E+000
  0.636564E+000  0.411863E+000
  0.638608E+000  0.416427E+000
  0.640660E+000  0.420986E+000
  0.642721E+000  0.425542E+000
  0.644790E+000  0.430093E+000
  0.646867E+000  0.434642E+000
  0.648952E+000  0.439186E+000
  0.651044E+000  0.443727E+000
  0.653144E+000  0.448265E+000
  0.655252E+000  0.452799E+000
  0.657366E+000  0.457330E+000
  0.659488E+000  0.461857E+000
  0.661617E+000  0.466381E+000
  0.663753E+000  0.470902E+000
  0.665896E+000  0.475420E+000
  0.668045E+000  0.479935E+000
  0.670201E+000  0.484446E+000
  0.672363E+000  0.488954E+000
  0.674531E+000  0.493460E+000
  0.676705E+000  0.497962E+000
  0.678886E+000  0.502462E+000
  0.681072E+000  0.506958E+000
  0.683265E+000  0.511452E+000
  0.685462E+000  0.515943E+000
  0.687666E+000  0.520431E+000
  0.689875E+000  0.524917E+000
  0.692089E+000  0.529400E+000
  0.694309E+000  0.533880E+000
  0.696534E+000  0.538358E+000
  0.698763E+000  0.542833E+000
  0.700998E+000  0.547306E+000
  0.703238E+000  0.551776E+000
  0.705482E+000  0.556244E+000
  0.707731E+000  0.560710E+000
  0.709985E+000  0.565173E+000
  0.712243E+000  0.569634E+000
  0.714506E+000  0.574093E+000
  0.716773E+000  0.578549E+000
  0.719044E+000  0.583004E+000
  0.721320E+000  0.587456E+000
  0.723599E+000  0.591906E+000
  0.725883E+000  0.596354E+000
  0.728170E+000  0.600800E+000
  0.730461E+000  0.605245E+000
  0.732756E+000  0.609687E+000
  0.735054E+000  0.614127E+000
  0.737356E+000  0.618566E+000
  0.739662E+000  0.623003E+000
  0.741971E+000  0.627437E+000
  0.744283E+000  0.631871E+000
  0.746599E+000  0.636302E+000
  0.748917E+000  0.640732E+000
  0.751239E+000  0.645160E+000
  0.753564E+000  0.649587E+000
  0.755891E+000  0.654012E+000
  0.758222E+000  0.658436E+000
  0.760555E+000  0.662858E+000
  0.762891E+000  0.667279E+000
  0.765229E+000  0.671698E+000
  0.767570E+000  0.676116E+000
  0.769914E+000  0.680533E+000
  0.772260E+000  0.684949E+000
  0.774608E+000  0.689363E+000
  0.776958E+000  0.693776E+000
  0.779310E+000  0.698189E+000
  0.781664E+000  0.702600E+000
  0.784021E+000  0.707010E+000
  0.786379E+000  0.711419E+000
  0.788738E+000  0.715827E+000
  0.791100E+000  0.720234E+000
  0.793463E+000  0.724641E+000
  0.795827E+000  0.729046E+000
  0.798192E+000  0.733451E+000
  0.800559E+000  0.737856E+000
  0.802927E+000  0.742259E+000
  0.805296E+000  0.746663E+000
  0.807666E+000  0.751065E+000
  0.810036E+000  0.755468E+000
  0.812407E+000  0.759870E+000
  0.814779E+000  0.764272E+000
  0.817151E+000  0.768673E+000
  0.819523E+000  0.773075E+000
  0.821895E+000  0.777476E+000
  0.824267E+000  0.781878E+000
  0.826639E+000  0.786279E+000
  0.829010E+000  0.790681E+000
  0.831381E+000  0.795083E+000
  0.833751E+000  0.799486E+000
  0.836120E+000  0.803889E+000
  0.838487E+000  0.808293E+000
  0.840853E+000  0.812698E+000
  0.843217E+000  0.817104E+000
  0.845579E+000  0.821511E+000
  0.847939E+000  0.825919E+000
  0.850297E+000  0.830328E+000
  0.852651E+000  0.834739E+000
  0.855002E+000  0.839152E+000
  0.857350E+000  0.843567E+000
  0.859693E+000  0.847983E+000
  0.862033E+000  0.852402E+000
  0.864367E+000  0.856824E+000
  0.866697E+000  0.861248E+000
  0.869021E+000  0.865675E+000
  0.871338E+000  0.870105E+000
  0.873650E+000  0.874539E+000
  0.875954E+000  0.878976E+000
  0.878251E+000  0.883418E+000
  0.880541E+000  0.887863E+000
  0.882821E+000  0.892312E+000
  0.885094E+000  0.896766E+000
  0.887357E+000  0.901225E+000
  0.889610E+000  0.905688E+000
  0.891854E+000  0.910156E+000
  0.894088E+000  0.914630E+000
  0.896311E+000  0.919108E+000
  0.898525E+000  0.923591E+000
  0.900728E+000  0.928080E+000
  0.902922E+000  0.932573E+000
  0.905106E+000  0.937070E+000
  0.907282E+000  0.941572E+000
  0.909449E+000  0.946078E+000
  0.911609E+000  0.950588E+000
  0.913762E+000  0.955100E+000
  0.915909E+000  0.959616E+000
  0.918052E+000  0.964133E+000
  0.920191E+000  0.968653E+000
  0.922328E+000  0.973173E+000
  0.924464E+000  0.977694E+000
  0.926601E+000  0.982214E+000
  0.928739E+000  0.986734E+000
  0.930879E+000  0.991253E+000
  0.933024E+000  0.995769E+000
  0.935173E+000  0.100028E+001
  0.937328E+000  0.100480E+001
  0.939490E+000  0.100930E+001
  0.941660E+000  0.101381E+001
  0.943838E+000  0.101831E+001
  0.946025E+000  0.102281E+001
  0.948223E+000  0.102730E+001
  0.950430E+000  0.103178E+001
  0.952649E+000  0.103626E+001
  0.954879E+000  0.104074E+001
  0.957121E+000  0.104521E+001
  0.959375E+000  0.104967E+001
  0.961642E+000  0.105413E+001
  0.963920E+000  0.105858E+001
  0.966212E+000  0.106302E+001
  0.968517E+000  0.106746E+001
  0.970834E+000  0.107189E+001
  0.973165E+000  0.107631E+001
  0.975509E+000  0.108073E+001
  0.977866E+000  0.108514E+001
  0.980236E+000  0.108954E+001
  0.982619E+000  0.109394E+001
  0.985015E+000  0.109833E+001
  0.987424E+000  0.110271E+001
  0.989845E+000  0.110708E+001
  0.992280E+000  0.111145E+001
  0.994727E+000  0.111581E+001
  0.997187E+000  0.112016E+001
  0.999659E+000  0.112451E+001
  0.100214E+001  0.112885E+001
  0.100464E+001  0.113318E+001
  0.100715E+001  0.113751E+001
  0.100967E+001  0.114182E+001
  0.101220E+001  0.114613E+001
  0.101475E+001  0.115044E+001
  0.101730E+001  0.115474E+001
  0.101987E+001  0.115903E+001
  0.102245E+001  0.116331E+001
  0.102503E+001  0.116759E+001
  0.102763E+001  0.117186E+001
  0.103024E+001  0.117613E+001
  0.103286E+001  0.118038E+001
  0.103549E+001  0.118464E+001
  0.103813E+001  0.118888E+001
  0.104078E+001  0.119312E+001
  0.104345E+001  0.119736E+001
  0.104611E+001  0.120158E+001
  0.104879E+001  0.120581E+001
  0.105148E+001  0.121002E+001
  0.105418E+001  0.121423E+001
  0.105689E+001  0.121844E+001
  0.105960E+001  0.122263E+001
  0.106232E+001  0.122683E+001
  0.106505E+001  0.123102E+001
  0.106779E+001  0.123520E+001
  0.107054E+001  0.123938E+001
  0.107330E+001  0.124355E+001
  0.107606E+001  0.124772E+001
  0.107883E+001  0.125188E+001
  0.108161E+001  0.125604E+001
  0.108439E+001  0.126019E+001
  0.108718E+001  0.126434E+001
  0.108998E+001  0.126848E+001
  0.109278E+001  0.127262E+001
  0.109559E+001  0.127676E+001
  0.109841E+001  0.128089E+001
  0.110123E+001  0.128502E+001
  0.110406E+001  0.128914E+001
  0.110689E+001  0.129326E+001
  0.110973E+001  0.129737E+001
  0.111258E+001  0.130149E+001
  0.111543E+001  0.130559E+001
  0.111828E+001  0.130970E+001
  0.112114E+001  0.131380E+001
  0.112401E+001  0.131790E+001
  0.112687E+001  0.132200E+001
  0.112974E+001  0.132609E+001
  0.113262E+001  0.133018E+001
  0.113550E+001  0.133427E+001
  0.113837E+001  0.133836E+001
  0.114125E+001  0.134245E+001
  0.114413E+001  0.134654E+001
  0.114700E+001  0.135063E+001
  0.114985E+001  0.135474E+001
  0.115266E+001  0.135887E+001
  0.115538E+001  0.136307E+001
  0.115794E+001  0.136736E+001
  0.116038E+001  0.137173E+001
  0.116276E+001  0.137613E+001
  0.116510E+001  0.138055E+001
  0.116742E+001  0.138497E+001
  0.116973E+001  0.138941E+001
  0.117204E+001  0.139384E+001
  0.117433E+001  0.139829E+001
  0.117662E+001  0.140273E+001
  0.117890E+001  0.140718E+001
  0.118118E+001  0.141163E+001
  0.118345E+001  0.141609E+001
  0.118571E+001  0.142055E+001
  0.118797E+001  0.142501E+001
  0.119022E+001  0.142947E+001
  0.119246E+001  0.143394E+001
  0.119471E+001  0.143841E+001
  0.119694E+001  0.144288E+001
  0.119917E+001  0.144736E+001
  0.120139E+001  0.145184E+001
  0.120361E+001  0.145632E+001
  0.120583E+001  0.146080E+001
  0.120803E+001  0.146529E+001
  0.121023E+001  0.146978E+001
  0.121243E+001  0.147427E+001
  0.121462E+001  0.147876E+001
  0.121680E+001  0.148326E+001
  0.121898E+001  0.148776E+001
  0.122115E+001  0.149227E+001
  0.122332E+001  0.149677E+001
  0.122548E+001  0.150128E+001
  0.122763E+001  0.150579E+001
  0.122978E+001  0.151031E+001
  0.123192E+001  0.151483E+001
  0.123406E+001  0.151935E+001
  0.123619E+001  0.152387E+001
  0.123831E+001  0.152840E+001
  0.124043E+001  0.153293E+001
  0.124254E+001  0.153746E+001
  0.124465E+001  0.154199E+001
  0.124675E+001  0.154653E+001
  0.124884E+001  0.155107E+001
  0.125093E+001  0.155562E+001
  0.125301E+001  0.156016E+001
  0.125509E+001  0.156471E+001
  0.125716E+001  0.156926E+001
  0.125922E+001  0.157382E+001
  0.126128E+001  0.157837E+001
  0.126333E+001  0.158293E+001
  0.126537E+001  0.158750E+001
  0.126741E+001  0.159206E+001
  0.126944E+001  0.159663E+001
  0.127147E+001  0.160120E+001
  0.127349E+001  0.160578E+001
  0.127550E+001  0.161035E+001
  0.127751E+001  0.161493E+001
  0.127951E+001  0.161951E+001
  0.128150E+001  0.162410E+001
  0.128349E+001  0.162869E+001
  0.128548E+001  0.163328E+001
  0.128745E+001  0.163787E+001
  0.128942E+001  0.164246E+001
  0.129139E+001  0.164706E+001
  0.129335E+001  0.165166E+001
  0.129530E+001  0.165627E+001
  0.129725E+001  0.166087E+001
  0.129919E+001  0.166548E+001
  0.130112E+001  0.167009E+001
  0.130305E+001  0.167470E+001
  0.130497E+001  0.167932E+001
  0.130689E+001  0.168394E+001
  0.130880E+001  0.168856E+001
  0.131070E+001  0.169318E+001
  0.131260E+001  0.169781E+001
  0.131450E+001  0.170243E+001
  0.131638E+001  0.170706E+001
  0.131826E+001  0.171170E+001
  0.132014E+001  0.171633E+001
  0.132201E+001  0.172097E+001
  0.132387E+001  0.172561E+001
  0.132573E+001  0.173025E+001
  0.132759E+001  0.173489E+001
  0.132943E+001  0.173954E+001
  0.133128E+001  0.174419E+001
  0.133311E+001  0.174884E+001
  0.133494E+001  0.175349E+001
  0.133677E+001  0.175815E+001
  0.133859E+001  0.176280E+001
  0.134041E+001  0.176746E+001
  0.134222E+001  0.177212E+001
  0.134402E+001  0.177678E+001
  0.134582E+001  0.178145E+001
  0.134761E+001  0.178612E+001
  0.134940E+001  0.179079E+001
  0.135119E+001  0.179546E+001
  0.135297E+001  0.180013E+001
  0.135474E+001  0.180480E+001
  0.135651E+001  0.180948E+001
  0.135827E+001  0.181416E+001
  0.136003E+001  0.181884E+001
  0.136179E+001  0.182352E+001
  0.136354E+001  0.182821E+001
  0.136528E+001  0.183289E+001
  0.136702E+001  0.183758E+001
  0.136876E+001  0.184227E+001
  0.137049E+001  0.184696E+001
  0.137221E+001  0.185165E+001
  0.137394E+001  0.185635E+001
  0.137565E+001  0.186104E+001
  0.137737E+001  0.186574E+001
  0.137908E+001  0.187044E+001
  0.138078E+001  0.187514E+001
  0.138248E+001  0.187984E+001
  0.138418E+001  0.188454E+001
  0.138587E+001  0.188925E+001
  0.138756E+001  0.189395E+001
  0.138924E+001  0.189866E+001
  0.139092E+001  0.190337E+001
  0.139260E+001  0.190808E+001
  0.139427E+001  0.191279E+001
  0.139594E+001  0.191751E+001
  0.139761E+001  0.192222E+001
  0.139927E+001  0.192694E+001
  0.140093E+001  0.193165E+001
  0.140258E+001  0.193637E+001
  0.140423E+001  0.194109E+001
  0.140588E+001  0.194581E+001
  0.140752E+001  0.195053E+001
  0.140916E+001  0.195526E+001
  0.141080E+001  0.195998E+001
  0.141244E+001  0.196471E+001
  0.141407E+001  0.196943E+001
  0.141570E+001  0.197416E+001
  0.141732E+001  0.197889E+001
  0.141894E+001  0.198362E+001
  0.142056E+001  0.198835E+001
  0.142218E+001  0.199308E+001
  0.142379E+001  0.199781E+001
  0.142540E+001  0.200255E+001
  0.142701E+001  0.200728E+001
  0.142861E+001  0.201202E+001
  0.143021E+001  0.201675E+001
  0.143181E+001  0.202149E+001
  0.143341E+001  0.202623E+001
  0.143500E+001  0.203097E+001
  0.143660E+001  0.203571E+001
  0.143819E+001  0.204045E+001
  0.143977E+001  0.204519E+001
  0.144136E+001  0.204993E+001
  0.144294E+001  0.205468E+001
  0.144452E+001  0.205942E+001
  0.144610E+001  0.206416E+001
  0.144767E+001  0.206891E+001
  0.144925E+001  0.207366E+001
  0.145082E+001  0.207840E+001
  0.145239E+001  0.208315E+001
  0.145396E+001  0.208790E+001
  0.145552E+001  0.209265E+001
  0.145709E+001  0.209739E+001
  0.145865E+001  0.210214E+001
  0.146021E+001  0.210689E+001
  0.146177E+001  0.211164E+001
  0.146333E+001  0.211640E+001
  0.146488E+001  0.212115E+001
  0.146644E+001  0.212590E+001
  0.146799E+001  0.213065E+001
  0.146954E+001  0.213541E+001
  0.147109E+001  0.214016E+001
  0.147264E+001  0.214491E+001
  0.147419E+001  0.214967E+001
  0.147573E+001  0.215442E+001
  0.147728E+001  0.215918E+001
  0.147882E+001  0.216393E+001
  0.148036E+001  0.216869E+001
  0.148190E+001  0.217345E+001
  0.148344E+001  0.217820E+001
  0.148498E+001  0.218296E+001
  0.148652E+001  0.218772E+001
  0.148806E+001  0.219248E+001
  0.148959E+001  0.219724E+001
  0.149113E+001  0.220200E+001
  0.149266E+001  0.220675E+001
  0.149419E+001  0.221151E+001
  0.149573E+001  0.221627E+001
  0.149726E+001  0.222103E+001
  0.149879E+001  0.222579E+001
  0.150032E+001  0.223055E+001
  0.150185E+001  0.223531E+001
  0.150337E+001  0.224007E+001
  0.150490E+001  0.224483E+001
  0.150643E+001  0.224960E+001
  0.150796E+001  0.225436E+001
  0.150948E+001  0.225912E+001
  0.151101E+001  0.226388E+001
  0.151253E+001  0.226864E+001
  0.151406E+001  0.227340E+001
  0.151558E+001  0.227817E+001
  0.151711E+001  0.228293E+001
  0.151863E+001  0.228769E+001
  0.152015E+001  0.229245E+001
  0.152168E+001  0.229721E+001
  0.152320E+001  0.230198E+001
  0.152472E+001  0.230674E+001
  0.152624E+001  0.231150E+001
  0.152777E+001  0.231626E+001
  0.152929E+001  0.232103E+001
  0.153081E+001  0.232579E+001
  0.153233E+001  0.233055E+001
  0.153385E+001  0.233532E+001
  0.153537E+001  0.234008E+001
  0.153690E+001  0.234484E+001
  0.153842E+001  0.234960E+001
  0.153994E+001  0.235437E+001
  0.154146E+001  0.235913E+001
  0.154298E+001  0.236389E+001
  0.154450E+001  0.236866E+001
  0.154603E+001  0.237342E+001
  0.154755E+001  0.237818E+001
  0.154907E+001  0.238294E+001
  0.155059E+001  0.238771E+001
  0.155211E+001  0.239247E+001
  0.155364E+001  0.239723E+001
  0.155516E+001  0.240199E+001
  0.155668E+001  0.240676E+001
  0.155821E+001  0.241152E+001
  0.155973E+001  0.241628E+001
  0.156125E+001  0.242104E+001
  0.156278E+001  0.242581E+001
  0.156430E+001  0.243057E+001
  0.156583E+001  0.243533E+001
  0.156735E+001  0.244009E+001
  0.156888E+001  0.244485E+001
  0.157041E+001  0.244961E+001
  0.157193E+001  0.245437E+001
  0.157346E+001  0.245914E+001
  0.157499E+001  0.246390E+001
  0.157652E+001  0.246866E+001
  0.157804E+001  0.247342E+001
  0.157957E+001  0.247818E+001
  0.158110E+001  0.248294E+001
  0.158263E+001  0.248770E+001
  0.158416E+001  0.249246E+001
  0.158570E+001  0.249722E+001
  0.158723E+001  0.250198E+001
  0.158876E+001  0.250674E+001
  0.159029E+001  0.251150E+001
  0.159183E+001  0.251626E+001
  0.159336E+001  0.252101E+001
  0.159490E+001  0.252577E+001
  0.159643E+001  0.253053E+001
  0.159797E+001  0.253529E+001
  0.159951E+001  0.254005E+001
  0.160104E+001  0.254480E+001
  0.160258E+001  0.254956E+001
  0.160412E+001  0.255432E+001
  0.160566E+001  0.255908E+001
  0.160720E+001  0.256383E+001
  0.160875E+001  0.256859E+001
  0.161029E+001  0.257334E+001
  0.161183E+001  0.257810E+001
  0.161338E+001  0.258286E+001
  0.161492E+001  0.258761E+001
  0.161647E+001  0.259237E+001
  0.161801E+001  0.259712E+001
  0.161956E+001  0.260188E+001
  0.162111E+001  0.260663E+001
  0.162266E+001  0.261138E+001
  0.162421E+001  0.261614E+001
  0.162576E+001  0.262089E+001
  0.162731E+001  0.262564E+001
  0.162886E+001  0.263040E+001
  0.163042E+001  0.263515E+001
  0.163197E+001  0.263990E+001
  0.163353E+001  0.264465E+001
  0.163508E+001  0.264941E+001
  0.163664E+001  0.265416E+001
  0.163820E+001  0.265891E+001
  0.163976E+001  0.266366E+001
  0.164132E+001  0.266841E+001
  0.164288E+001  0.267316E+001
  0.164444E+001  0.267791E+001
  0.164600E+001  0.268266E+001
  0.164757E+001  0.268741E+001
  0.164913E+001  0.269216E+001
  0.165070E+001  0.269690E+001
  0.165226E+001  0.270165E+001
  0.165383E+001  0.270640E+001
  0.165540E+001  0.271115E+001
  0.165697E+001  0.271590E+001
  0.165854E+001  0.272064E+001
  0.166011E+001  0.272539E+001
  0.166169E+001  0.273013E+001
  0.166326E+001  0.273488E+001
  0.166483E+001  0.273963E+001
  0.166641E+001  0.274437E+001
  0.166799E+001  0.274912E+001
  0.166957E+001  0.275386E+001
  0.167115E+001  0.275860E+001
  0.167273E+001  0.276335E+001
  0.167431E+001  0.276809E+001
  0.167589E+001  0.277283E+001
  0.167747E+001  0.277758E+001
  0.167906E+001  0.278232E+001
  0.168064E+001  0.278706E+001
  0.168223E+001  0.279180E+001
  0.168382E+001  0.279654E+001
  0.168541E+001  0.280128E+001
  0.168700E+001  0.280602E+001
  0.168859E+001  0.281076E+001
  0.169018E+001  0.281550E+001
  0.169178E+001  0.282024E+001
  0.169337E+001  0.282498E+001
  0.169497E+001  0.282972E+001
  0.169656E+001  0.283446E+001
  0.169816E+001  0.283920E+001
  0.169976E+001  0.284393E+001
  0.170136E+001  0.284867E+001
  0.170296E+001  0.285341E+001
  0.170456E+001  0.285814E+001
  0.170617E+001  0.286288E+001
  0.170777E+001  0.286762E+001
  0.170938E+001  0.287235E+001
  0.171099E+001  0.287709E+001
  0.171259E+001  0.288182E+001
  0.171420E+001  0.288655E+001
  0.171581E+001  0.289129E+001
  0.171743E+001  0.289602E+001
  0.171904E+001  0.290075E+001
  0.172065E+001  0.290548E+001
  0.172227E+001  0.291022E+001
  0.172388E+001  0.291495E+001
  0.172550E+001  0.291968E+001
  0.172712E+001  0.292441E+001
  0.172874E+001  0.292914E+001
  0.173036E+001  0.293387E+001
  0.173198E+001  0.293860E+001
  0.173361E+001  0.294333E+001
  0.173523E+001  0.294806E+001
  0.173686E+001  0.295279E+001
  0.173848E+001  0.295751E+001
  0.174011E+001  0.296224E+001
  0.174174E+001  0.296697E+001
  0.174337E+001  0.297170E+001
  0.174500E+001  0.297642E+001
  0.174664E+001  0.298115E+001
  0.174827E+001  0.298587E+001
  0.174990E+001  0.299060E+001
  0.175154E+001  0.299532E+001
  0.175318E+001  0.300005E+001
  0.175482E+001  0.300477E+001
  0.175646E+001  0.300950E+001
  0.175810E+001  0.301422E+001
  0.175974E+001  0.301894E+001
  0.176138E+001  0.302366E+001
  0.176303E+001  0.302838E+001
  0.176467E+001  0.303311E+001
  0.176632E+001  0.303783E+001
  0.176797E+001  0.304255E+001
  0.176962E+001  0.304727E+001
  0.177127E+001  0.305199E+001
  0.177292E+001  0.305671E+001
  0.177457E+001  0.306143E+001
  0.177622E+001  0.306615E+001
  0.177788E+001  0.307086E+001
  0.177954E+001  0.307558E+001
  0.178119E+001  0.308030E+001
  0.178285E+001  0.308502E+001
  0.178451E+001  0.308973E+001
  0.178617E+001  0.309445E+001
  0.178783E+001  0.309916E+001
  0.178950E+001  0.310388E+001
  0.179116E+001  0.310859E+001
  0.179283E+001  0.311331E+001
  0.179449E+001  0.311802E+001
  0.179616E+001  0.312274E+001
  0.179783E+001  0.312745E+001
  0.179950E+001  0.313216E+001
  0.180117E+001  0.313687E+001
  0.180284E+001  0.314159E+001
  0.180452E+001  0.314630E+001
  0.180619E+001  0.315101E+001
  0.180787E+001  0.315572E+001
  0.180955E+001  0.316043E+001
  0.181122E+001  0.316514E+001
  0.181290E+001  0.316985E+001
  0.181458E+001  0.317456E+001
  0.181627E+001  0.317927E+001
  0.181795E+001  0.318398E+001
  0.181963E+001  0.318868E+001
  0.182132E+001  0.319339E+001
  0.182301E+001  0.319810E+001
  0.182469E+001  0.320280E+001
  0.182638E+001  0.320751E+001
  0.182807E+001  0.321222E+001
  0.182976E+001  0.321692E+001
  0.183145E+001  0.322163E+001
  0.183315E+001  0.322633E+001
  0.183484E+001  0.323104E+001
  0.183654E+001  0.323574E+001
  0.183823E+001  0.324044E+001
  0.183993E+001  0.324514E+001
  0.184163E+001  0.324985E+001
  0.184333E+001  0.325455E+001
  0.184503E+001  0.325925E+001
  0.184674E+001  0.326395E+001
  0.184844E+001  0.326865E+001
  0.185014E+001  0.327335E+001
  0.185185E+001  0.327805E+001
  0.185356E+001  0.328275E+001
  0.185526E+001  0.328745E+001
  0.185697E+001  0.329215E+001
  0.185868E+001  0.329685E+001
  0.186039E+001  0.330155E+001
  0.186211E+001  0.330625E+001
  0.186382E+001  0.331094E+001
  0.186554E+001  0.331564E+001
  0.186725E+001  0.332034E+001
  0.186897E+001  0.332503E+001
  0.187069E+001  0.332973E+001
  0.187241E+001  0.333442E+001
  0.187413E+001  0.333912E+001
  0.187585E+001  0.334381E+001
  0.187757E+001  0.334851E+001
  0.187929E+001  0.335320E+001
  0.188102E+001  0.335789E+001
  0.188274E+001  0.336258E+001
  0.188447E+001  0.336728E+001
  0.188620E+001  0.337197E+001
  0.188793E+001  0.337666E+001
  0.188966E+001  0.338135E+001
  0.189139E+001  0.338604E+001
  0.189312E+001  0.339073E+001
  0.189486E+001  0.339542E+001
  0.189659E+001  0.340011E+001
  0.189833E+001  0.340480E+001
  0.190006E+001  0.340949E+001
  0.190180E+001  0.341418E+001
  0.190354E+001  0.341887E+001
  0.190528E+001  0.342355E+001
  0.190702E+001  0.342824E+001
  0.190876E+001  0.343293E+001
  0.191050E+001  0.343761E+001
  0.191225E+001  0.344230E+001
  0.191399E+001  0.344699E+001
  0.191574E+001  0.345167E+001
  0.191749E+001  0.345636E+001
  0.191924E+001  0.346104E+001
  0.192099E+001  0.346572E+001
  0.192274E+001  0.347041E+001
  0.192449E+001  0.347509E+001
  0.192624E+001  0.347977E+001
  0.192799E+001  0.348446E+001
  0.192975E+001  0.348914E+001
  0.193150E+001  0.349382E+001
  0.193326E+001  0.349850E+001
  0.193502E+001  0.350318E+001
  0.193678E+001  0.350786E+001
  0.193854E+001  0.351254E+001
  0.194030E+001  0.351722E+001
  0.194206E+001  0.352190E+001
  0.194382E+001  0.352658E+001
  0.194559E+001  0.353126E+001
  0.194735E+001  0.353594E+001
  0.194912E+001  0.354061E+001
  0.195088E+001  0.354529E+001
  0.195265E+001  0.354997E+001
  0.195442E+001  0.355464E+001
  0.195619E+001  0.355932E+001
  0.195796E+001  0.356400E+001
  0.195973E+001  0.356867E+001
  0.196151E+001  0.357335E+001
  0.196328E+001  0.357802E+001
  0.196506E+001  0.358270E+001
  0.196683E+001  0.358737E+001
  0.196861E+001  0.359204E+001
  0.197039E+001  0.359672E+001
  0.197217E+001  0.360139E+001
  0.197395E+001  0.360606E+001
  0.197573E+001  0.361073E+001
  0.197751E+001  0.361541E+001
  0.197929E+001  0.362008E+001
  0.198108E+001  0.362475E+001
  0.198286E+001  0.362942E+001
  0.198465E+001  0.363409E+001
  0.198643E+001  0.363876E+001
  0.198822E+001  0.364343E+001
  0.199001E+001  0.364810E+001
  0.199180E+001  0.365277E+001
  0.199359E+001  0.365743E+001
  0.199538E+001  0.366210E+001
  0.199718E+001  0.366677E+001
  0.199897E+001  0.367144E+001
  0.200076E+001  0.367610E+001
  0.200256E+001  0.368077E+001
  0.200436E+001  0.368544E+001
  0.200615E+001  0.369010E+001
  0.200795E+001  0.369477E+001
  0.200975E+001  0.369943E+001
  0.201155E+001  0.370410E+001
  0.201335E+001  0.370876E+001
  0.201516E+001  0.371343E+001
  0.201696E+001  0.371809E+001
  0.201876E+001  0.372275E+001
  0.202057E+001  0.372742E+001
  0.202237E+001  0.373208E+001
  0.202418E+001  0.373674E+001
  0.202599E+001  0.374140E+001
  0.202780E+001  0.374606E+001
  0.202961E+001  0.375072E+001
  0.203142E+001  0.375538E+001
  0.203323E+001  0.376004E+001
  0.203504E+001  0.376470E+001
  0.203685E+001  0.376936E+001
  0.203867E+001  0.377402E+001
  0.204048E+001  0.377868E+001
  0.204230E+001  0.378334E+001
  0.204412E+001  0.378800E+001
  0.204593E+001  0.379266E+001
  0.204775E+001  0.379731E+001
  0.204957E+001  0.380197E+001
  0.205139E+001  0.380663E+001
  0.205321E+001  0.381129E+001
  0.205504E+001  0.381594E+001
  0.205686E+001  0.382060E+001
  0.205868E+001  0.382525E+001
  0.206051E+001  0.382991E+001
  0.206233E+001  0.383456E+001
  0.206416E+001  0.383922E+001
  0.206599E+001  0.384387E+001
  0.206782E+001  0.384852E+001
  0.206965E+001  0.385318E+001
  0.207148E+001  0.385783E+001
  0.207331E+001  0.386248E+001
  0.207514E+001  0.386714E+001
  0.207697E+001  0.387179E+001
  0.207880E+001  0.387644E+001
  0.208064E+001  0.388109E+001
  0.208247E+001  0.388574E+001
  0.208431E+001  0.389039E+001
  0.208615E+001  0.389504E+001
  0.208799E+001  0.389969E+001
  0.208982E+001  0.390434E+001
  0.209166E+001  0.390899E+001
  0.209350E+001  0.391364E+001
  0.209535E+001  0.391829E+001
  0.209719E+001  0.392294E+001
  0.209903E+001  0.392759E+001
  0.210087E+001  0.393223E+001
  0.210272E+001  0.393688E+001
  0.210456E+001  0.394153E+001
  0.210641E+001  0.394617E+001
  0.210826E+001  0.395082E+001
  0.211011E+001  0.395547E+001
  0.211195E+001  0.396011E+001
  0.211380E+001  0.396476E+001
  0.211565E+001  0.396940E+001
  0.211751E+001  0.397405E+001
  0.211936E+001  0.397869E+001
  0.212121E+001  0.398334E+001
  0.212306E+001  0.398798E+001
  0.212492E+001  0.399262E+001
  0.212677E+001  0.399727E+001
  0.212863E+001  0.400191E+001
  0.213049E+001  0.400655E+001
  0.213234E+001  0.401119E+001
  0.213420E+001  0.401584E+001
  0.213606E+001  0.402048E+001
  0.213792E+001  0.402512E+001
  0.213978E+001  0.402976E+001
  0.214164E+001  0.403440E+001
  0.214351E+001  0.403904E+001
  0.214537E+001  0.404368E+001
  0.214723E+001  0.404832E+001
  0.214910E+001  0.405296E+001
  0.215096E+001  0.405760E+001
  0.215283E+001  0.406224E+001
  0.215470E+001  0.406687E+001
  0.215656E+001  0.407151E+001
  0.215843E+001  0.407615E+001
  0.216030E+001  0.408079E+001
  0.216217E+001  0.408542E+001
  0.216404E+001  0.409006E+001
  0.216592E+001  0.409470E+001
  0.216779E+001  0.409933E+001
  0.216966E+001  0.410397E+001
  0.217154E+001  0.410860E+001
  0.217341E+001  0.411324E+001
  0.217529E+001  0.411787E+001
  0.217716E+001  0.412251E+001
  0.217904E+001  0.412714E+001
  0.218092E+001  0.413178E+001
  0.218279E+001  0.413641E+001
  0.218467E+001  0.414105E+001
  0.218655E+001  0.414568E+001
  0.218843E+001  0.415031E+001
  0.219032E+001  0.415494E+001
  0.219220E+001  0.415958E+001
  0.219408E+001  0.416421E+001
  0.219596E+001  0.416884E+001
  0.219785E+001  0.417347E+001
  0.219973E+001  0.417810E+001
  0.220162E+001  0.418273E+001
  0.220351E+001  0.418736E+001
  0.220539E+001  0.419199E+001
  0.220728E+001  0.419662E+001
  0.220917E+001  0.420125E+001
  0.221106E+001  0.420588E+001
  0.221295E+001  0.421051E+001
  0.221484E+001  0.421514E+001
  0.221673E+001  0.421977E+001
  0.221862E+001  0.422440E+001
  0.222052E+001  0.422902E+001
  0.222241E+001  0.423365E+001
  0.222431E+001  0.423828E+001
  0.222620E+001  0.424291E+001
  0.222810E+001  0.424753E+001
  0.222999E+001  0.425216E+001
  0.223189E+001  0.425678E+001
  0.223379E+001  0.426141E+001
  0.223569E+001  0.426604E+001
  0.223758E+001  0.427066E+001
  0.223948E+001  0.427529E+001
  0.224139E+001  0.427991E+001
  0.224329E+001  0.428454E+001
  0.224519E+001  0.428916E+001
  0.224709E+001  0.429378E+001
  0.224899E+001  0.429841E+001
  0.225090E+001  0.430303E+001
  0.225280E+001  0.430765E+001
  0.225471E+001  0.431228E+001
  0.225661E+001  0.431690E+001
  0.225852E+001  0.432152E+001
  0.226043E+001  0.432614E+001
  0.226234E+001  0.433076E+001
  0.226425E+001  0.433539E+001
  0.226615E+001  0.434001E+001
  0.226806E+001  0.434463E+001
  0.226998E+001  0.434925E+001
  0.227189E+001  0.435387E+001
  0.227380E+001  0.435849E+001
  0.227571E+001  0.436311E+001
  0.227762E+001  0.436773E+001
  0.227954E+001  0.437235E+001
  0.228145E+001  0.437697E+001
  0.228337E+001  0.438158E+001
  0.228528E+001  0.438620E+001
  0.228720E+001  0.439082E+001
  0.228912E+001  0.439544E+001
  0.229103E+001  0.440006E+001
  0.229295E+001  0.440467E+001
  0.229487E+001  0.440929E+001
  0.229679E+001  0.441391E+001
  0.229871E+001  0.441852E+001
  0.230063E+001  0.442314E+001
  0.230255E+001  0.442776E+001
  0.230448E+001  0.443237E+001
  0.230640E+001  0.443699E+001
  0.230832E+001  0.444160E+001
  0.231025E+001  0.444622E+001
  0.231217E+001  0.445083E+001
  0.231410E+001  0.445545E+001
  0.231602E+001  0.446006E+001
  0.231795E+001  0.446468E+001
  0.231988E+001  0.446929E+001
  0.232180E+001  0.447390E+001
  0.232373E+001  0.447852E+001
  0.232566E+001  0.448313E+001
  0.232759E+001  0.448774E+001
  0.232952E+001  0.449235E+001
  0.233145E+001  0.449697E+001
  0.233338E+001  0.450158E+001
  0.233532E+001  0.450619E+001
  0.233725E+001  0.451080E+001
  0.233918E+001  0.451541E+001
  0.234111E+001  0.452002E+001
  0.234305E+001  0.452463E+001
  0.234498E+001  0.452924E+001
  0.234692E+001  0.453385E+001
  0.234886E+001  0.453846E+001
  0.235079E+001  0.454307E+001
  0.235273E+001  0.454768E+001
  0.235467E+001  0.455229E+001
  0.235661E+001  0.455690E+001
  0.235855E+001  0.456151E+001
  0.236048E+001  0.456612E+001
  0.236242E+001  0.457073E+001
  0.236437E+001  0.457533E+001
  0.236631E+001  0.457994E+001
  0.236825E+001  0.458455E+001
  0.237019E+001  0.458916E+001
  0.237213E+001  0.459376E+001
  0.237408E+001  0.459837E+001
  0.237602E+001  0.460298E+001
  0.237797E+001  0.460758E+001
  0.237991E+001  0.461219E+001
  0.238186E+001  0.461680E+001
  0.238380E+001  0.462140E+001
  0.238575E+001  0.462601E+001
  0.238770E+001  0.463061E+001
  0.238965E+001  0.463522E+001
  0.239160E+001  0.463982E+001
  0.239354E+001  0.464443E+001
  0.239549E+001  0.464903E+001
  0.239744E+001  0.465363E+001
  0.239940E+001  0.465824E+001
  0.240135E+001  0.466284E+001
  0.240330E+001  0.466744E+001
  0.240525E+001  0.467205E+001
  0.240720E+001  0.467665E+001
  0.240916E+001  0.468125E+001
  0.241111E+001  0.468586E+001
  0.241307E+001  0.469046E+001
  0.241502E+001  0.469506E+001
  0.241698E+001  0.469966E+001
  0.241893E+001  0.470426E+001
  0.242089E+001  0.470886E+001
  0.242285E+001  0.471346E+001
  0.242481E+001  0.471807E+001
  0.242676E+001  0.472267E+001
  0.242872E+001  0.472727E+001
  0.243068E+001  0.473187E+001
  0.243264E+001  0.473647E+001
  0.243460E+001  0.474107E+001
  0.243656E+001  0.474567E+001
  0.243853E+001  0.475026E+001
  0.244049E+001  0.475486E+001
  0.244245E+001  0.475946E+001
  0.244441E+001  0.476406E+001
  0.244638E+001  0.476866E+001
  0.244834E+001  0.477326E+001
  0.245030E+001  0.477786E+001
  0.245227E+001  0.478245E+001
  0.245424E+001  0.478705E+001
  0.245620E+001  0.479165E+001
  0.245817E+001  0.479624E+001
  0.246013E+001  0.480084E+001
  0.246210E+001  0.480544E+001
  0.246407E+001  0.481003E+001
  0.246604E+001  0.481463E+001
  0.246801E+001  0.481923E+001
  0.246998E+001  0.482382E+001
  0.247195E+001  0.482842E+001
  0.247392E+001  0.483301E+001
  0.247589E+001  0.483761E+001
  0.247786E+001  0.484220E+001
  0.247983E+001  0.484680E+001
  0.248181E+001  0.485139E+001
  0.248378E+001  0.485599E+001
  0.248575E+001  0.486058E+001
  0.248773E+001  0.486517E+001
  0.248970E+001  0.486977E+001
  0.249168E+001  0.487436E+001
  0.249365E+001  0.487895E+001
  0.249563E+001  0.488355E+001
  0.249760E+001  0.488814E+001
  0.249958E+001  0.489273E+001
  0.250156E+001  0.489733E+001
