  0.943746E+000  0.362323E-001
  0.943463E+000  0.412243E-001
  0.943149E+000  0.462144E-001
  0.942803E+000  0.512025E-001
  0.942429E+000  0.561884E-001
  0.942026E+000  0.611722E-001
  0.941598E+000  0.661538E-001
  0.941145E+000  0.711333E-001
  0.940669E+000  0.761106E-001
  0.940172E+000  0.810858E-001
  0.939655E+000  0.860590E-001
  0.939119E+000  0.910302E-001
  0.938568E+000  0.959997E-001
  0.938001E+000  0.100967E+000
  0.937420E+000  0.105934E+000
  0.936827E+000  0.110898E+000
  0.936224E+000  0.115862E+000
  0.935611E+000  0.120824E+000
  0.934990E+000  0.125785E+000
  0.934361E+000  0.130746E+000
  0.933728E+000  0.135705E+000
  0.933089E+000  0.140665E+000
  0.932448E+000  0.145623E+000
  0.931804E+000  0.150582E+000
  0.931159E+000  0.155540E+000
  0.930514E+000  0.160498E+000
  0.929870E+000  0.165456E+000
  0.929228E+000  0.170415E+000
  0.928588E+000  0.175374E+000
  0.927953E+000  0.180333E+000
  0.927323E+000  0.185293E+000
  0.926698E+000  0.190254E+000
  0.926081E+000  0.195216E+000
  0.925471E+000  0.200179E+000
  0.924870E+000  0.205143E+000
  0.924279E+000  0.210107E+000
  0.923699E+000  0.215074E+000
  0.923131E+000  0.220041E+000
  0.922576E+000  0.225010E+000
  0.922035E+000  0.229981E+000
  0.921509E+000  0.234953E+000
  0.921000E+000  0.239927E+000
  0.920509E+000  0.244903E+000
  0.920036E+000  0.249881E+000
  0.919584E+000  0.254860E+000
  0.919154E+000  0.259842E+000
  0.918747E+000  0.264825E+000
  0.918365E+000  0.269811E+000
  0.918009E+000  0.274798E+000
  0.917682E+000  0.279787E+000
  0.917386E+000  0.284778E+000
  0.917121E+000  0.289771E+000
  0.916891E+000  0.294766E+000
  0.916697E+000  0.299762E+000
  0.916542E+000  0.304760E+000
  0.916428E+000  0.309759E+000
  0.916357E+000  0.314758E+000
  0.916332E+000  0.319758E+000
  0.916355E+000  0.324758E+000
  0.916429E+000  0.329757E+000
  0.916555E+000  0.334756E+000
  0.916737E+000  0.339753E+000
  0.916975E+000  0.344747E+000
  0.917273E+000  0.349738E+000
  0.917631E+000  0.354725E+000
  0.918052E+000  0.359707E+000
  0.918536E+000  0.364684E+000
  0.919084E+000  0.369654E+000
  0.919697E+000  0.374616E+000
  0.920374E+000  0.379570E+000
  0.921116E+000  0.384515E+000
  0.921921E+000  0.389449E+000
  0.922788E+000  0.394374E+000
  0.923717E+000  0.399287E+000
  0.924705E+000  0.404188E+000
  0.925750E+000  0.409078E+000
  0.926851E+000  0.413955E+000
  0.928006E+000  0.418820E+000
  0.929212E+000  0.423672E+000
  0.930467E+000  0.428512E+000
  0.931769E+000  0.433339E+000
  0.933115E+000  0.438155E+000
  0.934504E+000  0.442958E+000
  0.935933E+000  0.447750E+000
  0.937400E+000  0.452529E+000
  0.938904E+000  0.457298E+000
  0.940442E+000  0.462056E+000
  0.942012E+000  0.466803E+000
  0.943614E+000  0.471539E+000
  0.945244E+000  0.476266E+000
  0.946903E+000  0.480983E+000
  0.948588E+000  0.485690E+000
  0.950299E+000  0.490388E+000
  0.952034E+000  0.495078E+000
  0.953791E+000  0.499759E+000
  0.955571E+000  0.504431E+000
  0.957371E+000  0.509096E+000
  0.959191E+000  0.513753E+000
  0.961031E+000  0.518402E+000
  0.962888E+000  0.523044E+000
  0.964764E+000  0.527679E+000
  0.966656E+000  0.532307E+000
  0.968564E+000  0.536929E+000
  0.970489E+000  0.541544E+000
  0.972428E+000  0.546152E+000
  0.974381E+000  0.550755E+000
  0.976349E+000  0.555352E+000
  0.978330E+000  0.559942E+000
  0.980324E+000  0.564528E+000
  0.982331E+000  0.569107E+000
  0.984350E+000  0.573681E+000
  0.986381E+000  0.578250E+000
  0.988423E+000  0.582814E+000
  0.990476E+000  0.587373E+000
  0.992541E+000  0.591927E+000
  0.994615E+000  0.596476E+000
  0.996700E+000  0.601021E+000
  0.998795E+000  0.605561E+000
  0.100090E+001  0.610096E+000
  0.100301E+001  0.614627E+000
  0.100514E+001  0.619154E+000
  0.100727E+001  0.623677E+000
  0.100941E+001  0.628195E+000
  0.101156E+001  0.632710E+000
  0.101372E+001  0.637220E+000
  0.101588E+001  0.641727E+000
  0.101806E+001  0.646230E+000
  0.102024E+001  0.650729E+000
  0.102243E+001  0.655224E+000
  0.102462E+001  0.659716E+000
  0.102683E+001  0.664204E+000
  0.102904E+001  0.668689E+000
  0.103126E+001  0.673170E+000
  0.103348E+001  0.677648E+000
  0.103571E+001  0.682122E+000
  0.103795E+001  0.686594E+000
  0.104019E+001  0.691062E+000
  0.104244E+001  0.695527E+000
  0.104470E+001  0.699989E+000
  0.104696E+001  0.704448E+000
  0.104923E+001  0.708904E+000
  0.105150E+001  0.713356E+000
  0.105378E+001  0.717806E+000
  0.105607E+001  0.722254E+000
  0.105836E+001  0.726698E+000
  0.106066E+001  0.731139E+000
  0.106296E+001  0.735578E+000
  0.106526E+001  0.740014E+000
  0.106758E+001  0.744448E+000
  0.106989E+001  0.748879E+000
  0.107221E+001  0.753307E+000
  0.107454E+001  0.757733E+000
  0.107687E+001  0.762156E+000
  0.107921E+001  0.766577E+000
  0.108155E+001  0.770996E+000
  0.108389E+001  0.775412E+000
  0.108624E+001  0.779825E+000
  0.108860E+001  0.784237E+000
  0.109095E+001  0.788646E+000
  0.109332E+001  0.793053E+000
  0.109568E+001  0.797458E+000
  0.109805E+001  0.801860E+000
  0.110043E+001  0.806261E+000
  0.110280E+001  0.810659E+000
  0.110519E+001  0.815055E+000
  0.110757E+001  0.819449E+000
  0.110996E+001  0.823841E+000
  0.111235E+001  0.828231E+000
  0.111475E+001  0.832620E+000
  0.111715E+001  0.837006E+000
  0.111956E+001  0.841390E+000
  0.112196E+001  0.845773E+000
  0.112437E+001  0.850153E+000
  0.112679E+001  0.854532E+000
  0.112920E+001  0.858909E+000
  0.113162E+001  0.863284E+000
  0.113405E+001  0.867658E+000
  0.113647E+001  0.872030E+000
  0.113890E+001  0.876400E+000
  0.114133E+001  0.880768E+000
  0.114377E+001  0.885135E+000
  0.114621E+001  0.889500E+000
  0.114865E+001  0.893864E+000
  0.115109E+001  0.898226E+000
  0.115354E+001  0.902586E+000
  0.115599E+001  0.906945E+000
  0.115844E+001  0.911303E+000
  0.116090E+001  0.915659E+000
  0.116335E+001  0.920013E+000
  0.116581E+001  0.924367E+000
  0.116828E+001  0.928718E+000
  0.117074E+001  0.933069E+000
  0.117321E+001  0.937418E+000
  0.117568E+001  0.941765E+000
  0.117815E+001  0.946112E+000
  0.118062E+001  0.950457E+000
  0.118310E+001  0.954800E+000
  0.118558E+001  0.959143E+000
  0.118806E+001  0.963484E+000
  0.119054E+001  0.967824E+000
  0.119302E+001  0.972163E+000
  0.119551E+001  0.976501E+000
  0.119800E+001  0.980838E+000
  0.120049E+001  0.985173E+000
  0.120298E+001  0.989507E+000
  0.120548E+001  0.993840E+000
  0.120798E+001  0.998173E+000
  0.121047E+001  0.100250E+001
  0.121297E+001  0.100683E+001
  0.121548E+001  0.101116E+001
  0.121798E+001  0.101549E+001
  0.122048E+001  0.101982E+001
  0.122299E+001  0.102414E+001
  0.122550E+001  0.102847E+001
  0.122801E+001  0.103279E+001
  0.123052E+001  0.103712E+001
  0.123303E+001  0.104144E+001
  0.123555E+001  0.104576E+001
  0.123807E+001  0.105008E+001
  0.124058E+001  0.105440E+001
  0.124310E+001  0.105872E+001
  0.124562E+001  0.106304E+001
  0.124814E+001  0.106736E+001
  0.125067E+001  0.107167E+001
  0.125319E+001  0.107599E+001
  0.125572E+001  0.108030E+001
  0.125824E+001  0.108462E+001
  0.126077E+001  0.108893E+001
  0.126330E+001  0.109325E+001
  0.126583E+001  0.109756E+001
  0.126836E+001  0.110187E+001
  0.127090E+001  0.110618E+001
  0.127343E+001  0.111049E+001
  0.127596E+001  0.111480E+001
  0.127850E+001  0.111911E+001
  0.128104E+001  0.112342E+001
  0.128357E+001  0.112773E+001
  0.128611E+001  0.113204E+001
  0.128865E+001  0.113634E+001
  0.129119E+001  0.114065E+001
  0.129373E+001  0.114496E+001
  0.129628E+001  0.114926E+001
  0.129882E+001  0.115357E+001
  0.130136E+001  0.115787E+001
  0.130391E+001  0.116218E+001
  0.130645E+001  0.116648E+001
  0.130900E+001  0.117078E+001
  0.131154E+001  0.117509E+001
  0.131409E+001  0.117939E+001
  0.131664E+001  0.118369E+001
  0.131918E+001  0.118799E+001
  0.132173E+001  0.119229E+001
  0.132428E+001  0.119660E+001
  0.132683E+001  0.120090E+001
  0.132938E+001  0.120520E+001
  0.133193E+001  0.120950E+001
  0.133448E+001  0.121380E+001
  0.133704E+001  0.121810E+001
  0.133959E+001  0.122240E+001
  0.134214E+001  0.122670E+001
  0.134469E+001  0.123100E+001
  0.134724E+001  0.123530E+001
  0.134980E+001  0.123960E+001
  0.135235E+001  0.124389E+001
  0.135490E+001  0.124819E+001
  0.135746E+001  0.125249E+001
  0.136001E+001  0.125679E+001
  0.136257E+001  0.126109E+001
  0.136512E+001  0.126539E+001
  0.136768E+001  0.126969E+001
  0.137023E+001  0.127398E+001
  0.137278E+001  0.127828E+001
  0.137534E+001  0.128258E+001
  0.137789E+001  0.128688E+001
  0.138045E+001  0.129118E+001
  0.138300E+001  0.129547E+001
  0.138556E+001  0.129977E+001
  0.138811E+001  0.130407E+001
  0.139067E+001  0.130837E+001
  0.139322E+001  0.131267E+001
  0.139578E+001  0.131696E+001
  0.139833E+001  0.132126E+001
  0.140088E+001  0.132556E+001
  0.140344E+001  0.132986E+001
  0.140599E+001  0.133416E+001
  0.140855E+001  0.133846E+001
  0.141110E+001  0.134276E+001
  0.141365E+001  0.134706E+001
  0.141620E+001  0.135136E+001
  0.141876E+001  0.135565E+001
  0.142131E+001  0.135995E+001
  0.142386E+001  0.136425E+001
  0.142641E+001  0.136855E+001
  0.142896E+001  0.137285E+001
  0.143151E+001  0.137715E+001
  0.143406E+001  0.138146E+001
  0.143661E+001  0.138576E+001
  0.143916E+001  0.139006E+001
  0.144171E+001  0.139436E+001
  0.144426E+001  0.139866E+001
  0.144681E+001  0.140296E+001
  0.144935E+001  0.140727E+001
  0.145190E+001  0.141157E+001
  0.145445E+001  0.141587E+001
  0.145699E+001  0.142018E+001
  0.145954E+001  0.142448E+001
  0.146208E+001  0.142879E+001
  0.146462E+001  0.143309E+001
  0.146717E+001  0.143740E+001
  0.146971E+001  0.144170E+001
  0.147225E+001  0.144601E+001
  0.147479E+001  0.145031E+001
  0.147733E+001  0.145462E+001
  0.147987E+001  0.145893E+001
  0.148241E+001  0.146324E+001
  0.148494E+001  0.146754E+001
  0.148748E+001  0.147185E+001
  0.149002E+001  0.147616E+001
  0.149255E+001  0.148047E+001
  0.149509E+001  0.148478E+001
  0.149762E+001  0.148909E+001
  0.150015E+001  0.149340E+001
  0.150268E+001  0.149772E+001
  0.150521E+001  0.150203E+001
  0.150774E+001  0.150634E+001
  0.151027E+001  0.151066E+001
  0.151280E+001  0.151497E+001
  0.151532E+001  0.151929E+001
  0.151785E+001  0.152360E+001
  0.152037E+001  0.152792E+001
  0.152289E+001  0.153223E+001
  0.152542E+001  0.153655E+001
  0.152794E+001  0.154087E+001
  0.153046E+001  0.154519E+001
  0.153297E+001  0.154951E+001
  0.153549E+001  0.155383E+001
  0.153801E+001  0.155815E+001
  0.154052E+001  0.156247E+001
  0.154304E+001  0.156679E+001
  0.154555E+001  0.157112E+001
  0.154806E+001  0.157544E+001
  0.155057E+001  0.157976E+001
  0.155308E+001  0.158409E+001
  0.155559E+001  0.158841E+001
  0.155809E+001  0.159274E+001
  0.156060E+001  0.159707E+001
  0.156310E+001  0.160140E+001
  0.156560E+001  0.160573E+001
  0.156810E+001  0.161006E+001
  0.157060E+001  0.161439E+001
  0.157310E+001  0.161872E+001
  0.157559E+001  0.162305E+001
  0.157809E+001  0.162738E+001
  0.158058E+001  0.163172E+001
  0.158307E+001  0.163605E+001
  0.158556E+001  0.164039E+001
  0.158805E+001  0.164472E+001
  0.159054E+001  0.164906E+001
  0.159303E+001  0.165340E+001
  0.159551E+001  0.165774E+001
  0.159799E+001  0.166208E+001
  0.160047E+001  0.166642E+001
  0.160295E+001  0.167076E+001
  0.160543E+001  0.167511E+001
  0.160791E+001  0.167945E+001
  0.161038E+001  0.168379E+001
  0.161286E+001  0.168814E+001
  0.161533E+001  0.169249E+001
  0.161780E+001  0.169683E+001
  0.162026E+001  0.170118E+001
  0.162273E+001  0.170553E+001
  0.162519E+001  0.170988E+001
  0.162766E+001  0.171423E+001
  0.163012E+001  0.171859E+001
  0.163258E+001  0.172294E+001
  0.163503E+001  0.172730E+001
  0.163749E+001  0.173165E+001
  0.163994E+001  0.173601E+001
  0.164239E+001  0.174036E+001
  0.164484E+001  0.174472E+001
  0.164729E+001  0.174908E+001
  0.164974E+001  0.175344E+001
  0.165218E+001  0.175781E+001
  0.165462E+001  0.176217E+001
  0.165706E+001  0.176653E+001
  0.165950E+001  0.177090E+001
  0.166194E+001  0.177526E+001
  0.166437E+001  0.177963E+001
  0.166681E+001  0.178400E+001
  0.166924E+001  0.178837E+001
  0.167167E+001  0.179274E+001
  0.167409E+001  0.179711E+001
  0.167652E+001  0.180148E+001
  0.167894E+001  0.180586E+001
  0.168136E+001  0.181023E+001
  0.168378E+001  0.181461E+001
  0.168620E+001  0.181899E+001
  0.168861E+001  0.182336E+001
  0.169102E+001  0.182774E+001
  0.169343E+001  0.183212E+001
  0.169584E+001  0.183651E+001
  0.169825E+001  0.184089E+001
  0.170065E+001  0.184527E+001
  0.170306E+001  0.184966E+001
  0.170546E+001  0.185404E+001
  0.170785E+001  0.185843E+001
  0.171025E+001  0.186282E+001
  0.171264E+001  0.186721E+001
  0.171504E+001  0.187160E+001
  0.171742E+001  0.187599E+001
  0.171981E+001  0.188039E+001
  0.172220E+001  0.188478E+001
  0.172458E+001  0.188918E+001
  0.172696E+001  0.189357E+001
  0.172934E+001  0.189797E+001
  0.173172E+001  0.190237E+001
  0.173409E+001  0.190677E+001
  0.173647E+001  0.191117E+001
  0.173884E+001  0.191557E+001
  0.174121E+001  0.191997E+001
  0.174357E+001  0.192438E+001
  0.174594E+001  0.192878E+001
  0.174830E+001  0.193319E+001
  0.175066E+001  0.193760E+001
  0.175302E+001  0.194201E+001
  0.175538E+001  0.194642E+001
  0.175773E+001  0.195083E+001
  0.176009E+001  0.195524E+001
  0.176244E+001  0.195965E+001
  0.176479E+001  0.196407E+001
  0.176713E+001  0.196848E+001
  0.176948E+001  0.197290E+001
  0.177182E+001  0.197731E+001
  0.177416E+001  0.198173E+001
  0.177650E+001  0.198615E+001
  0.177884E+001  0.199057E+001
  0.178117E+001  0.199499E+001
  0.178351E+001  0.199942E+001
  0.178584E+001  0.200384E+001
  0.178817E+001  0.200826E+001
  0.179049E+001  0.201269E+001
  0.179282E+001  0.201711E+001
  0.179514E+001  0.202154E+001
  0.179747E+001  0.202597E+001
  0.179979E+001  0.203040E+001
  0.180211E+001  0.203483E+001
  0.180442E+001  0.203926E+001
  0.180674E+001  0.204369E+001
  0.180905E+001  0.204812E+001
  0.181136E+001  0.205256E+001
  0.181367E+001  0.205699E+001
  0.181598E+001  0.206143E+001
  0.181829E+001  0.206586E+001
  0.182059E+001  0.207030E+001
  0.182289E+001  0.207474E+001
  0.182519E+001  0.207918E+001
  0.182749E+001  0.208362E+001
  0.182979E+001  0.208806E+001
  0.183209E+001  0.209250E+001
  0.183438E+001  0.209694E+001
  0.183667E+001  0.210139E+001
  0.183896E+001  0.210583E+001
  0.184125E+001  0.211028E+001
  0.184354E+001  0.211472E+001
  0.184582E+001  0.211917E+001
  0.184811E+001  0.212362E+001
  0.185039E+001  0.212807E+001
  0.185267E+001  0.213252E+001
  0.185495E+001  0.213697E+001
  0.185722E+001  0.214142E+001
  0.185950E+001  0.214587E+001
  0.186177E+001  0.215033E+001
  0.186404E+001  0.215478E+001
  0.186631E+001  0.215924E+001
  0.186858E+001  0.216369E+001
  0.187084E+001  0.216815E+001
  0.187310E+001  0.217261E+001
  0.187536E+001  0.217707E+001
  0.187762E+001  0.218153E+001
  0.187988E+001  0.218599E+001
  0.188213E+001  0.219046E+001
  0.188438E+001  0.219492E+001
  0.188663E+001  0.219939E+001
  0.188888E+001  0.220385E+001
  0.189112E+001  0.220832E+001
  0.189337E+001  0.221279E+001
  0.189561E+001  0.221726E+001
  0.189784E+001  0.222173E+001
  0.190008E+001  0.222621E+001
  0.190231E+001  0.223068E+001
  0.190454E+001  0.223516E+001
  0.190676E+001  0.223963E+001
  0.190899E+001  0.224411E+001
  0.191121E+001  0.224859E+001
  0.191342E+001  0.225307E+001
  0.191564E+001  0.225756E+001
  0.191785E+001  0.226204E+001
  0.192006E+001  0.226653E+001
  0.192226E+001  0.227101E+001
  0.192446E+001  0.227550E+001
  0.192666E+001  0.227999E+001
  0.192885E+001  0.228449E+001
  0.193105E+001  0.228898E+001
  0.193323E+001  0.229348E+001
  0.193542E+001  0.229798E+001
  0.193760E+001  0.230248E+001
  0.193977E+001  0.230698E+001
  0.194194E+001  0.231148E+001
  0.194411E+001  0.231599E+001
  0.194628E+001  0.232049E+001
  0.194844E+001  0.232500E+001
  0.195059E+001  0.232951E+001
  0.195274E+001  0.233403E+001
  0.195489E+001  0.233854E+001
  0.195704E+001  0.234306E+001
  0.195918E+001  0.234758E+001
  0.196131E+001  0.235210E+001
  0.196344E+001  0.235662E+001
  0.196557E+001  0.236115E+001
  0.196769E+001  0.236568E+001
  0.196981E+001  0.237021E+001
  0.197192E+001  0.237474E+001
  0.197403E+001  0.237927E+001
  0.197613E+001  0.238381E+001
  0.197823E+001  0.238835E+001
  0.198032E+001  0.239289E+001
  0.198241E+001  0.239743E+001
  0.198450E+001  0.240197E+001
  0.198658E+001  0.240652E+001
  0.198865E+001  0.241107E+001
  0.199072E+001  0.241562E+001
  0.199279E+001  0.242017E+001
  0.199485E+001  0.242473E+001
  0.199691E+001  0.242929E+001
  0.199896E+001  0.243385E+001
  0.200101E+001  0.243841E+001
  0.200305E+001  0.244297E+001
  0.200509E+001  0.244754E+001
  0.200712E+001  0.245210E+001
  0.200915E+001  0.245667E+001
  0.201117E+001  0.246125E+001
  0.201319E+001  0.246582E+001
  0.201521E+001  0.247040E+001
  0.201722E+001  0.247498E+001
  0.201922E+001  0.247956E+001
  0.202122E+001  0.248414E+001
  0.202322E+001  0.248872E+001
  0.202521E+001  0.249331E+001
  0.202720E+001  0.249790E+001
  0.202918E+001  0.250249E+001
  0.203116E+001  0.250708E+001
  0.203313E+001  0.251167E+001
  0.203510E+001  0.251627E+001
  0.203707E+001  0.252087E+001
  0.203903E+001  0.252547E+001
  0.204098E+001  0.253007E+001
  0.204294E+001  0.253467E+001
  0.204488E+001  0.253928E+001
  0.204683E+001  0.254388E+001
  0.204877E+001  0.254849E+001
  0.205070E+001  0.255310E+001
  0.205263E+001  0.255771E+001
  0.205456E+001  0.256233E+001
  0.205648E+001  0.256694E+001
  0.205840E+001  0.257156E+001
  0.206032E+001  0.257618E+001
  0.206223E+001  0.258080E+001
  0.206413E+001  0.258542E+001
  0.206604E+001  0.259004E+001
  0.206794E+001  0.259467E+001
  0.206983E+001  0.259930E+001
  0.207172E+001  0.260392E+001
  0.207361E+001  0.260855E+001
  0.207550E+001  0.261319E+001
  0.207738E+001  0.261782E+001
  0.207925E+001  0.262245E+001
  0.208113E+001  0.262709E+001
  0.208300E+001  0.263173E+001
  0.208486E+001  0.263636E+001
  0.208673E+001  0.264100E+001
  0.208859E+001  0.264565E+001
  0.209044E+001  0.265029E+001
  0.209230E+001  0.265493E+001
  0.209414E+001  0.265958E+001
  0.209599E+001  0.266422E+001
  0.209783E+001  0.266887E+001
  0.209967E+001  0.267352E+001
  0.210151E+001  0.267817E+001
  0.210334E+001  0.268282E+001
  0.210517E+001  0.268748E+001
  0.210700E+001  0.269213E+001
  0.210882E+001  0.269679E+001
  0.211064E+001  0.270144E+001
  0.211246E+001  0.270610E+001
  0.211428E+001  0.271076E+001
  0.211609E+001  0.271542E+001
  0.211790E+001  0.272008E+001
  0.211970E+001  0.272474E+001
  0.212151E+001  0.272941E+001
  0.212331E+001  0.273407E+001
  0.212511E+001  0.273874E+001
  0.212690E+001  0.274341E+001
  0.212869E+001  0.274807E+001
  0.213048E+001  0.275274E+001
  0.213227E+001  0.275741E+001
  0.213405E+001  0.276208E+001
  0.213583E+001  0.276675E+001
  0.213761E+001  0.277143E+001
  0.213939E+001  0.277610E+001
  0.214116E+001  0.278078E+001
  0.214293E+001  0.278545E+001
  0.214470E+001  0.279013E+001
  0.214647E+001  0.279481E+001
  0.214823E+001  0.279948E+001
  0.215000E+001  0.280416E+001
  0.215175E+001  0.280884E+001
  0.215351E+001  0.281353E+001
  0.215527E+001  0.281821E+001
  0.215702E+001  0.282289E+001
  0.215877E+001  0.282757E+001
  0.216052E+001  0.283226E+001
  0.216226E+001  0.283694E+001
  0.216401E+001  0.284163E+001
  0.216575E+001  0.284632E+001
  0.216749E+001  0.285100E+001
  0.216922E+001  0.285569E+001
  0.217096E+001  0.286038E+001
  0.217269E+001  0.286507E+001
  0.217442E+001  0.286976E+001
  0.217615E+001  0.287445E+001
  0.217788E+001  0.287915E+001
  0.217960E+001  0.288384E+001
  0.218133E+001  0.288853E+001
  0.218305E+001  0.289323E+001
  0.218477E+001  0.289792E+001
  0.218649E+001  0.290262E+001
  0.218820E+001  0.290731E+001
  0.218992E+001  0.291201E+001
  0.219163E+001  0.291671E+001
  0.219334E+001  0.292141E+001
  0.219505E+001  0.292611E+001
  0.219675E+001  0.293081E+001
  0.219846E+001  0.293551E+001
  0.220016E+001  0.294021E+001
  0.220186E+001  0.294491E+001
  0.220356E+001  0.294961E+001
  0.220526E+001  0.295431E+001
  0.220696E+001  0.295902E+001
  0.220866E+001  0.296372E+001
  0.221035E+001  0.296842E+001
  0.221204E+001  0.297313E+001
  0.221373E+001  0.297784E+001
  0.221542E+001  0.298254E+001
  0.221711E+001  0.298725E+001
  0.221880E+001  0.299195E+001
  0.222048E+001  0.299666E+001
  0.222217E+001  0.300137E+001
  0.222385E+001  0.300608E+001
  0.222553E+001  0.301079E+001
  0.222721E+001  0.301550E+001
  0.222889E+001  0.302021E+001
  0.223057E+001  0.302492E+001
  0.223224E+001  0.302963E+001
  0.223392E+001  0.303434E+001
  0.223559E+001  0.303905E+001
  0.223726E+001  0.304376E+001
  0.223893E+001  0.304848E+001
  0.224060E+001  0.305319E+001
  0.224227E+001  0.305790E+001
  0.224394E+001  0.306262E+001
  0.224560E+001  0.306733E+001
  0.224727E+001  0.307204E+001
  0.224893E+001  0.307676E+001
  0.225060E+001  0.308147E+001
  0.225226E+001  0.308619E+001
  0.225392E+001  0.309091E+001
  0.225558E+001  0.309562E+001
  0.225724E+001  0.310034E+001
  0.225890E+001  0.310506E+001
  0.226055E+001  0.310977E+001
  0.226221E+001  0.311449E+001
  0.226386E+001  0.311921E+001
  0.226552E+001  0.312393E+001
  0.226717E+001  0.312865E+001
  0.226882E+001  0.313337E+001
  0.227047E+001  0.313809E+001
  0.227212E+001  0.314281E+001
  0.227377E+001  0.314753E+001
  0.227542E+001  0.315225E+001
  0.227707E+001  0.315697E+001
  0.227872E+001  0.316169E+001
  0.228036E+001  0.316641E+001
  0.228201E+001  0.317113E+001
  0.228366E+001  0.317585E+001
  0.228530E+001  0.318057E+001
  0.228694E+001  0.318530E+001
  0.228859E+001  0.319002E+001
  0.229023E+001  0.319474E+001
  0.229187E+001  0.319946E+001
  0.229351E+001  0.320419E+001
  0.229515E+001  0.320891E+001
  0.229679E+001  0.321363E+001
  0.229843E+001  0.321836E+001
  0.230007E+001  0.322308E+001
  0.230171E+001  0.322781E+001
  0.230334E+001  0.323253E+001
  0.230498E+001  0.323725E+001
  0.230662E+001  0.324198E+001
  0.230825E+001  0.324670E+001
  0.230989E+001  0.325143E+001
  0.231152E+001  0.325615E+001
  0.231315E+001  0.326088E+001
  0.231479E+001  0.326561E+001
  0.231642E+001  0.327033E+001
  0.231805E+001  0.327506E+001
  0.231969E+001  0.327978E+001
  0.232132E+001  0.328451E+001
  0.232295E+001  0.328924E+001
  0.232458E+001  0.329396E+001
  0.232621E+001  0.329869E+001
  0.232784E+001  0.330342E+001
  0.232947E+001  0.330814E+001
  0.233110E+001  0.331287E+001
  0.233273E+001  0.331760E+001
  0.233436E+001  0.332232E+001
  0.233599E+001  0.332705E+001
  0.233762E+001  0.333178E+001
  0.233924E+001  0.333651E+001
  0.234087E+001  0.334123E+001
  0.234250E+001  0.334596E+001
  0.234413E+001  0.335069E+001
  0.234575E+001  0.335542E+001
  0.234738E+001  0.336015E+001
  0.234901E+001  0.336487E+001
  0.235063E+001  0.336960E+001
  0.235226E+001  0.337433E+001
  0.235388E+001  0.337906E+001
  0.235551E+001  0.338379E+001
  0.235714E+001  0.338852E+001
  0.235876E+001  0.339324E+001
  0.236039E+001  0.339797E+001
  0.236201E+001  0.340270E+001
  0.236364E+001  0.340743E+001
  0.236526E+001  0.341216E+001
  0.236689E+001  0.341689E+001
  0.236851E+001  0.342161E+001
  0.237014E+001  0.342634E+001
  0.237176E+001  0.343107E+001
  0.237338E+001  0.343580E+001
  0.237501E+001  0.344053E+001
  0.237663E+001  0.344526E+001
  0.237826E+001  0.344999E+001
  0.237988E+001  0.345472E+001
  0.238151E+001  0.345945E+001
  0.238313E+001  0.346417E+001
  0.238475E+001  0.346890E+001
  0.238638E+001  0.347363E+001
  0.238800E+001  0.347836E+001
  0.238963E+001  0.348309E+001
  0.239125E+001  0.348782E+001
  0.239288E+001  0.349255E+001
  0.239450E+001  0.349728E+001
  0.239613E+001  0.350200E+001
  0.239775E+001  0.350673E+001
  0.239938E+001  0.351146E+001
  0.240100E+001  0.351619E+001
  0.240263E+001  0.352092E+001
  0.240425E+001  0.352565E+001
  0.240588E+001  0.353038E+001
  0.240750E+001  0.353510E+001
  0.240913E+001  0.353983E+001
  0.241075E+001  0.354456E+001
  0.241238E+001  0.354929E+001
  0.241400E+001  0.355402E+001
  0.241563E+001  0.355875E+001
  0.241726E+001  0.356347E+001
  0.241888E+001  0.356820E+001
  0.242051E+001  0.357293E+001
  0.242214E+001  0.357766E+001
  0.242376E+001  0.358239E+001
  0.242539E+001  0.358711E+001
  0.242702E+001  0.359184E+001
  0.242864E+001  0.359657E+001
  0.243027E+001  0.360130E+001
  0.243190E+001  0.360602E+001
  0.243353E+001  0.361075E+001
  0.243516E+001  0.361548E+001
  0.243679E+001  0.362021E+001
  0.243842E+001  0.362493E+001
  0.244004E+001  0.362966E+001
  0.244167E+001  0.363439E+001
  0.244330E+001  0.363911E+001
  0.244493E+001  0.364384E+001
  0.244656E+001  0.364857E+001
  0.244820E+001  0.365329E+001
  0.244983E+001  0.365802E+001
  0.245146E+001  0.366275E+001
  0.245309E+001  0.366747E+001
  0.245472E+001  0.367220E+001
  0.245635E+001  0.367693E+001
  0.245799E+001  0.368165E+001
  0.245962E+001  0.368638E+001
  0.246125E+001  0.369110E+001
  0.246289E+001  0.369583E+001
  0.246452E+001  0.370055E+001
  0.246616E+001  0.370528E+001
  0.246779E+001  0.371000E+001
  0.246943E+001  0.371473E+001
  0.247106E+001  0.371945E+001
  0.247270E+001  0.372418E+001
  0.247433E+001  0.372890E+001
  0.247597E+001  0.373363E+001
  0.247761E+001  0.373835E+001
  0.247925E+001  0.374308E+001
  0.248088E+001  0.374780E+001
  0.248252E+001  0.375252E+001
  0.248416E+001  0.375725E+001
  0.248580E+001  0.376197E+001
  0.248744E+001  0.376670E+001
  0.248908E+001  0.377142E+001
  0.249072E+001  0.377614E+001
  0.249236E+001  0.378086E+001
  0.249400E+001  0.378559E+001
  0.249565E+001  0.379031E+001
  0.249729E+001  0.379503E+001
  0.249893E+001  0.379976E+001
  0.250058E+001  0.380448E+001
