  0.102360E+001  0.554879E-001
  0.102421E+001  0.604504E-001
  0.102486E+001  0.654074E-001
  0.102556E+001  0.703585E-001
  0.102630E+001  0.753037E-001
  0.102707E+001  0.802429E-001
  0.102789E+001  0.851761E-001
  0.102874E+001  0.901032E-001
  0.102963E+001  0.950241E-001
  0.103054E+001  0.999391E-001
  0.103149E+001  0.104848E+000
  0.103247E+001  0.109751E+000
  0.103348E+001  0.114648E+000
  0.103452E+001  0.119540E+000
  0.103558E+001  0.124425E+000
  0.103667E+001  0.129306E+000
  0.103778E+001  0.134180E+000
  0.103892E+001  0.139050E+000
  0.104007E+001  0.143914E+000
  0.104125E+001  0.148773E+000
  0.104245E+001  0.153627E+000
  0.104367E+001  0.158476E+000
  0.104491E+001  0.163321E+000
  0.104616E+001  0.168161E+000
  0.104744E+001  0.172996E+000
  0.104873E+001  0.177827E+000
  0.105003E+001  0.182653E+000
  0.105135E+001  0.187476E+000
  0.105269E+001  0.192294E+000
  0.105404E+001  0.197108E+000
  0.105540E+001  0.201918E+000
  0.105678E+001  0.206725E+000
  0.105817E+001  0.211528E+000
  0.105957E+001  0.216327E+000
  0.106099E+001  0.221122E+000
  0.106242E+001  0.225914E+000
  0.106386E+001  0.230702E+000
  0.106531E+001  0.235487E+000
  0.106677E+001  0.240269E+000
  0.106824E+001  0.245047E+000
  0.106972E+001  0.249823E+000
  0.107121E+001  0.254595E+000
  0.107272E+001  0.259364E+000
  0.107423E+001  0.264130E+000
  0.107575E+001  0.268893E+000
  0.107728E+001  0.273653E+000
  0.107882E+001  0.278411E+000
  0.108036E+001  0.283165E+000
  0.108192E+001  0.287917E+000
  0.108348E+001  0.292666E+000
  0.108506E+001  0.297413E+000
  0.108664E+001  0.302156E+000
  0.108822E+001  0.306898E+000
  0.108982E+001  0.311636E+000
  0.109142E+001  0.316372E+000
  0.109303E+001  0.321106E+000
  0.109465E+001  0.325837E+000
  0.109627E+001  0.330566E+000
  0.109791E+001  0.335292E+000
  0.109954E+001  0.340016E+000
  0.110119E+001  0.344738E+000
  0.110284E+001  0.349457E+000
  0.110450E+001  0.354175E+000
  0.110616E+001  0.358890E+000
  0.110783E+001  0.363602E+000
  0.110951E+001  0.368313E+000
  0.111119E+001  0.373021E+000
  0.111288E+001  0.377727E+000
  0.111457E+001  0.382432E+000
  0.111627E+001  0.387134E+000
  0.111798E+001  0.391834E+000
  0.111969E+001  0.396532E+000
  0.112141E+001  0.401228E+000
  0.112313E+001  0.405922E+000
  0.112486E+001  0.410614E+000
  0.112659E+001  0.415304E+000
  0.112833E+001  0.419992E+000
  0.113007E+001  0.424678E+000
  0.113182E+001  0.429363E+000
  0.113358E+001  0.434045E+000
  0.113533E+001  0.438726E+000
  0.113710E+001  0.443404E+000
  0.113886E+001  0.448081E+000
  0.114064E+001  0.452757E+000
  0.114241E+001  0.457430E+000
  0.114420E+001  0.462102E+000
  0.114598E+001  0.466772E+000
  0.114777E+001  0.471440E+000
  0.114957E+001  0.476106E+000
  0.115137E+001  0.480771E+000
  0.115317E+001  0.485434E+000
  0.115498E+001  0.490095E+000
  0.115680E+001  0.494755E+000
  0.115861E+001  0.499413E+000
  0.116043E+001  0.504070E+000
  0.116226E+001  0.508725E+000
  0.116409E+001  0.513378E+000
  0.116592E+001  0.518030E+000
  0.116776E+001  0.522680E+000
  0.116960E+001  0.527329E+000
  0.117145E+001  0.531976E+000
  0.117329E+001  0.536621E+000
  0.117515E+001  0.541266E+000
  0.117700E+001  0.545908E+000
  0.117886E+001  0.550549E+000
  0.118073E+001  0.555189E+000
  0.118260E+001  0.559827E+000
  0.118447E+001  0.564464E+000
  0.118634E+001  0.569099E+000
  0.118822E+001  0.573733E+000
  0.119010E+001  0.578366E+000
  0.119199E+001  0.582997E+000
  0.119387E+001  0.587627E+000
  0.119576E+001  0.592255E+000
  0.119766E+001  0.596882E+000
  0.119956E+001  0.601508E+000
  0.120146E+001  0.606132E+000
  0.120336E+001  0.610755E+000
  0.120527E+001  0.615377E+000
  0.120718E+001  0.619997E+000
  0.120910E+001  0.624617E+000
  0.121101E+001  0.629235E+000
  0.121293E+001  0.633851E+000
  0.121486E+001  0.638467E+000
  0.121678E+001  0.643081E+000
  0.121871E+001  0.647694E+000
  0.122064E+001  0.652306E+000
  0.122258E+001  0.656917E+000
  0.122451E+001  0.661526E+000
  0.122645E+001  0.666134E+000
  0.122840E+001  0.670742E+000
  0.123034E+001  0.675348E+000
  0.123229E+001  0.679953E+000
  0.123424E+001  0.684556E+000
  0.123619E+001  0.689159E+000
  0.123815E+001  0.693761E+000
  0.124011E+001  0.698361E+000
  0.124207E+001  0.702960E+000
  0.124403E+001  0.707559E+000
  0.124600E+001  0.712156E+000
  0.124797E+001  0.716752E+000
  0.124994E+001  0.721348E+000
  0.125191E+001  0.725942E+000
  0.125389E+001  0.730535E+000
  0.125586E+001  0.735127E+000
  0.125784E+001  0.739719E+000
  0.125983E+001  0.744309E+000
  0.126181E+001  0.748898E+000
  0.126380E+001  0.753487E+000
  0.126578E+001  0.758074E+000
  0.126778E+001  0.762661E+000
  0.126977E+001  0.767246E+000
  0.127176E+001  0.771831E+000
  0.127376E+001  0.776415E+000
  0.127576E+001  0.780998E+000
  0.127776E+001  0.785580E+000
  0.127976E+001  0.790161E+000
  0.128177E+001  0.794742E+000
  0.128378E+001  0.799321E+000
  0.128578E+001  0.803900E+000
  0.128779E+001  0.808478E+000
  0.128981E+001  0.813055E+000
  0.129182E+001  0.817632E+000
  0.129384E+001  0.822207E+000
  0.129585E+001  0.826782E+000
  0.129787E+001  0.831356E+000
  0.129989E+001  0.835930E+000
  0.130192E+001  0.840503E+000
  0.130394E+001  0.845075E+000
  0.130597E+001  0.849646E+000
  0.130799E+001  0.854217E+000
  0.131002E+001  0.858787E+000
  0.131205E+001  0.863356E+000
  0.131408E+001  0.867925E+000
  0.131612E+001  0.872493E+000
  0.131815E+001  0.877060E+000
  0.132019E+001  0.881627E+000
  0.132222E+001  0.886193E+000
  0.132426E+001  0.890759E+000
  0.132630E+001  0.895324E+000
  0.132834E+001  0.899888E+000
  0.133039E+001  0.904452E+000
  0.133243E+001  0.909015E+000
  0.133447E+001  0.913578E+000
  0.133652E+001  0.918141E+000
  0.133857E+001  0.922702E+000
  0.134061E+001  0.927264E+000
  0.134266E+001  0.931825E+000
  0.134471E+001  0.936385E+000
  0.134676E+001  0.940945E+000
  0.134882E+001  0.945504E+000
  0.135087E+001  0.950063E+000
  0.135292E+001  0.954622E+000
  0.135498E+001  0.959180E+000
  0.135703E+001  0.963738E+000
  0.135909E+001  0.968295E+000
  0.136115E+001  0.972852E+000
  0.136321E+001  0.977409E+000
  0.136527E+001  0.981965E+000
  0.136733E+001  0.986521E+000
  0.136939E+001  0.991077E+000
  0.137145E+001  0.995632E+000
  0.137351E+001  0.100019E+001
  0.137557E+001  0.100474E+001
  0.137764E+001  0.100930E+001
  0.137970E+001  0.101385E+001
  0.138177E+001  0.101840E+001
  0.138383E+001  0.102296E+001
  0.138590E+001  0.102751E+001
  0.138796E+001  0.103206E+001
  0.139003E+001  0.103662E+001
  0.139210E+001  0.104117E+001
  0.139417E+001  0.104572E+001
  0.139624E+001  0.105027E+001
  0.139830E+001  0.105482E+001
  0.140037E+001  0.105938E+001
  0.140244E+001  0.106393E+001
  0.140452E+001  0.106848E+001
  0.140659E+001  0.107303E+001
  0.140866E+001  0.107758E+001
  0.141073E+001  0.108213E+001
  0.141280E+001  0.108668E+001
  0.141488E+001  0.109123E+001
  0.141695E+001  0.109578E+001
  0.141902E+001  0.110033E+001
  0.142110E+001  0.110488E+001
  0.142317E+001  0.110943E+001
  0.142525E+001  0.111398E+001
  0.142732E+001  0.111853E+001
  0.142940E+001  0.112307E+001
  0.143148E+001  0.112762E+001
  0.143356E+001  0.113217E+001
  0.143563E+001  0.113672E+001
  0.143771E+001  0.114127E+001
  0.143979E+001  0.114581E+001
  0.144187E+001  0.115036E+001
  0.144395E+001  0.115491E+001
  0.144604E+001  0.115945E+001
  0.144812E+001  0.116400E+001
  0.145020E+001  0.116854E+001
  0.145229E+001  0.117309E+001
  0.145437E+001  0.117763E+001
  0.145646E+001  0.118218E+001
  0.145854E+001  0.118672E+001
  0.146063E+001  0.119126E+001
  0.146272E+001  0.119581E+001
  0.146481E+001  0.120035E+001
  0.146690E+001  0.120489E+001
  0.146900E+001  0.120943E+001
  0.147109E+001  0.121397E+001
  0.147319E+001  0.121851E+001
  0.147528E+001  0.122305E+001
  0.147738E+001  0.122759E+001
  0.147948E+001  0.123212E+001
  0.148158E+001  0.123666E+001
  0.148369E+001  0.124120E+001
  0.148579E+001  0.124573E+001
  0.148790E+001  0.125026E+001
  0.149001E+001  0.125480E+001
  0.149212E+001  0.125933E+001
  0.149424E+001  0.126386E+001
  0.149636E+001  0.126839E+001
  0.149847E+001  0.127292E+001
  0.150060E+001  0.127745E+001
  0.150272E+001  0.128197E+001
  0.150485E+001  0.128650E+001
  0.150698E+001  0.129102E+001
  0.150911E+001  0.129555E+001
  0.151124E+001  0.130007E+001
  0.151338E+001  0.130459E+001
  0.151552E+001  0.130911E+001
  0.151766E+001  0.131362E+001
  0.151981E+001  0.131814E+001
  0.152196E+001  0.132265E+001
  0.152411E+001  0.132717E+001
  0.152627E+001  0.133168E+001
  0.152842E+001  0.133619E+001
  0.153059E+001  0.134070E+001
  0.153275E+001  0.134520E+001
  0.153492E+001  0.134971E+001
  0.153709E+001  0.135422E+001
  0.153926E+001  0.135872E+001
  0.154144E+001  0.136322E+001
  0.154362E+001  0.136772E+001
  0.154580E+001  0.137222E+001
  0.154798E+001  0.137672E+001
  0.155017E+001  0.138121E+001
  0.155236E+001  0.138571E+001
  0.155455E+001  0.139020E+001
  0.155675E+001  0.139469E+001
  0.155894E+001  0.139919E+001
  0.156114E+001  0.140368E+001
  0.156334E+001  0.140817E+001
  0.156554E+001  0.141266E+001
  0.156774E+001  0.141714E+001
  0.156995E+001  0.142163E+001
  0.157215E+001  0.142612E+001
  0.157436E+001  0.143061E+001
  0.157656E+001  0.143510E+001
  0.157877E+001  0.143958E+001
  0.158097E+001  0.144407E+001
  0.158317E+001  0.144856E+001
  0.158537E+001  0.145305E+001
  0.158757E+001  0.145754E+001
  0.158977E+001  0.146203E+001
  0.159197E+001  0.146652E+001
  0.159416E+001  0.147102E+001
  0.159634E+001  0.147551E+001
  0.159853E+001  0.148001E+001
  0.160071E+001  0.148451E+001
  0.160288E+001  0.148901E+001
  0.160505E+001  0.149352E+001
  0.160721E+001  0.149803E+001
  0.160937E+001  0.150254E+001
  0.161152E+001  0.150705E+001
  0.161366E+001  0.151157E+001
  0.161579E+001  0.151609E+001
  0.161792E+001  0.152062E+001
  0.162004E+001  0.152515E+001
  0.162215E+001  0.152968E+001
  0.162425E+001  0.153422E+001
  0.162634E+001  0.153876E+001
  0.162842E+001  0.154331E+001
  0.163049E+001  0.154786E+001
  0.163256E+001  0.155241E+001
  0.163462E+001  0.155697E+001
  0.163666E+001  0.156153E+001
  0.163870E+001  0.156609E+001
  0.164074E+001  0.157066E+001
  0.164276E+001  0.157523E+001
  0.164478E+001  0.157981E+001
  0.164680E+001  0.158438E+001
  0.164881E+001  0.158896E+001
  0.165081E+001  0.159354E+001
  0.165281E+001  0.159813E+001
  0.165481E+001  0.160271E+001
  0.165680E+001  0.160729E+001
  0.165879E+001  0.161188E+001
  0.166078E+001  0.161647E+001
  0.166277E+001  0.162105E+001
  0.166476E+001  0.162564E+001
  0.166675E+001  0.163023E+001
  0.166874E+001  0.163482E+001
  0.167073E+001  0.163940E+001
  0.167272E+001  0.164399E+001
  0.167471E+001  0.164858E+001
  0.167671E+001  0.165316E+001
  0.167870E+001  0.165774E+001
  0.168071E+001  0.166233E+001
  0.168271E+001  0.166691E+001
  0.168472E+001  0.167149E+001
  0.168673E+001  0.167606E+001
  0.168874E+001  0.168064E+001
  0.169076E+001  0.168521E+001
  0.169279E+001  0.168979E+001
  0.169482E+001  0.169436E+001
  0.169685E+001  0.169892E+001
  0.169889E+001  0.170349E+001
  0.170093E+001  0.170805E+001
  0.170298E+001  0.171261E+001
  0.170503E+001  0.171717E+001
  0.170709E+001  0.172173E+001
  0.170916E+001  0.172628E+001
  0.171123E+001  0.173083E+001
  0.171331E+001  0.173538E+001
  0.171539E+001  0.173993E+001
  0.171747E+001  0.174447E+001
  0.171957E+001  0.174901E+001
  0.172167E+001  0.175355E+001
  0.172377E+001  0.175809E+001
  0.172588E+001  0.176262E+001
  0.172800E+001  0.176715E+001
  0.173012E+001  0.177167E+001
  0.173225E+001  0.177620E+001
  0.173439E+001  0.178072E+001
  0.173653E+001  0.178524E+001
  0.173867E+001  0.178976E+001
  0.174082E+001  0.179427E+001
  0.174298E+001  0.179878E+001
  0.174515E+001  0.180329E+001
  0.174732E+001  0.180779E+001
  0.174949E+001  0.181229E+001
  0.175167E+001  0.181679E+001
  0.175386E+001  0.182129E+001
  0.175605E+001  0.182578E+001
  0.175825E+001  0.183027E+001
  0.176045E+001  0.183476E+001
  0.176266E+001  0.183925E+001
  0.176487E+001  0.184373E+001
  0.176709E+001  0.184821E+001
  0.176932E+001  0.185269E+001
  0.177155E+001  0.185717E+001
  0.177378E+001  0.186164E+001
  0.177602E+001  0.186611E+001
  0.177827E+001  0.187058E+001
  0.178052E+001  0.187504E+001
  0.178277E+001  0.187950E+001
  0.178503E+001  0.188396E+001
  0.178730E+001  0.188842E+001
  0.178957E+001  0.189288E+001
  0.179184E+001  0.189733E+001
  0.179412E+001  0.190178E+001
  0.179641E+001  0.190623E+001
  0.179869E+001  0.191067E+001
  0.180099E+001  0.191512E+001
  0.180328E+001  0.191956E+001
  0.180559E+001  0.192400E+001
  0.180789E+001  0.192843E+001
  0.181020E+001  0.193287E+001
  0.181251E+001  0.193730E+001
  0.181483E+001  0.194173E+001
  0.181715E+001  0.194616E+001
  0.181948E+001  0.195059E+001
  0.182180E+001  0.195501E+001
  0.182414E+001  0.195943E+001
  0.182647E+001  0.196386E+001
  0.182881E+001  0.196827E+001
  0.183115E+001  0.197269E+001
  0.183350E+001  0.197711E+001
  0.183584E+001  0.198152E+001
  0.183819E+001  0.198594E+001
  0.184055E+001  0.199035E+001
  0.184290E+001  0.199476E+001
  0.184526E+001  0.199917E+001
  0.184762E+001  0.200357E+001
  0.184999E+001  0.200798E+001
  0.185235E+001  0.201239E+001
  0.185472E+001  0.201679E+001
  0.185709E+001  0.202119E+001
  0.185946E+001  0.202559E+001
  0.186183E+001  0.202999E+001
  0.186421E+001  0.203440E+001
  0.186658E+001  0.203879E+001
  0.186896E+001  0.204319E+001
  0.187134E+001  0.204759E+001
  0.187372E+001  0.205199E+001
  0.187610E+001  0.205639E+001
  0.187848E+001  0.206078E+001
  0.188086E+001  0.206518E+001
  0.188325E+001  0.206957E+001
  0.188563E+001  0.207397E+001
  0.188802E+001  0.207836E+001
  0.189040E+001  0.208276E+001
  0.189278E+001  0.208715E+001
  0.189517E+001  0.209155E+001
  0.189755E+001  0.209594E+001
  0.189994E+001  0.210034E+001
  0.190232E+001  0.210473E+001
  0.190471E+001  0.210913E+001
  0.190709E+001  0.211352E+001
  0.190947E+001  0.211792E+001
  0.191186E+001  0.212231E+001
  0.191424E+001  0.212671E+001
  0.191663E+001  0.213110E+001
  0.191901E+001  0.213550E+001
  0.192139E+001  0.213989E+001
  0.192378E+001  0.214429E+001
  0.192616E+001  0.214868E+001
  0.192854E+001  0.215308E+001
  0.193093E+001  0.215747E+001
  0.193331E+001  0.216187E+001
  0.193570E+001  0.216626E+001
  0.193808E+001  0.217066E+001
  0.194047E+001  0.217505E+001
  0.194286E+001  0.217944E+001
  0.194525E+001  0.218384E+001
  0.194764E+001  0.218823E+001
  0.195003E+001  0.219262E+001
  0.195242E+001  0.219701E+001
  0.195482E+001  0.220140E+001
  0.195722E+001  0.220578E+001
  0.195962E+001  0.221017E+001
  0.196202E+001  0.221456E+001
  0.196443E+001  0.221894E+001
  0.196684E+001  0.222332E+001
  0.196925E+001  0.222770E+001
  0.197166E+001  0.223208E+001
  0.197408E+001  0.223645E+001
  0.197651E+001  0.224083E+001
  0.197893E+001  0.224520E+001
  0.198136E+001  0.224957E+001
  0.198380E+001  0.225393E+001
  0.198624E+001  0.225830E+001
  0.198869E+001  0.226266E+001
  0.199114E+001  0.226702E+001
  0.199359E+001  0.227137E+001
  0.199605E+001  0.227573E+001
  0.199852E+001  0.228008E+001
  0.200099E+001  0.228442E+001
  0.200346E+001  0.228877E+001
  0.200594E+001  0.229311E+001
  0.200843E+001  0.229745E+001
  0.201092E+001  0.230178E+001
  0.201342E+001  0.230611E+001
  0.201593E+001  0.231044E+001
  0.201844E+001  0.231476E+001
  0.202095E+001  0.231908E+001
  0.202348E+001  0.232340E+001
  0.202600E+001  0.232771E+001
  0.202854E+001  0.233202E+001
  0.203108E+001  0.233633E+001
  0.203363E+001  0.234063E+001
  0.203618E+001  0.234493E+001
  0.203874E+001  0.234923E+001
  0.204131E+001  0.235352E+001
  0.204388E+001  0.235780E+001
  0.204646E+001  0.236209E+001
  0.204904E+001  0.236637E+001
  0.205163E+001  0.237065E+001
  0.205423E+001  0.237492E+001
  0.205683E+001  0.237919E+001
  0.205944E+001  0.238345E+001
  0.206206E+001  0.238771E+001
  0.206468E+001  0.239197E+001
  0.206730E+001  0.239623E+001
  0.206994E+001  0.240048E+001
  0.207257E+001  0.240473E+001
  0.207522E+001  0.240897E+001
  0.207787E+001  0.241321E+001
  0.208052E+001  0.241745E+001
  0.208318E+001  0.242168E+001
  0.208585E+001  0.242591E+001
  0.208852E+001  0.243014E+001
  0.209119E+001  0.243436E+001
  0.209387E+001  0.243858E+001
  0.209656E+001  0.244280E+001
  0.209925E+001  0.244702E+001
  0.210194E+001  0.245123E+001
  0.210464E+001  0.245544E+001
  0.210734E+001  0.245965E+001
  0.211005E+001  0.246385E+001
  0.211275E+001  0.246805E+001
  0.211547E+001  0.247225E+001
  0.211818E+001  0.247645E+001
  0.212090E+001  0.248065E+001
  0.212362E+001  0.248484E+001
  0.212634E+001  0.248904E+001
  0.212907E+001  0.249323E+001
  0.213179E+001  0.249742E+001
  0.213452E+001  0.250161E+001
  0.213725E+001  0.250580E+001
  0.213998E+001  0.250999E+001
  0.214270E+001  0.251418E+001
  0.214543E+001  0.251837E+001
  0.214816E+001  0.252257E+001
  0.215088E+001  0.252676E+001
  0.215360E+001  0.253096E+001
  0.215632E+001  0.253515E+001
  0.215903E+001  0.253935E+001
  0.216174E+001  0.254356E+001
  0.216444E+001  0.254776E+001
  0.216714E+001  0.255197E+001
  0.216983E+001  0.255619E+001
  0.217251E+001  0.256041E+001
  0.217519E+001  0.256463E+001
  0.217785E+001  0.256886E+001
  0.218051E+001  0.257309E+001
  0.218316E+001  0.257734E+001
  0.218580E+001  0.258158E+001
  0.218843E+001  0.258583E+001
  0.219105E+001  0.259009E+001
  0.219367E+001  0.259435E+001
  0.219627E+001  0.259862E+001
  0.219886E+001  0.260290E+001
  0.220145E+001  0.260718E+001
  0.220403E+001  0.261146E+001
  0.220660E+001  0.261575E+001
  0.220916E+001  0.262004E+001
  0.221172E+001  0.262434E+001
  0.221427E+001  0.262864E+001
  0.221681E+001  0.263294E+001
  0.221935E+001  0.263725E+001
  0.222188E+001  0.264156E+001
  0.222440E+001  0.264588E+001
  0.222692E+001  0.265020E+001
  0.222944E+001  0.265452E+001
  0.223195E+001  0.265885E+001
  0.223445E+001  0.266317E+001
  0.223695E+001  0.266750E+001
  0.223944E+001  0.267184E+001
  0.224194E+001  0.267617E+001
  0.224442E+001  0.268051E+001
  0.224690E+001  0.268485E+001
  0.224938E+001  0.268920E+001
  0.225185E+001  0.269354E+001
  0.225432E+001  0.269789E+001
  0.225679E+001  0.270224E+001
  0.225925E+001  0.270659E+001
  0.226171E+001  0.271095E+001
  0.226416E+001  0.271530E+001
  0.226661E+001  0.271966E+001
  0.226905E+001  0.272402E+001
  0.227150E+001  0.272839E+001
  0.227393E+001  0.273275E+001
  0.227637E+001  0.273712E+001
  0.227880E+001  0.274149E+001
  0.228123E+001  0.274586E+001
  0.228365E+001  0.275023E+001
  0.228607E+001  0.275461E+001
  0.228848E+001  0.275899E+001
  0.229089E+001  0.276337E+001
  0.229330E+001  0.276775E+001
  0.229571E+001  0.277213E+001
  0.229811E+001  0.277652E+001
  0.230050E+001  0.278091E+001
  0.230290E+001  0.278530E+001
  0.230528E+001  0.278969E+001
  0.230767E+001  0.279409E+001
  0.231005E+001  0.279848E+001
  0.231243E+001  0.280288E+001
  0.231480E+001  0.280728E+001
  0.231717E+001  0.281168E+001
  0.231953E+001  0.281609E+001
  0.232190E+001  0.282050E+001
  0.232425E+001  0.282491E+001
  0.232661E+001  0.282932E+001
  0.232896E+001  0.283373E+001
  0.233130E+001  0.283815E+001
  0.233364E+001  0.284257E+001
  0.233598E+001  0.284699E+001
  0.233831E+001  0.285141E+001
  0.234064E+001  0.285583E+001
  0.234297E+001  0.286026E+001
  0.234529E+001  0.286469E+001
  0.234760E+001  0.286912E+001
  0.234991E+001  0.287355E+001
  0.235222E+001  0.287799E+001
  0.235453E+001  0.288243E+001
  0.235682E+001  0.288687E+001
  0.235912E+001  0.289131E+001
  0.236141E+001  0.289575E+001
  0.236370E+001  0.290020E+001
  0.236598E+001  0.290465E+001
  0.236826E+001  0.290910E+001
  0.237053E+001  0.291355E+001
  0.237280E+001  0.291801E+001
  0.237506E+001  0.292247E+001
  0.237732E+001  0.292693E+001
  0.237958E+001  0.293139E+001
  0.238183E+001  0.293585E+001
  0.238408E+001  0.294032E+001
  0.238632E+001  0.294479E+001
  0.238855E+001  0.294926E+001
  0.239079E+001  0.295374E+001
  0.239302E+001  0.295821E+001
  0.239524E+001  0.296269E+001
  0.239746E+001  0.296717E+001
  0.239967E+001  0.297165E+001
  0.240188E+001  0.297614E+001
  0.240409E+001  0.298063E+001
  0.240629E+001  0.298512E+001
  0.240848E+001  0.298961E+001
  0.241068E+001  0.299410E+001
  0.241286E+001  0.299860E+001
  0.241504E+001  0.300310E+001
  0.241722E+001  0.300760E+001
  0.241939E+001  0.301210E+001
  0.242156E+001  0.301661E+001
  0.242373E+001  0.302111E+001
  0.242588E+001  0.302562E+001
  0.242804E+001  0.303014E+001
  0.243019E+001  0.303465E+001
  0.243233E+001  0.303917E+001
  0.243447E+001  0.304369E+001
  0.243661E+001  0.304821E+001
  0.243874E+001  0.305273E+001
  0.244086E+001  0.305726E+001
  0.244298E+001  0.306179E+001
  0.244510E+001  0.306632E+001
  0.244721E+001  0.307085E+001
  0.244932E+001  0.307538E+001
  0.245142E+001  0.307992E+001
  0.245352E+001  0.308446E+001
  0.245561E+001  0.308900E+001
  0.245770E+001  0.309354E+001
  0.245978E+001  0.309809E+001
  0.246186E+001  0.310263E+001
  0.246393E+001  0.310718E+001
  0.246600E+001  0.311174E+001
  0.246807E+001  0.311629E+001
  0.247013E+001  0.312085E+001
  0.247218E+001  0.312540E+001
  0.247423E+001  0.312996E+001
  0.247628E+001  0.313453E+001
  0.247832E+001  0.313909E+001
  0.248036E+001  0.314366E+001
  0.248239E+001  0.314822E+001
  0.248442E+001  0.315280E+001
  0.248644E+001  0.315737E+001
  0.248846E+001  0.316194E+001
  0.249047E+001  0.316652E+001
  0.249248E+001  0.317110E+001
  0.249449E+001  0.317568E+001
  0.249649E+001  0.318026E+001
  0.249848E+001  0.318484E+001
  0.250048E+001  0.318943E+001
