  0.151592E+001  0.133633E+000
  0.151585E+001  0.138633E+000
  0.151577E+001  0.143632E+000
  0.151568E+001  0.148632E+000
  0.151560E+001  0.153631E+000
  0.151551E+001  0.158630E+000
  0.151542E+001  0.163629E+000
  0.151533E+001  0.168628E+000
  0.151524E+001  0.173628E+000
  0.151515E+001  0.178627E+000
  0.151505E+001  0.183626E+000
  0.151495E+001  0.188625E+000
  0.151485E+001  0.193624E+000
  0.151475E+001  0.198623E+000
  0.151464E+001  0.203622E+000
  0.151454E+001  0.208620E+000
  0.151443E+001  0.213619E+000
  0.151432E+001  0.218618E+000
  0.151421E+001  0.223617E+000
  0.151410E+001  0.228616E+000
  0.151399E+001  0.233614E+000
  0.151387E+001  0.238613E+000
  0.151376E+001  0.243612E+000
  0.151364E+001  0.248610E+000
  0.151353E+001  0.253609E+000
  0.151341E+001  0.258608E+000
  0.151329E+001  0.263606E+000
  0.151317E+001  0.268605E+000
  0.151305E+001  0.273603E+000
  0.151293E+001  0.278602E+000
  0.151281E+001  0.283600E+000
  0.151268E+001  0.288599E+000
  0.151256E+001  0.293597E+000
  0.151244E+001  0.298596E+000
  0.151231E+001  0.303594E+000
  0.151219E+001  0.308593E+000
  0.151206E+001  0.313591E+000
  0.151194E+001  0.318590E+000
  0.151181E+001  0.323588E+000
  0.151169E+001  0.328587E+000
  0.151156E+001  0.333585E+000
  0.151144E+001  0.338583E+000
  0.151131E+001  0.343582E+000
  0.151118E+001  0.348580E+000
  0.151106E+001  0.353579E+000
  0.151093E+001  0.358577E+000
  0.151080E+001  0.363575E+000
  0.151066E+001  0.368573E+000
  0.151053E+001  0.373572E+000
  0.151038E+001  0.378570E+000
  0.151023E+001  0.383567E+000
  0.151007E+001  0.388564E+000
  0.150987E+001  0.393561E+000
  0.150962E+001  0.398554E+000
  0.150928E+001  0.403543E+000
  0.150879E+001  0.408518E+000
  0.150815E+001  0.413478E+000
  0.150742E+001  0.418425E+000
  0.150665E+001  0.423364E+000
  0.150585E+001  0.428300E+000
  0.150504E+001  0.433234E+000
  0.150423E+001  0.438168E+000
  0.150343E+001  0.443103E+000
  0.150262E+001  0.448038E+000
  0.150183E+001  0.452974E+000
  0.150104E+001  0.457911E+000
  0.150025E+001  0.462850E+000
  0.149948E+001  0.467789E+000
  0.149871E+001  0.472730E+000
  0.149795E+001  0.477672E+000
  0.149720E+001  0.482616E+000
  0.149646E+001  0.487560E+000
  0.149573E+001  0.492506E+000
  0.149500E+001  0.497454E+000
  0.149429E+001  0.502402E+000
  0.149358E+001  0.507352E+000
  0.149289E+001  0.512303E+000
  0.149220E+001  0.517256E+000
  0.149152E+001  0.522210E+000
  0.149086E+001  0.527165E+000
  0.149020E+001  0.532122E+000
  0.148955E+001  0.537079E+000
  0.148891E+001  0.542039E+000
  0.148828E+001  0.546999E+000
  0.148766E+001  0.551961E+000
  0.148706E+001  0.556923E+000
  0.148646E+001  0.561887E+000
  0.148587E+001  0.566853E+000
  0.148529E+001  0.571819E+000
  0.148472E+001  0.576787E+000
  0.148417E+001  0.581756E+000
  0.148362E+001  0.586726E+000
  0.148308E+001  0.591697E+000
  0.148256E+001  0.596669E+000
  0.148204E+001  0.601643E+000
  0.148154E+001  0.606617E+000
  0.148105E+001  0.611593E+000
  0.148057E+001  0.616570E+000
  0.148010E+001  0.621548E+000
  0.147964E+001  0.626526E+000
  0.147919E+001  0.631506E+000
  0.147875E+001  0.636487E+000
  0.147832E+001  0.641469E+000
  0.147791E+001  0.646452E+000
  0.147751E+001  0.651435E+000
  0.147712E+001  0.656420E+000
  0.147674E+001  0.661406E+000
  0.147637E+001  0.666392E+000
  0.147601E+001  0.671379E+000
  0.147567E+001  0.676368E+000
  0.147534E+001  0.681357E+000
  0.147502E+001  0.686346E+000
  0.147471E+001  0.691337E+000
  0.147441E+001  0.696328E+000
  0.147413E+001  0.701320E+000
  0.147386E+001  0.706313E+000
  0.147360E+001  0.711306E+000
  0.147335E+001  0.716300E+000
  0.147312E+001  0.721294E+000
  0.147290E+001  0.726290E+000
  0.147269E+001  0.731285E+000
  0.147250E+001  0.736282E+000
  0.147232E+001  0.741278E+000
  0.147215E+001  0.746275E+000
  0.147199E+001  0.751273E+000
  0.147185E+001  0.756271E+000
  0.147172E+001  0.761269E+000
  0.147161E+001  0.766268E+000
  0.147150E+001  0.771267E+000
  0.147142E+001  0.776266E+000
  0.147134E+001  0.781266E+000
  0.147128E+001  0.786265E+000
  0.147124E+001  0.791265E+000
  0.147120E+001  0.796265E+000
  0.147119E+001  0.801265E+000
  0.147118E+001  0.806265E+000
  0.147119E+001  0.811265E+000
  0.147122E+001  0.816265E+000
  0.147126E+001  0.821265E+000
  0.147131E+001  0.826264E+000
  0.147138E+001  0.831264E+000
  0.147146E+001  0.836263E+000
  0.147156E+001  0.841262E+000
  0.147168E+001  0.846261E+000
  0.147181E+001  0.851259E+000
  0.147195E+001  0.856257E+000
  0.147211E+001  0.861255E+000
  0.147228E+001  0.866252E+000
  0.147247E+001  0.871248E+000
  0.147268E+001  0.876244E+000
  0.147290E+001  0.881239E+000
  0.147314E+001  0.886233E+000
  0.147339E+001  0.891227E+000
  0.147366E+001  0.896219E+000
  0.147395E+001  0.901211E+000
  0.147425E+001  0.906202E+000
  0.147457E+001  0.911192E+000
  0.147491E+001  0.916181E+000
  0.147526E+001  0.921168E+000
  0.147563E+001  0.926155E+000
  0.147601E+001  0.931140E+000
  0.147641E+001  0.936124E+000
  0.147683E+001  0.941106E+000
  0.147727E+001  0.946087E+000
  0.147772E+001  0.951066E+000
  0.147819E+001  0.956044E+000
  0.147868E+001  0.961020E+000
  0.147918E+001  0.965995E+000
  0.147971E+001  0.970968E+000
  0.148025E+001  0.975938E+000
  0.148080E+001  0.980907E+000
  0.148138E+001  0.985874E+000
  0.148197E+001  0.990838E+000
  0.148258E+001  0.995801E+000
  0.148321E+001  0.100076E+001
  0.148386E+001  0.100572E+001
  0.148453E+001  0.101067E+001
  0.148521E+001  0.101563E+001
  0.148591E+001  0.102058E+001
  0.148663E+001  0.102553E+001
  0.148737E+001  0.103047E+001
  0.148813E+001  0.103541E+001
  0.148890E+001  0.104035E+001
  0.148970E+001  0.104529E+001
  0.149051E+001  0.105022E+001
  0.149134E+001  0.105515E+001
  0.149219E+001  0.106008E+001
  0.149306E+001  0.106500E+001
  0.149395E+001  0.106993E+001
  0.149485E+001  0.107484E+001
  0.149578E+001  0.107976E+001
  0.149672E+001  0.108467E+001
  0.149769E+001  0.108957E+001
  0.149867E+001  0.109448E+001
  0.149967E+001  0.109937E+001
  0.150069E+001  0.110427E+001
  0.150172E+001  0.110916E+001
  0.150278E+001  0.111405E+001
  0.150386E+001  0.111893E+001
  0.150495E+001  0.112381E+001
  0.150606E+001  0.112868E+001
  0.150719E+001  0.113355E+001
  0.150834E+001  0.113842E+001
  0.150951E+001  0.114328E+001
  0.151070E+001  0.114814E+001
  0.151190E+001  0.115299E+001
  0.151312E+001  0.115784E+001
  0.151436E+001  0.116268E+001
  0.151562E+001  0.116752E+001
  0.151690E+001  0.117236E+001
  0.151819E+001  0.117719E+001
  0.151950E+001  0.118201E+001
  0.152083E+001  0.118683E+001
  0.152218E+001  0.119165E+001
  0.152354E+001  0.119646E+001
  0.152492E+001  0.120126E+001
  0.152632E+001  0.120607E+001
  0.152773E+001  0.121086E+001
  0.152916E+001  0.121565E+001
  0.153061E+001  0.122044E+001
  0.153207E+001  0.122522E+001
  0.153355E+001  0.123000E+001
  0.153504E+001  0.123477E+001
  0.153655E+001  0.123954E+001
  0.153807E+001  0.124430E+001
  0.153961E+001  0.124906E+001
  0.154117E+001  0.125381E+001
  0.154273E+001  0.125856E+001
  0.154431E+001  0.126330E+001
  0.154591E+001  0.126804E+001
  0.154751E+001  0.127277E+001
  0.154913E+001  0.127750E+001
  0.155077E+001  0.128223E+001
  0.155241E+001  0.128695E+001
  0.155407E+001  0.129167E+001
  0.155574E+001  0.129638E+001
  0.155741E+001  0.130109E+001
  0.155910E+001  0.130580E+001
  0.156080E+001  0.131050E+001
  0.156251E+001  0.131520E+001
  0.156423E+001  0.131990E+001
  0.156595E+001  0.132459E+001
  0.156768E+001  0.132928E+001
  0.156942E+001  0.133397E+001
  0.157117E+001  0.133865E+001
  0.157292E+001  0.134334E+001
  0.157467E+001  0.134802E+001
  0.157643E+001  0.135270E+001
  0.157819E+001  0.135738E+001
  0.157995E+001  0.136206E+001
  0.158171E+001  0.136674E+001
  0.158348E+001  0.137142E+001
  0.158524E+001  0.137610E+001
  0.158699E+001  0.138078E+001
  0.158875E+001  0.138546E+001
  0.159050E+001  0.139015E+001
  0.159224E+001  0.139483E+001
  0.159398E+001  0.139952E+001
  0.159571E+001  0.140421E+001
  0.159743E+001  0.140890E+001
  0.159915E+001  0.141360E+001
  0.160086E+001  0.141830E+001
  0.160257E+001  0.142300E+001
  0.160428E+001  0.142770E+001
  0.160598E+001  0.143240E+001
  0.160767E+001  0.143710E+001
  0.160937E+001  0.144180E+001
  0.161107E+001  0.144651E+001
  0.161277E+001  0.145121E+001
  0.161447E+001  0.145591E+001
  0.161618E+001  0.146061E+001
  0.161790E+001  0.146530E+001
  0.161962E+001  0.147000E+001
  0.162136E+001  0.147469E+001
  0.162310E+001  0.147938E+001
  0.162485E+001  0.148406E+001
  0.162662E+001  0.148874E+001
  0.162839E+001  0.149341E+001
  0.163018E+001  0.149808E+001
  0.163199E+001  0.150274E+001
  0.163381E+001  0.150740E+001
  0.163564E+001  0.151205E+001
  0.163749E+001  0.151670E+001
  0.163935E+001  0.152134E+001
  0.164123E+001  0.152597E+001
  0.164313E+001  0.153060E+001
  0.164504E+001  0.153522E+001
  0.164696E+001  0.153983E+001
  0.164890E+001  0.154444E+001
  0.165086E+001  0.154904E+001
  0.165283E+001  0.155364E+001
  0.165481E+001  0.155823E+001
  0.165681E+001  0.156281E+001
  0.165882E+001  0.156739E+001
  0.166084E+001  0.157196E+001
  0.166287E+001  0.157653E+001
  0.166492E+001  0.158109E+001
  0.166697E+001  0.158565E+001
  0.166903E+001  0.159021E+001
  0.167110E+001  0.159476E+001
  0.167318E+001  0.159931E+001
  0.167527E+001  0.160385E+001
  0.167736E+001  0.160839E+001
  0.167946E+001  0.161293E+001
  0.168156E+001  0.161747E+001
  0.168367E+001  0.162200E+001
  0.168578E+001  0.162653E+001
  0.168790E+001  0.163106E+001
  0.169002E+001  0.163559E+001
  0.169214E+001  0.164012E+001
  0.169427E+001  0.164464E+001
  0.169639E+001  0.164917E+001
  0.169852E+001  0.165369E+001
  0.170065E+001  0.165821E+001
  0.170279E+001  0.166274E+001
  0.170492E+001  0.166726E+001
  0.170705E+001  0.167178E+001
  0.170919E+001  0.167630E+001
  0.171133E+001  0.168082E+001
  0.171346E+001  0.168534E+001
  0.171560E+001  0.168986E+001
  0.171774E+001  0.169438E+001
  0.171987E+001  0.169890E+001
  0.172201E+001  0.170342E+001
  0.172415E+001  0.170794E+001
  0.172629E+001  0.171246E+001
  0.172843E+001  0.171698E+001
  0.173056E+001  0.172150E+001
  0.173270E+001  0.172602E+001
  0.173484E+001  0.173054E+001
  0.173697E+001  0.173506E+001
  0.173911E+001  0.173958E+001
  0.174125E+001  0.174410E+001
  0.174338E+001  0.174863E+001
  0.174552E+001  0.175315E+001
  0.174766E+001  0.175767E+001
  0.174979E+001  0.176219E+001
  0.175193E+001  0.176671E+001
  0.175406E+001  0.177123E+001
  0.175620E+001  0.177575E+001
  0.175833E+001  0.178027E+001
  0.176047E+001  0.178479E+001
  0.176261E+001  0.178931E+001
  0.176474E+001  0.179383E+001
  0.176688E+001  0.179836E+001
  0.176901E+001  0.180288E+001
  0.177115E+001  0.180740E+001
  0.177328E+001  0.181192E+001
  0.177542E+001  0.181644E+001
  0.177755E+001  0.182096E+001
  0.177969E+001  0.182548E+001
  0.178183E+001  0.183000E+001
  0.178396E+001  0.183452E+001
  0.178610E+001  0.183904E+001
  0.178824E+001  0.184356E+001
  0.179037E+001  0.184808E+001
  0.179251E+001  0.185260E+001
  0.179465E+001  0.185712E+001
  0.179679E+001  0.186164E+001
  0.179893E+001  0.186616E+001
  0.180107E+001  0.187068E+001
  0.180321E+001  0.187520E+001
  0.180535E+001  0.187972E+001
  0.180750E+001  0.188423E+001
  0.180964E+001  0.188875E+001
  0.181179E+001  0.189327E+001
  0.181393E+001  0.189778E+001
  0.181608E+001  0.190230E+001
  0.181823E+001  0.190681E+001
  0.182038E+001  0.191133E+001
  0.182253E+001  0.191584E+001
  0.182468E+001  0.192035E+001
  0.182683E+001  0.192487E+001
  0.182899E+001  0.192938E+001
  0.183115E+001  0.193389E+001
  0.183330E+001  0.193840E+001
  0.183547E+001  0.194291E+001
  0.183763E+001  0.194742E+001
  0.183979E+001  0.195192E+001
  0.184196E+001  0.195643E+001
  0.184413E+001  0.196094E+001
  0.184630E+001  0.196544E+001
  0.184847E+001  0.196994E+001
  0.185065E+001  0.197444E+001
  0.185282E+001  0.197894E+001
  0.185501E+001  0.198344E+001
  0.185719E+001  0.198794E+001
  0.185938E+001  0.199244E+001
  0.186157E+001  0.199693E+001
  0.186376E+001  0.200143E+001
  0.186596E+001  0.200592E+001
  0.186816E+001  0.201041E+001
  0.187036E+001  0.201490E+001
  0.187257E+001  0.201938E+001
  0.187478E+001  0.202387E+001
  0.187700E+001  0.202835E+001
  0.187922E+001  0.203283E+001
  0.188144E+001  0.203731E+001
  0.188367E+001  0.204178E+001
  0.188590E+001  0.204626E+001
  0.188814E+001  0.205073E+001
  0.189038E+001  0.205520E+001
  0.189263E+001  0.205966E+001
  0.189488E+001  0.206413E+001
  0.189714E+001  0.206859E+001
  0.189941E+001  0.207304E+001
  0.190168E+001  0.207750E+001
  0.190395E+001  0.208195E+001
  0.190624E+001  0.208640E+001
  0.190852E+001  0.209085E+001
  0.191082E+001  0.209529E+001
  0.191312E+001  0.209973E+001
  0.191542E+001  0.210416E+001
  0.191774E+001  0.210860E+001
  0.192006E+001  0.211303E+001
  0.192238E+001  0.211745E+001
  0.192471E+001  0.212188E+001
  0.192705E+001  0.212629E+001
  0.192940E+001  0.213071E+001
  0.193175E+001  0.213512E+001
  0.193411E+001  0.213953E+001
  0.193648E+001  0.214394E+001
  0.193885E+001  0.214834E+001
  0.194123E+001  0.215274E+001
  0.194361E+001  0.215713E+001
  0.194600E+001  0.216152E+001
  0.194840E+001  0.216591E+001
  0.195080E+001  0.217029E+001
  0.195321E+001  0.217468E+001
  0.195563E+001  0.217905E+001
  0.195805E+001  0.218343E+001
  0.196047E+001  0.218780E+001
  0.196290E+001  0.219217E+001
  0.196534E+001  0.219654E+001
  0.196778E+001  0.220090E+001
  0.197023E+001  0.220526E+001
  0.197268E+001  0.220962E+001
  0.197514E+001  0.221397E+001
  0.197760E+001  0.221832E+001
  0.198007E+001  0.222267E+001
  0.198253E+001  0.222702E+001
  0.198501E+001  0.223137E+001
  0.198749E+001  0.223571E+001
  0.198997E+001  0.224005E+001
  0.199245E+001  0.224439E+001
  0.199494E+001  0.224873E+001
  0.199743E+001  0.225306E+001
  0.199993E+001  0.225739E+001
  0.200243E+001  0.226172E+001
  0.200493E+001  0.226605E+001
  0.200743E+001  0.227038E+001
  0.200994E+001  0.227471E+001
  0.201245E+001  0.227903E+001
  0.201496E+001  0.228335E+001
  0.201748E+001  0.228768E+001
  0.201999E+001  0.229200E+001
  0.202251E+001  0.229632E+001
  0.202503E+001  0.230063E+001
  0.202756E+001  0.230495E+001
  0.203008E+001  0.230926E+001
  0.203261E+001  0.231358E+001
  0.203514E+001  0.231789E+001
  0.203767E+001  0.232220E+001
  0.204020E+001  0.232652E+001
  0.204274E+001  0.233083E+001
  0.204527E+001  0.233513E+001
  0.204781E+001  0.233944E+001
  0.205035E+001  0.234375E+001
  0.205289E+001  0.234806E+001
  0.205543E+001  0.235236E+001
  0.205798E+001  0.235667E+001
  0.206052E+001  0.236097E+001
  0.206306E+001  0.236528E+001
  0.206561E+001  0.236958E+001
  0.206816E+001  0.237388E+001
  0.207071E+001  0.237818E+001
  0.207326E+001  0.238248E+001
  0.207581E+001  0.238679E+001
  0.207836E+001  0.239109E+001
  0.208091E+001  0.239538E+001
  0.208346E+001  0.239968E+001
  0.208602E+001  0.240398E+001
  0.208857E+001  0.240828E+001
  0.209113E+001  0.241258E+001
  0.209368E+001  0.241687E+001
  0.209624E+001  0.242117E+001
  0.209880E+001  0.242547E+001
  0.210136E+001  0.242976E+001
  0.210392E+001  0.243406E+001
  0.210648E+001  0.243835E+001
  0.210905E+001  0.244264E+001
  0.211161E+001  0.244694E+001
  0.211418E+001  0.245123E+001
  0.211674E+001  0.245552E+001
  0.211931E+001  0.245981E+001
  0.212188E+001  0.246410E+001
  0.212445E+001  0.246839E+001
  0.212702E+001  0.247267E+001
  0.212960E+001  0.247696E+001
  0.213217E+001  0.248125E+001
  0.213475E+001  0.248553E+001
  0.213733E+001  0.248981E+001
  0.213992E+001  0.249409E+001
  0.214251E+001  0.249837E+001
  0.214510E+001  0.250265E+001
  0.214769E+001  0.250692E+001
  0.215029E+001  0.251119E+001
  0.215290E+001  0.251546E+001
  0.215550E+001  0.251972E+001
  0.215812E+001  0.252399E+001
  0.216074E+001  0.252824E+001
  0.216337E+001  0.253250E+001
  0.216600E+001  0.253675E+001
  0.216865E+001  0.254099E+001
  0.217130E+001  0.254523E+001
  0.217396E+001  0.254947E+001
  0.217663E+001  0.255369E+001
  0.217931E+001  0.255791E+001
  0.218200E+001  0.256213E+001
  0.218470E+001  0.256634E+001
  0.218741E+001  0.257054E+001
  0.219013E+001  0.257473E+001
  0.219286E+001  0.257892E+001
  0.219561E+001  0.258310E+001
  0.219836E+001  0.258727E+001
  0.220113E+001  0.259144E+001
  0.220390E+001  0.259560E+001
  0.220669E+001  0.259975E+001
  0.220948E+001  0.260389E+001
  0.221229E+001  0.260803E+001
  0.221510E+001  0.261217E+001
  0.221792E+001  0.261630E+001
  0.222075E+001  0.262042E+001
  0.222358E+001  0.262454E+001
  0.222642E+001  0.262865E+001
  0.222927E+001  0.263276E+001
  0.223212E+001  0.263687E+001
  0.223498E+001  0.264097E+001
  0.223785E+001  0.264507E+001
  0.224072E+001  0.264916E+001
  0.224360E+001  0.265325E+001
  0.224648E+001  0.265734E+001
  0.224936E+001  0.266142E+001
  0.225225E+001  0.266550E+001
  0.225514E+001  0.266958E+001
  0.225804E+001  0.267366E+001
  0.226094E+001  0.267773E+001
  0.226384E+001  0.268180E+001
  0.226675E+001  0.268587E+001
  0.226966E+001  0.268993E+001
  0.227258E+001  0.269400E+001
  0.227549E+001  0.269806E+001
  0.227841E+001  0.270212E+001
  0.228134E+001  0.270617E+001
  0.228426E+001  0.271023E+001
  0.228719E+001  0.271428E+001
  0.229012E+001  0.271833E+001
  0.229305E+001  0.272238E+001
  0.229598E+001  0.272643E+001
  0.229892E+001  0.273048E+001
  0.230186E+001  0.273452E+001
  0.230480E+001  0.273857E+001
  0.230774E+001  0.274261E+001
  0.231069E+001  0.274665E+001
  0.231364E+001  0.275069E+001
  0.231658E+001  0.275473E+001
  0.231954E+001  0.275876E+001
  0.232249E+001  0.276280E+001
  0.232544E+001  0.276683E+001
  0.232840E+001  0.277087E+001
  0.233135E+001  0.277490E+001
  0.233431E+001  0.277893E+001
  0.233727E+001  0.278296E+001
  0.234023E+001  0.278699E+001
  0.234319E+001  0.279102E+001
  0.234616E+001  0.279504E+001
  0.234912E+001  0.279907E+001
  0.235209E+001  0.280310E+001
  0.235505E+001  0.280712E+001
  0.235802E+001  0.281114E+001
  0.236099E+001  0.281517E+001
  0.236396E+001  0.281919E+001
  0.236693E+001  0.282321E+001
  0.236991E+001  0.282723E+001
  0.237288E+001  0.283125E+001
  0.237585E+001  0.283527E+001
  0.237883E+001  0.283929E+001
  0.238181E+001  0.284331E+001
  0.238478E+001  0.284732E+001
  0.238776E+001  0.285134E+001
  0.239074E+001  0.285536E+001
  0.239372E+001  0.285937E+001
  0.239670E+001  0.286339E+001
  0.239968E+001  0.286740E+001
  0.240266E+001  0.287142E+001
  0.240564E+001  0.287543E+001
  0.240862E+001  0.287944E+001
  0.241161E+001  0.288345E+001
  0.241459E+001  0.288747E+001
  0.241757E+001  0.289148E+001
  0.242056E+001  0.289549E+001
  0.242354E+001  0.289950E+001
  0.242653E+001  0.290351E+001
  0.242951E+001  0.290752E+001
  0.243250E+001  0.291153E+001
  0.243549E+001  0.291554E+001
  0.243847E+001  0.291955E+001
  0.244146E+001  0.292356E+001
  0.244445E+001  0.292757E+001
  0.244743E+001  0.293158E+001
  0.245042E+001  0.293559E+001
  0.245341E+001  0.293960E+001
  0.245640E+001  0.294361E+001
  0.245939E+001  0.294762E+001
  0.246237E+001  0.295163E+001
  0.246536E+001  0.295564E+001
  0.246835E+001  0.295965E+001
  0.247134E+001  0.296365E+001
  0.247433E+001  0.296766E+001
  0.247732E+001  0.297167E+001
  0.248030E+001  0.297568E+001
  0.248329E+001  0.297969E+001
  0.248628E+001  0.298370E+001
  0.248927E+001  0.298771E+001
  0.249226E+001  0.299172E+001
  0.249525E+001  0.299572E+001
  0.249823E+001  0.299973E+001
  0.250122E+001  0.300374E+001
