  0.100000E-003  0.813477E-003
  0.100000E-003  0.662305E-002
  0.100000E-003  0.821094E-002
  0.109950E-002  0.143750E-002
  0.109950E-002  0.182988E-001
  0.209900E-002  0.329102E-003
  0.209900E-002  0.433398E-002
  0.209900E-002  0.312051E-001
  0.309850E-002  0.183594E-003
  0.309850E-002  0.639844E-002
  0.309850E-002  0.195508E-001
  0.309850E-002  0.416875E-001
  0.409800E-002  0.120117E-003
  0.409800E-002  0.513379E-002
  0.409800E-002  0.846191E-002
  0.409800E-002  0.507363E-001
  0.509750E-002  0.869141E-004
  0.509750E-002  0.638574E-002
  0.509750E-002  0.105254E-001
  0.509750E-002  0.321641E-001
  0.509750E-002  0.588662E-001
  0.609700E-002  0.664063E-004
  0.609700E-002  0.763770E-002
  0.609700E-002  0.125898E-001
  0.609700E-002  0.384717E-001
  0.609700E-002  0.663652E-001
  0.709650E-002  0.527344E-004
  0.709650E-002  0.888965E-002
  0.709650E-002  0.146533E-001
  0.709650E-002  0.447783E-001
  0.709650E-002  0.733994E-001
  0.809600E-002  0.439453E-004
  0.809600E-002  0.101416E-001
  0.809600E-002  0.167168E-001
  0.809600E-002  0.510850E-001
  0.809600E-002  0.800781E-001
  0.909550E-002  0.371094E-004
  0.909550E-002  0.113945E-001
  0.909550E-002  0.187813E-001
  0.909550E-002  0.573916E-001
  0.909550E-002  0.864756E-001
  0.100950E-001  0.312500E-004
  0.100950E-001  0.126465E-001
  0.100950E-001  0.208447E-001
  0.100950E-001  0.636992E-001
  0.100950E-001  0.926406E-001
  0.110945E-001  0.273438E-004
  0.110945E-001  0.138994E-001
  0.110945E-001  0.229082E-001
  0.110945E-001  0.700059E-001
  0.110945E-001  0.986104E-001
  0.120940E-001  0.244141E-004
  0.120940E-001  0.151514E-001
  0.120940E-001  0.249727E-001
  0.120940E-001  0.763135E-001
  0.120940E-001  0.104414E+000
  0.130935E-001  0.214844E-004
  0.130935E-001  0.164043E-001
  0.130935E-001  0.270361E-001
  0.130935E-001  0.110071E+000
  0.140930E-001  0.195313E-004
  0.140930E-001  0.176572E-001
  0.140930E-001  0.291006E-001
  0.140930E-001  0.426895E-001
  0.140930E-001  0.889277E-001
  0.140930E-001  0.115599E+000
  0.150925E-001  0.175781E-004
  0.150925E-001  0.189102E-001
  0.150925E-001  0.311641E-001
  0.150925E-001  0.457168E-001
  0.150925E-001  0.121011E+000
  0.160920E-001  0.156250E-004
  0.160920E-001  0.201631E-001
  0.160920E-001  0.332275E-001
  0.160920E-001  0.487441E-001
  0.160920E-001  0.101544E+000
  0.160920E-001  0.126316E+000
  0.170915E-001  0.146484E-004
  0.170915E-001  0.214160E-001
  0.170915E-001  0.352920E-001
  0.170915E-001  0.517715E-001
  0.170915E-001  0.107852E+000
  0.170915E-001  0.131527E+000
  0.180910E-001  0.136719E-004
  0.180910E-001  0.226689E-001
  0.180910E-001  0.373555E-001
  0.180910E-001  0.547998E-001
  0.180910E-001  0.136649E+000
  0.190905E-001  0.126953E-004
  0.190905E-001  0.239229E-001
  0.190905E-001  0.394189E-001
  0.190905E-001  0.578271E-001
  0.190905E-001  0.141690E+000
  0.200900E-001  0.117188E-004
  0.200900E-001  0.251768E-001
  0.200900E-001  0.414834E-001
  0.200900E-001  0.608545E-001
  0.200900E-001  0.126774E+000
  0.200900E-001  0.146657E+000
  0.210895E-001  0.107422E-004
  0.210895E-001  0.264307E-001
  0.210895E-001  0.435469E-001
  0.210895E-001  0.638828E-001
  0.210895E-001  0.151554E+000
  0.220890E-001  0.976563E-005
  0.220890E-001  0.276846E-001
  0.220890E-001  0.456104E-001
  0.220890E-001  0.669102E-001
  0.220890E-001  0.156389E+000
  0.230885E-001  0.976563E-005
  0.230885E-001  0.289385E-001
  0.230885E-001  0.476748E-001
  0.230885E-001  0.699375E-001
  0.230885E-001  0.161167E+000
  0.240880E-001  0.878906E-005
  0.240880E-001  0.301924E-001
  0.240880E-001  0.497383E-001
  0.240880E-001  0.729648E-001
  0.240880E-001  0.165895E+000
  0.250875E-001  0.878906E-005
  0.250875E-001  0.314473E-001
  0.250875E-001  0.518027E-001
  0.250875E-001  0.759932E-001
  0.250875E-001  0.170581E+000
  0.260870E-001  0.781250E-005
  0.260870E-001  0.327021E-001
  0.260870E-001  0.538662E-001
  0.260870E-001  0.790205E-001
  0.260870E-001  0.175237E+000
  0.270865E-001  0.390625E-005
  0.270865E-001  0.339570E-001
  0.270865E-001  0.559297E-001
  0.270865E-001  0.820479E-001
  0.270865E-001  0.179879E+000
  0.280860E-001  0.390625E-005
  0.280860E-001  0.352129E-001
  0.280860E-001  0.579941E-001
  0.280860E-001  0.850762E-001
  0.280860E-001  0.184530E+000
  0.290855E-001  0.292969E-005
  0.290855E-001  0.364678E-001
  0.290855E-001  0.600576E-001
  0.290855E-001  0.881035E-001
  0.290855E-001  0.183042E+000
  0.290855E-001  0.189232E+000
  0.300850E-001  0.292969E-005
  0.300850E-001  0.377236E-001
  0.300850E-001  0.621211E-001
  0.300850E-001  0.911309E-001
  0.300850E-001  0.188836E+000
  0.300850E-001  0.194058E+000
  0.310845E-001  0.292969E-005
  0.310845E-001  0.389795E-001
  0.310845E-001  0.641855E-001
  0.310845E-001  0.194298E+000
  0.310845E-001  0.199119E+000
  0.320840E-001  0.585938E-005
  0.320840E-001  0.402363E-001
  0.320840E-001  0.662490E-001
  0.320840E-001  0.199270E+000
  0.320840E-001  0.204533E+000
  0.330835E-001  0.585938E-005
  0.330835E-001  0.414922E-001
  0.330835E-001  0.683125E-001
  0.330835E-001  0.203797E+000
  0.330835E-001  0.210301E+000
  0.340830E-001  0.585938E-005
  0.340830E-001  0.427490E-001
  0.340830E-001  0.703770E-001
  0.340830E-001  0.208064E+000
  0.340830E-001  0.216312E+000
  0.350825E-001  0.585938E-005
  0.350825E-001  0.440068E-001
  0.350825E-001  0.724404E-001
  0.350825E-001  0.212195E+000
  0.350825E-001  0.222459E+000
  0.360820E-001  0.488281E-005
  0.360820E-001  0.452637E-001
  0.360820E-001  0.745049E-001
  0.360820E-001  0.216242E+000
  0.360820E-001  0.228680E+000
  0.370815E-001  0.488281E-005
  0.370815E-001  0.465225E-001
  0.370815E-001  0.765684E-001
  0.370815E-001  0.220229E+000
  0.370815E-001  0.234942E+000
  0.380810E-001  0.488281E-005
  0.380810E-001  0.477803E-001
  0.380810E-001  0.786318E-001
  0.380810E-001  0.224164E+000
  0.380810E-001  0.241231E+000
  0.390805E-001  0.488281E-005
  0.390805E-001  0.393760E-001
  0.390805E-001  0.490391E-001
  0.390805E-001  0.806963E-001
  0.390805E-001  0.228055E+000
  0.390805E-001  0.247536E+000
  0.400800E-001  0.488281E-005
  0.400800E-001  0.403828E-001
  0.400800E-001  0.502979E-001
  0.400800E-001  0.827598E-001
  0.400800E-001  0.231905E+000
  0.400800E-001  0.253854E+000
  0.410795E-001  0.488281E-005
  0.410795E-001  0.413896E-001
  0.410795E-001  0.515566E-001
  0.410795E-001  0.848232E-001
  0.410795E-001  0.235719E+000
  0.410795E-001  0.260179E+000
  0.420790E-001  0.390625E-005
  0.420790E-001  0.423965E-001
  0.420790E-001  0.528164E-001
  0.420790E-001  0.868877E-001
  0.420790E-001  0.239496E+000
  0.420790E-001  0.266510E+000
  0.430785E-001  0.390625E-005
  0.430785E-001  0.434033E-001
  0.430785E-001  0.540762E-001
  0.430785E-001  0.889512E-001
  0.430785E-001  0.243240E+000
  0.430785E-001  0.272846E+000
  0.440780E-001  0.390625E-005
  0.440780E-001  0.444111E-001
  0.440780E-001  0.553369E-001
  0.440780E-001  0.910156E-001
  0.440780E-001  0.246950E+000
  0.440780E-001  0.279185E+000
  0.450775E-001  0.195313E-005
  0.450775E-001  0.454180E-001
  0.450775E-001  0.565977E-001
  0.450775E-001  0.930791E-001
  0.450775E-001  0.250629E+000
  0.450775E-001  0.285526E+000
  0.460770E-001  0.195313E-005
  0.460770E-001  0.464248E-001
  0.460770E-001  0.578594E-001
  0.460770E-001  0.951426E-001
  0.460770E-001  0.254277E+000
  0.460770E-001  0.291870E+000
  0.470765E-001  0.195313E-005
  0.470765E-001  0.474316E-001
  0.470765E-001  0.591211E-001
  0.470765E-001  0.972070E-001
  0.470765E-001  0.257896E+000
  0.470765E-001  0.298214E+000
  0.480760E-001  0.195313E-005
  0.480760E-001  0.484395E-001
  0.480760E-001  0.603828E-001
  0.480760E-001  0.992705E-001
  0.480760E-001  0.261486E+000
  0.480760E-001  0.304560E+000
  0.490755E-001  0.195313E-005
  0.490755E-001  0.494463E-001
  0.490755E-001  0.616455E-001
  0.490755E-001  0.101334E+000
  0.490755E-001  0.265049E+000
  0.490755E-001  0.310903E+000
  0.500750E-001  0.195313E-005
  0.500750E-001  0.504531E-001
  0.500750E-001  0.629082E-001
  0.500750E-001  0.103398E+000
  0.500750E-001  0.268584E+000
  0.500750E-001  0.317248E+000
  0.510745E-001  0.195313E-005
  0.510745E-001  0.514600E-001
  0.510745E-001  0.641719E-001
  0.510745E-001  0.105462E+000
  0.510745E-001  0.272093E+000
  0.510745E-001  0.323590E+000
  0.520740E-001  0.292969E-005
  0.520740E-001  0.524668E-001
  0.520740E-001  0.654365E-001
  0.520740E-001  0.107525E+000
  0.520740E-001  0.275575E+000
  0.520740E-001  0.329931E+000
  0.530735E-001  0.292969E-005
  0.530735E-001  0.534746E-001
  0.530735E-001  0.667012E-001
  0.530735E-001  0.109590E+000
  0.530735E-001  0.279034E+000
  0.530735E-001  0.336269E+000
  0.540730E-001  0.292969E-005
  0.540730E-001  0.544814E-001
  0.540730E-001  0.679658E-001
  0.540730E-001  0.111653E+000
  0.540730E-001  0.282468E+000
  0.540730E-001  0.342604E+000
  0.550725E-001  0.292969E-005
  0.550725E-001  0.554883E-001
  0.550725E-001  0.692314E-001
  0.550725E-001  0.113718E+000
  0.550725E-001  0.285879E+000
  0.550725E-001  0.348936E+000
  0.560720E-001  0.292969E-005
  0.560720E-001  0.564951E-001
  0.560720E-001  0.704980E-001
  0.560720E-001  0.115781E+000
  0.560720E-001  0.289267E+000
  0.560720E-001  0.355263E+000
  0.570715E-001  0.292969E-005
  0.570715E-001  0.575029E-001
  0.570715E-001  0.717646E-001
  0.570715E-001  0.117845E+000
  0.570715E-001  0.292632E+000
  0.570715E-001  0.361586E+000
  0.580710E-001  0.292969E-005
  0.580710E-001  0.585098E-001
  0.580710E-001  0.730322E-001
  0.580710E-001  0.119909E+000
  0.580710E-001  0.295976E+000
  0.580710E-001  0.367903E+000
  0.590705E-001  0.292969E-005
  0.590705E-001  0.595166E-001
  0.590705E-001  0.743008E-001
  0.590705E-001  0.121973E+000
  0.590705E-001  0.299298E+000
  0.590705E-001  0.374215E+000
  0.600700E-001  0.292969E-005
  0.600700E-001  0.605234E-001
  0.600700E-001  0.755693E-001
  0.600700E-001  0.124036E+000
  0.600700E-001  0.302600E+000
  0.600700E-001  0.380521E+000
  0.610695E-001  0.292969E-005
  0.610695E-001  0.615303E-001
  0.610695E-001  0.768379E-001
  0.610695E-001  0.126101E+000
  0.610695E-001  0.305882E+000
  0.610695E-001  0.386819E+000
  0.620690E-001  0.292969E-005
  0.620690E-001  0.625381E-001
  0.620690E-001  0.781084E-001
  0.620690E-001  0.128164E+000
  0.620690E-001  0.309144E+000
  0.620690E-001  0.393112E+000
  0.630685E-001  0.292969E-005
  0.630685E-001  0.635449E-001
  0.630685E-001  0.793789E-001
  0.630685E-001  0.130228E+000
  0.630685E-001  0.312387E+000
  0.630685E-001  0.399396E+000
  0.640680E-001  0.292969E-005
  0.640680E-001  0.645518E-001
  0.640680E-001  0.806504E-001
  0.640680E-001  0.132292E+000
  0.640680E-001  0.315610E+000
  0.640680E-001  0.405674E+000
  0.650675E-001  0.292969E-005
  0.650675E-001  0.655586E-001
  0.650675E-001  0.819219E-001
  0.650675E-001  0.134355E+000
  0.650675E-001  0.318817E+000
  0.650675E-001  0.411942E+000
  0.660670E-001  0.292969E-005
  0.660670E-001  0.665654E-001
  0.660670E-001  0.831943E-001
  0.660670E-001  0.136420E+000
  0.660670E-001  0.322005E+000
  0.660670E-001  0.418204E+000
  0.670665E-001  0.292969E-005
  0.670665E-001  0.675732E-001
  0.670665E-001  0.844678E-001
  0.670665E-001  0.138483E+000
  0.670665E-001  0.325176E+000
  0.670665E-001  0.424456E+000
  0.680660E-001  0.292969E-005
  0.680660E-001  0.685801E-001
  0.680660E-001  0.857422E-001
  0.680660E-001  0.140547E+000
  0.680660E-001  0.328330E+000
  0.680660E-001  0.430701E+000
  0.690655E-001  0.292969E-005
  0.690655E-001  0.695869E-001
  0.690655E-001  0.870166E-001
  0.690655E-001  0.142611E+000
  0.690655E-001  0.331468E+000
  0.690655E-001  0.436938E+000
  0.700650E-001  0.292969E-005
  0.700650E-001  0.705938E-001
  0.700650E-001  0.882930E-001
  0.700650E-001  0.144675E+000
  0.700650E-001  0.334590E+000
  0.700650E-001  0.443167E+000
  0.710645E-001  0.292969E-005
  0.710645E-001  0.716016E-001
  0.710645E-001  0.895693E-001
  0.710645E-001  0.146738E+000
  0.710645E-001  0.337695E+000
  0.710645E-001  0.449390E+000
  0.720640E-001  0.292969E-005
  0.720640E-001  0.726084E-001
  0.720640E-001  0.908467E-001
  0.720640E-001  0.148803E+000
  0.720640E-001  0.340785E+000
  0.720640E-001  0.455605E+000
  0.730635E-001  0.292969E-005
  0.730635E-001  0.736152E-001
  0.730635E-001  0.921250E-001
  0.730635E-001  0.150866E+000
  0.730635E-001  0.343861E+000
  0.730635E-001  0.461815E+000
  0.740630E-001  0.292969E-005
  0.740630E-001  0.746221E-001
  0.740630E-001  0.934033E-001
  0.740630E-001  0.152930E+000
  0.740630E-001  0.346922E+000
  0.740630E-001  0.468021E+000
  0.750625E-001  0.292969E-005
  0.750625E-001  0.756289E-001
  0.750625E-001  0.946836E-001
  0.750625E-001  0.154994E+000
  0.750625E-001  0.349968E+000
  0.750625E-001  0.474225E+000
  0.760620E-001  0.292969E-005
  0.760620E-001  0.766367E-001
  0.760620E-001  0.959648E-001
  0.760620E-001  0.157058E+000
  0.760620E-001  0.353000E+000
  0.760620E-001  0.480426E+000
  0.770615E-001  0.292969E-005
  0.770615E-001  0.776436E-001
  0.770615E-001  0.972461E-001
  0.770615E-001  0.159122E+000
  0.770615E-001  0.356020E+000
  0.770615E-001  0.486629E+000
  0.780610E-001  0.292969E-005
  0.780610E-001  0.786504E-001
  0.780610E-001  0.985293E-001
  0.780610E-001  0.161186E+000
  0.780610E-001  0.359024E+000
  0.780610E-001  0.492836E+000
  0.790605E-001  0.292969E-005
  0.790605E-001  0.796572E-001
  0.790605E-001  0.998125E-001
  0.790605E-001  0.163249E+000
  0.790605E-001  0.362017E+000
  0.790605E-001  0.499050E+000
  0.800600E-001  0.292969E-005
  0.800600E-001  0.806641E-001
  0.800600E-001  0.101098E+000
  0.800600E-001  0.165313E+000
  0.800600E-001  0.505275E+000
  0.810595E-001  0.292969E-005
  0.810595E-001  0.816719E-001
  0.810595E-001  0.102383E+000
  0.810595E-001  0.167377E+000
  0.810595E-001  0.511518E+000
  0.820590E-001  0.292969E-005
  0.820590E-001  0.826787E-001
  0.820590E-001  0.103670E+000
  0.820590E-001  0.169440E+000
  0.820590E-001  0.517783E+000
  0.830585E-001  0.292969E-005
  0.830585E-001  0.836855E-001
  0.830585E-001  0.104958E+000
  0.830585E-001  0.171505E+000
  0.830585E-001  0.524078E+000
  0.840580E-001  0.292969E-005
  0.840580E-001  0.846924E-001
  0.840580E-001  0.106246E+000
  0.840580E-001  0.173568E+000
  0.840580E-001  0.530385E+000
  0.850575E-001  0.292969E-005
  0.850575E-001  0.857002E-001
  0.850575E-001  0.107536E+000
  0.850575E-001  0.175632E+000
  0.850575E-001  0.536691E+000
  0.860570E-001  0.292969E-005
  0.860570E-001  0.867070E-001
  0.860570E-001  0.108828E+000
  0.860570E-001  0.177696E+000
  0.860570E-001  0.542998E+000
  0.870565E-001  0.292969E-005
  0.870565E-001  0.877139E-001
  0.870565E-001  0.110120E+000
  0.870565E-001  0.179760E+000
  0.870565E-001  0.549305E+000
  0.880560E-001  0.292969E-005
  0.880560E-001  0.887207E-001
  0.880560E-001  0.111414E+000
  0.880560E-001  0.181824E+000
  0.880560E-001  0.555611E+000
  0.890555E-001  0.292969E-005
  0.890555E-001  0.897275E-001
  0.890555E-001  0.112709E+000
  0.890555E-001  0.183888E+000
  0.890555E-001  0.561918E+000
  0.900550E-001  0.292969E-005
  0.900550E-001  0.907354E-001
  0.900550E-001  0.114005E+000
  0.900550E-001  0.185951E+000
  0.900550E-001  0.568225E+000
  0.910545E-001  0.292969E-005
  0.910545E-001  0.917422E-001
  0.910545E-001  0.115302E+000
  0.910545E-001  0.188016E+000
  0.920540E-001  0.390625E-005
  0.920540E-001  0.927490E-001
  0.920540E-001  0.116601E+000
  0.920540E-001  0.190079E+000
  0.930535E-001  0.390625E-005
  0.930535E-001  0.937559E-001
  0.930535E-001  0.117900E+000
  0.930535E-001  0.192143E+000
  0.940530E-001  0.390625E-005
  0.940530E-001  0.947637E-001
  0.940530E-001  0.119202E+000
  0.940530E-001  0.194207E+000
  0.950525E-001  0.488281E-005
  0.950525E-001  0.957705E-001
  0.950525E-001  0.120505E+000
  0.950525E-001  0.196271E+000
  0.960520E-001  0.585938E-005
  0.960520E-001  0.967773E-001
  0.960520E-001  0.121810E+000
  0.960520E-001  0.198334E+000
  0.970515E-001  0.878906E-005
  0.970515E-001  0.977842E-001
  0.970515E-001  0.123115E+000
  0.970515E-001  0.200398E+000
  0.980510E-001  0.136719E-004
  0.980510E-001  0.848730E-002
  0.980510E-001  0.987910E-001
  0.980510E-001  0.124423E+000
  0.980510E-001  0.202462E+000
  0.990505E-001  0.683594E-005
  0.990505E-001  0.189395E-001
  0.990505E-001  0.997988E-001
  0.990505E-001  0.125732E+000
  0.990505E-001  0.204526E+000
  0.100050E+000  0.488281E-005
  0.100050E+000  0.254727E-001
  0.100050E+000  0.100806E+000
  0.100050E+000  0.127043E+000
  0.100050E+000  0.206590E+000
  0.101050E+000  0.390625E-005
  0.101050E+000  0.307002E-001
  0.101050E+000  0.101813E+000
  0.101050E+000  0.128355E+000
  0.101050E+000  0.208653E+000
  0.102049E+000  0.390625E-005
  0.102049E+000  0.352080E-001
  0.102049E+000  0.102819E+000
  0.102049E+000  0.129669E+000
  0.102049E+000  0.210718E+000
  0.103049E+000  0.292969E-005
  0.103049E+000  0.392441E-001
  0.103049E+000  0.103826E+000
  0.103049E+000  0.130985E+000
  0.103049E+000  0.212781E+000
  0.104048E+000  0.292969E-005
  0.104048E+000  0.429434E-001
  0.104048E+000  0.104834E+000
  0.104048E+000  0.132303E+000
  0.104048E+000  0.214845E+000
  0.105048E+000  0.292969E-005
  0.105048E+000  0.463848E-001
  0.105048E+000  0.105841E+000
  0.105048E+000  0.133622E+000
  0.105048E+000  0.216909E+000
  0.106047E+000  0.292969E-005
  0.106047E+000  0.496221E-001
  0.106047E+000  0.106848E+000
  0.106047E+000  0.134943E+000
  0.106047E+000  0.218973E+000
  0.107047E+000  0.292969E-005
  0.107047E+000  0.526943E-001
  0.107047E+000  0.107854E+000
  0.107047E+000  0.136267E+000
  0.107047E+000  0.221036E+000
  0.108046E+000  0.195313E-005
  0.108046E+000  0.556270E-001
  0.108046E+000  0.108862E+000
  0.108046E+000  0.137593E+000
  0.108046E+000  0.223101E+000
  0.109046E+000  0.195313E-005
  0.109046E+000  0.584414E-001
  0.109046E+000  0.109869E+000
  0.109046E+000  0.138920E+000
  0.109046E+000  0.225164E+000
  0.110045E+000  0.195313E-005
  0.110045E+000  0.611543E-001
  0.110045E+000  0.110876E+000
  0.110045E+000  0.140250E+000
  0.110045E+000  0.227229E+000
  0.111045E+000  0.195313E-005
  0.111045E+000  0.637793E-001
  0.111045E+000  0.111883E+000
  0.111045E+000  0.141581E+000
  0.111045E+000  0.229292E+000
  0.112044E+000  0.195313E-005
  0.112044E+000  0.663252E-001
  0.112044E+000  0.112890E+000
  0.112044E+000  0.142915E+000
  0.112044E+000  0.231355E+000
  0.113044E+000  0.195313E-005
  0.113044E+000  0.688018E-001
  0.113044E+000  0.113897E+000
  0.113044E+000  0.144252E+000
  0.113044E+000  0.233420E+000
  0.114043E+000  0.195313E-005
  0.114043E+000  0.712148E-001
  0.114043E+000  0.114904E+000
  0.114043E+000  0.145591E+000
  0.114043E+000  0.235483E+000
  0.115043E+000  0.195313E-005
  0.115043E+000  0.735732E-001
  0.115043E+000  0.115911E+000
  0.115043E+000  0.146932E+000
  0.115043E+000  0.237547E+000
  0.116042E+000  0.195313E-005
  0.116042E+000  0.758789E-001
  0.116042E+000  0.116918E+000
  0.116042E+000  0.148275E+000
  0.116042E+000  0.239611E+000
  0.117042E+000  0.976563E-006
  0.117042E+000  0.781387E-001
  0.117042E+000  0.117926E+000
  0.117042E+000  0.149621E+000
  0.117042E+000  0.241675E+000
  0.118041E+000  0.976563E-006
  0.118041E+000  0.803564E-001
  0.118041E+000  0.118933E+000
  0.118041E+000  0.150971E+000
  0.118041E+000  0.243739E+000
  0.119041E+000  0.976563E-006
  0.119041E+000  0.825342E-001
  0.119041E+000  0.119939E+000
  0.119041E+000  0.152322E+000
  0.119041E+000  0.245803E+000
  0.120040E+000  0.976563E-006
  0.120040E+000  0.846758E-001
  0.120040E+000  0.120946E+000
  0.120040E+000  0.153677E+000
  0.120040E+000  0.247866E+000
  0.121040E+000  0.976563E-006
  0.121040E+000  0.867832E-001
  0.121040E+000  0.121953E+000
  0.121040E+000  0.155034E+000
  0.121040E+000  0.249931E+000
  0.122039E+000  0.976563E-006
  0.122039E+000  0.888594E-001
  0.122039E+000  0.122961E+000
  0.122039E+000  0.156395E+000
  0.122039E+000  0.251994E+000
  0.123039E+000  0.976563E-006
  0.123039E+000  0.909072E-001
  0.123039E+000  0.123968E+000
  0.123039E+000  0.157758E+000
  0.123039E+000  0.254058E+000
  0.124038E+000  0.976563E-006
  0.124038E+000  0.929268E-001
  0.124038E+000  0.124975E+000
  0.124038E+000  0.159125E+000
  0.124038E+000  0.256122E+000
  0.125038E+000  0.976563E-006
  0.125038E+000  0.949209E-001
  0.125038E+000  0.125981E+000
  0.125038E+000  0.160495E+000
  0.125038E+000  0.258186E+000
  0.126037E+000  0.976563E-006
  0.126037E+000  0.968916E-001
  0.126037E+000  0.126988E+000
  0.126037E+000  0.161868E+000
  0.126037E+000  0.260249E+000
  0.127037E+000  0.976563E-006
  0.127037E+000  0.988398E-001
  0.127037E+000  0.127996E+000
  0.127037E+000  0.163245E+000
  0.127037E+000  0.262313E+000
  0.128036E+000  0.976563E-006
  0.128036E+000  0.100766E+000
  0.128036E+000  0.129003E+000
  0.128036E+000  0.164626E+000
  0.128036E+000  0.264377E+000
  0.129035E+000  0.976563E-006
  0.129035E+000  0.102672E+000
  0.129035E+000  0.130010E+000
  0.129035E+000  0.166010E+000
  0.129035E+000  0.266441E+000
  0.130035E+000  0.976563E-006
  0.130035E+000  0.104560E+000
  0.130035E+000  0.131017E+000
  0.130035E+000  0.167397E+000
  0.130035E+000  0.268505E+000
  0.131034E+000  0.976563E-006
  0.131034E+000  0.106429E+000
  0.131034E+000  0.132024E+000
  0.131034E+000  0.168790E+000
  0.131034E+000  0.270568E+000
  0.132034E+000  0.976563E-006
  0.132034E+000  0.108280E+000
  0.132034E+000  0.133031E+000
  0.132034E+000  0.170187E+000
  0.132034E+000  0.272633E+000
  0.133033E+000  0.976563E-006
  0.133033E+000  0.110116E+000
  0.133033E+000  0.134038E+000
  0.133033E+000  0.171587E+000
  0.133033E+000  0.274696E+000
  0.134033E+000  0.976563E-006
  0.134033E+000  0.111937E+000
  0.134033E+000  0.135045E+000
  0.134033E+000  0.172991E+000
  0.134033E+000  0.276760E+000
  0.135032E+000  0.976563E-006
  0.135032E+000  0.113742E+000
  0.135032E+000  0.136052E+000
  0.135032E+000  0.174400E+000
  0.135032E+000  0.278824E+000
  0.136032E+000  0.976563E-006
  0.136032E+000  0.115533E+000
  0.136032E+000  0.137060E+000
  0.136032E+000  0.175814E+000
  0.136032E+000  0.280888E+000
  0.137032E+000  0.976563E-006
  0.137032E+000  0.117311E+000
  0.137032E+000  0.138066E+000
  0.137032E+000  0.177233E+000
  0.137032E+000  0.282951E+000
  0.138031E+000  0.976563E-006
  0.138031E+000  0.119075E+000
  0.138031E+000  0.139073E+000
  0.138031E+000  0.178657E+000
  0.138031E+000  0.285016E+000
  0.139031E+000  0.976563E-006
  0.139031E+000  0.120828E+000
  0.139031E+000  0.140080E+000
  0.139031E+000  0.180087E+000
  0.139031E+000  0.287079E+000
  0.140030E+000  0.976563E-006
  0.140030E+000  0.122568E+000
  0.140030E+000  0.141087E+000
  0.140030E+000  0.181521E+000
  0.140030E+000  0.289144E+000
  0.141030E+000  0.976563E-006
  0.141030E+000  0.124298E+000
  0.141030E+000  0.142095E+000
  0.141030E+000  0.182961E+000
  0.141030E+000  0.291207E+000
  0.142029E+000  0.976563E-006
  0.142029E+000  0.126017E+000
  0.142029E+000  0.143102E+000
  0.142029E+000  0.184407E+000
  0.142029E+000  0.293271E+000
  0.143029E+000  0.976563E-006
  0.143029E+000  0.127724E+000
  0.143029E+000  0.144108E+000
  0.143029E+000  0.185858E+000
  0.143029E+000  0.295335E+000
  0.144028E+000  0.976563E-006
  0.144028E+000  0.129422E+000
  0.144028E+000  0.145115E+000
  0.144028E+000  0.187316E+000
  0.144028E+000  0.297398E+000
  0.145028E+000  0.976563E-006
  0.145028E+000  0.131109E+000
  0.145028E+000  0.146123E+000
  0.145028E+000  0.188781E+000
  0.145028E+000  0.299462E+000
  0.146027E+000  0.976563E-006
  0.146027E+000  0.132788E+000
  0.146027E+000  0.147130E+000
  0.146027E+000  0.190253E+000
  0.146027E+000  0.301526E+000
  0.147027E+000  0.976563E-006
  0.147027E+000  0.134458E+000
  0.147027E+000  0.148137E+000
  0.147027E+000  0.191730E+000
  0.147027E+000  0.303590E+000
  0.148026E+000  0.976563E-006
  0.148026E+000  0.136118E+000
  0.148026E+000  0.149144E+000
  0.148026E+000  0.193216E+000
  0.148026E+000  0.305653E+000
  0.149026E+000  0.976563E-006
  0.149026E+000  0.137771E+000
  0.149026E+000  0.150150E+000
  0.149026E+000  0.194709E+000
  0.149026E+000  0.307718E+000
  0.150025E+000  0.976563E-006
  0.150025E+000  0.139415E+000
  0.150025E+000  0.151158E+000
  0.150025E+000  0.196209E+000
  0.150025E+000  0.309781E+000
  0.151025E+000  0.976563E-006
  0.151025E+000  0.141052E+000
  0.151025E+000  0.152165E+000
  0.151025E+000  0.197718E+000
  0.151025E+000  0.311846E+000
  0.152024E+000  0.976563E-006
  0.152024E+000  0.142680E+000
  0.152024E+000  0.199234E+000
  0.152024E+000  0.313909E+000
  0.153024E+000  0.976563E-006
  0.153024E+000  0.144302E+000
  0.153024E+000  0.154179E+000
  0.153024E+000  0.200761E+000
  0.153024E+000  0.315973E+000
  0.154023E+000  0.976563E-006
  0.154023E+000  0.145916E+000
  0.154023E+000  0.155187E+000
  0.154023E+000  0.202295E+000
  0.154023E+000  0.318037E+000
  0.155023E+000  0.976563E-006
  0.155023E+000  0.147522E+000
  0.155023E+000  0.203839E+000
  0.155023E+000  0.320101E+000
  0.156022E+000  0.976563E-006
  0.156022E+000  0.149123E+000
  0.156022E+000  0.157200E+000
  0.156022E+000  0.205393E+000
  0.156022E+000  0.322164E+000
  0.157022E+000  0.976563E-006
  0.157022E+000  0.150717E+000
  0.157022E+000  0.206957E+000
  0.157022E+000  0.324229E+000
  0.158021E+000  0.976563E-006
  0.158021E+000  0.152304E+000
  0.158021E+000  0.159214E+000
  0.158021E+000  0.208531E+000
  0.158021E+000  0.326292E+000
  0.159021E+000  0.976563E-006
  0.159021E+000  0.153885E+000
  0.159021E+000  0.210116E+000
  0.159021E+000  0.328355E+000
  0.160020E+000  0.976563E-006
  0.160020E+000  0.155460E+000
  0.160020E+000  0.211713E+000
  0.160020E+000  0.330420E+000
  0.161020E+000  0.976563E-006
  0.161020E+000  0.157029E+000
  0.161020E+000  0.162235E+000
  0.161020E+000  0.213320E+000
  0.161020E+000  0.332483E+000
  0.162019E+000  0.976563E-006
  0.162019E+000  0.158592E+000
  0.162019E+000  0.214941E+000
  0.162019E+000  0.334548E+000
  0.163019E+000  0.976563E-006
  0.163019E+000  0.160149E+000
  0.163019E+000  0.164249E+000
  0.163019E+000  0.216574E+000
  0.163019E+000  0.336611E+000
  0.164018E+000  0.976563E-006
  0.164018E+000  0.161701E+000
  0.164018E+000  0.218220E+000
  0.164018E+000  0.338675E+000
  0.165018E+000  0.976563E-006
  0.165018E+000  0.163247E+000
  0.165018E+000  0.166264E+000
  0.165018E+000  0.219879E+000
  0.165018E+000  0.340739E+000
  0.166017E+000  0.976563E-006
  0.166017E+000  0.164787E+000
  0.166017E+000  0.221553E+000
  0.166017E+000  0.342803E+000
  0.167017E+000  0.976563E-006
  0.167017E+000  0.166321E+000
  0.167017E+000  0.223240E+000
  0.167017E+000  0.344866E+000
  0.168016E+000  0.976563E-006
  0.168016E+000  0.167849E+000
  0.168016E+000  0.224942E+000
  0.168016E+000  0.346931E+000
  0.169016E+000  0.976563E-006
  0.169016E+000  0.169369E+000
  0.169016E+000  0.226660E+000
  0.169016E+000  0.348994E+000
  0.170015E+000  0.976563E-006
  0.170015E+000  0.170880E+000
  0.170015E+000  0.228394E+000
  0.170015E+000  0.351058E+000
  0.171015E+000  0.976563E-006
  0.171015E+000  0.172359E+000
  0.171015E+000  0.230143E+000
  0.171015E+000  0.353122E+000
  0.172014E+000  0.976563E-006
  0.172014E+000  0.173885E+000
  0.172014E+000  0.355186E+000
  0.173014E+000  0.976563E-006
  0.173014E+000  0.175405E+000
  0.173014E+000  0.357250E+000
  0.174013E+000  0.976563E-006
  0.174013E+000  0.176921E+000
  0.174013E+000  0.359313E+000
  0.175013E+000  0.976563E-006
  0.175013E+000  0.178434E+000
  0.175013E+000  0.361377E+000
  0.176012E+000  0.976563E-006
  0.176012E+000  0.179941E+000
  0.176012E+000  0.363441E+000
  0.177012E+000  0.976563E-006
  0.177012E+000  0.181446E+000
  0.177012E+000  0.365505E+000
  0.178011E+000  0.976563E-006
  0.178011E+000  0.182947E+000
  0.178011E+000  0.367568E+000
  0.179011E+000  0.976563E-006
  0.179011E+000  0.184445E+000
  0.179011E+000  0.369633E+000
  0.180010E+000  0.976563E-006
  0.180010E+000  0.185939E+000
  0.180010E+000  0.371696E+000
  0.181010E+000  0.976563E-006
  0.181010E+000  0.187430E+000
  0.181010E+000  0.373760E+000
  0.182009E+000  0.976563E-006
  0.182009E+000  0.188917E+000
  0.182009E+000  0.375824E+000
  0.183009E+000  0.976563E-006
  0.183009E+000  0.190401E+000
  0.183009E+000  0.377888E+000
  0.184008E+000  0.976563E-006
  0.184008E+000  0.191882E+000
  0.184008E+000  0.379952E+000
  0.185008E+000  0.976563E-006
  0.185008E+000  0.193360E+000
  0.185008E+000  0.382016E+000
  0.186007E+000  0.976563E-006
  0.186007E+000  0.187411E+000
  0.186007E+000  0.194835E+000
  0.186007E+000  0.384079E+000
  0.187007E+000  0.976563E-006
  0.187007E+000  0.188419E+000
  0.187007E+000  0.196307E+000
  0.187007E+000  0.386144E+000
  0.188006E+000  0.976563E-006
  0.188006E+000  0.189426E+000
  0.188006E+000  0.197775E+000
  0.188006E+000  0.388207E+000
  0.189006E+000  0.976563E-006
  0.189006E+000  0.190433E+000
  0.189006E+000  0.199242E+000
  0.189006E+000  0.390271E+000
  0.190005E+000  0.976563E-006
  0.190005E+000  0.191439E+000
  0.190005E+000  0.200705E+000
  0.190005E+000  0.392335E+000
  0.191005E+000  0.976563E-006
  0.191005E+000  0.192447E+000
  0.191005E+000  0.202166E+000
  0.191005E+000  0.394398E+000
  0.192004E+000  0.976563E-006
  0.192004E+000  0.193454E+000
  0.192004E+000  0.203624E+000
  0.192004E+000  0.396463E+000
  0.193004E+000  0.976563E-006
  0.193004E+000  0.194461E+000
  0.193004E+000  0.205079E+000
  0.193004E+000  0.398526E+000
  0.194003E+000  0.976563E-006
  0.194003E+000  0.195468E+000
  0.194003E+000  0.206532E+000
  0.194003E+000  0.400590E+000
  0.195003E+000  0.976563E-006
  0.195003E+000  0.196475E+000
  0.195003E+000  0.207982E+000
  0.195003E+000  0.402654E+000
  0.196002E+000  0.976563E-006
  0.196002E+000  0.197482E+000
  0.196002E+000  0.209431E+000
  0.196002E+000  0.404718E+000
  0.197002E+000  0.976563E-006
  0.197002E+000  0.198489E+000
  0.197002E+000  0.210876E+000
  0.197002E+000  0.406781E+000
  0.198001E+000  0.976563E-006
  0.198001E+000  0.199496E+000
  0.198001E+000  0.212319E+000
  0.198001E+000  0.408846E+000
  0.199001E+000  0.976563E-006
  0.199001E+000  0.200503E+000
  0.199001E+000  0.213761E+000
  0.199001E+000  0.410909E+000
