   0.00100        0.003749320677      0.209279135431       -1.701200280058      1.637437731940
   0.00200        0.005773468733      0.108086524305       -0.583225769734      0.581602650433
   0.00300        0.006013600921      0.073793014358       -0.313889838650      0.318049023433
   0.00400        0.006017131789      0.056424367401       -0.202139585659      0.207533890086
   0.00500        0.005987916014      0.045888028346       -0.143418930138      0.149185248563
   0.00600        0.005967887299      0.038794648088       -0.108100865269      0.114013163914
   0.00700        0.005965179143      0.033682398975       -0.084901891971      0.090893989830
   0.00800        0.005979194782      0.029816226786       -0.068685193201      0.074738986650
   0.00900        0.006007112218      0.026785659348       -0.056811538952      0.062924271553
   0.01000        0.006045854456      0.024343235681       -0.047800203526      0.053973645372
   0.01100        0.006092702688      0.022330775433       -0.040762728710      0.046999441569
   0.01200        0.006145446395      0.020642379668       -0.035136963252      0.041439089324
   0.01300        0.006202364850      0.019204438941       -0.030551556813      0.036920527389
   0.01400        0.006262149710      0.017964173650       -0.026752301062      0.033188863204
   0.01500        0.006323820814      0.016882736352       -0.023559870657      0.030064212725
   0.01600        0.006386649051      0.015930888260       -0.020844486747      0.027416369950
   0.01700        0.006450093975      0.015086193884       -0.018510130901      0.025149002696
   0.01800        0.006513755716      0.014331145660       -0.016484381853      0.023189466013
   0.01900        0.006577338863      0.013651877327       -0.014711683988      0.021482048118
   0.02000        0.006640625640      0.013037261283       -0.013148774829      0.019983382110
   0.02100        0.006703456312      0.012478261997       -0.011761510636      0.018659257064
   0.02200        0.006765714489      0.011967464693       -0.010522618806      0.017482359421
   0.02300        0.006827316610      0.011498726423       -0.009410075887      0.016430646081
   0.02400        0.006888204081      0.011066913314       -0.008405920345      0.015486150260
   0.02500        0.006948337139      0.010667700910       -0.007495372179      0.014634096767
   0.02600        0.007007690656      0.010297419868       -0.006666166669      0.013862233944
   0.02700        0.007066250422      0.009952936077       -0.005908050631      0.013160326600
   0.02800        0.007124010893      0.009631555875       -0.005212390887      0.012519763487
   0.02900        0.007180973150      0.009330950973       -0.004571871230      0.011933253036
   0.03000        0.007237143292      0.009049098180       -0.003980254411      0.011394583949
   0.03100        0.007292531465      0.008784230737       -0.003432192344      0.010898435621
   0.03200        0.007347150599      0.008534798724       -0.002923076611      0.010440226845
   0.03300        0.007401016070      0.008299436443       -0.002448915359      0.010015993337
   0.03400        0.007454145037      0.008076935718       -0.002006235331      0.009622289390
   0.03500        0.007506555772      0.007866223614       -0.001592002058      0.009256107081
   0.03600        0.007558267940      0.007666343654       -0.001203551893      0.008914809371
   0.03700        0.007609301469      0.007476440725       -0.000838540436      0.008596077304
   0.03800        0.007659677222      0.007295747169       -0.000494894134      0.008297861855
   0.03900        0.007709416340      0.007123572213       -0.000170774207      0.008018348232
   0.04000        0.007758540343      0.006959292117        0.000135455764      0.007755922889
   0.04100        0.007807070948      0.006802342214        0.000425256225      0.007509147372
   0.04200        0.007855030179      0.006652209688        0.000699934785      0.007276734930
   0.04300        0.007902440266      0.006508427692        0.000960665332      0.007057531739
   0.04400        0.007949323728      0.006370569994        0.001208504331      0.006850500236
   0.04500        0.007995703304      0.006238246313        0.001444405205      0.006654704738
   0.04600        0.008041602248      0.006111098440        0.001669230603      0.006469299467
   0.04700        0.008087044186      0.005988796604        0.001883762260      0.006293518253
   0.04800        0.008132053458      0.005871036249        0.002088710710      0.006126664993
   0.04900        0.008176655254      0.005757535269        0.002284723241      0.005968105800
   0.05000        0.008220875598      0.005648031433        0.002472389978      0.005817262147
   0.05100        0.008264742086      0.005542280040        0.002652250834      0.005673604743
   0.05200        0.008308283814      0.005440051731        0.002824800201      0.005536648022
   0.05300        0.008351532109      0.005341130138        0.002990492010      0.005405945158
   0.05400        0.008394520879      0.005245310449        0.003149743171      0.005281084216
   0.05500        0.008437287712      0.005152396673        0.003302938149      0.005161683702
   0.05600        0.008479874654      0.005062199764        0.003450431560      0.005047389059
   0.05700        0.008522329619      0.004974535304        0.003592551139      0.004937869438
   0.05800        0.008564708168      0.004889220467        0.003729600489      0.004832814032
   0.05900        0.008607076313      0.004806070945        0.003861861914      0.004731928943
   0.06000        0.008649513761      0.004724896547        0.003989598048      0.004634933583
   0.06100        0.008692119291      0.004645495599        0.004113054806      0.004541556668
   0.06200        0.008735018214      0.004567647141        0.004232463433      0.004451531537
   0.06300        0.008778373771      0.004491099796        0.004348043522      0.004364590251
   0.06400        0.008822404958      0.004415554972        0.004460006528      0.004280455643
   0.06500        0.008867415204      0.004340640890        0.004568560924      0.004198829769
   0.06600        0.008913840457      0.004265870397        0.004673920261      0.004119376758
   0.06700        0.008962334736      0.004190569076        0.004776317504      0.004041695190
   0.06800        0.009013929809      0.004113746487        0.004876031721      0.003965272018
   0.06900        0.009070359155      0.004033848017        0.004973443416      0.003889399915
   0.07000        0.009134778435      0.003948238093        0.005069158143      0.003813020724
   0.07100        0.009213586481      0.003852002379        0.005164317884      0.003734404104
   0.07200        0.009321925270      0.003734755415        0.005261501418      0.003650430338
   0.07300        0.009505485689      0.003570338945        0.005367931121      0.003554866252
   0.07400        0.009981058412      0.003274128922        0.005511183862      0.003434968576
   0.07500        0.020901053477      0.002536340024        0.005929607735      0.003299763320
   0.07600        0.008703309800      0.004726962868        0.005830227925      0.003652481722
   0.07700        0.008929940611      0.004202751427        0.005804415324      0.003603751776
   0.07800        0.009055990051      0.003994860920        0.005833889485      0.003541169771
   0.07900        0.009142489665      0.003869814478        0.005882744660      0.003481590341
   0.08000        0.009210244189      0.003777896353        0.005939506432      0.003426057724
   0.08100        0.009267860079      0.003702613617        0.005999686918      0.003374005940
   0.08200        0.009319456995      0.003637022403        0.006061248522      0.003324846538
   0.08300        0.009367231927      0.003577711545        0.006123162268      0.003278133622
   0.08400        0.009412457352      0.003522811200        0.006184868127      0.003233541670
   0.08500        0.009455920587      0.003471207715        0.006246046421      0.003190828870
   0.08600        0.009498135083      0.003422193108        0.006306508713      0.003149810570
   0.08700        0.009539451893      0.003375292337        0.006366143870      0.003110341067
   0.08800        0.009580120932      0.003330172033        0.006424887831      0.003072302177
   0.08900        0.009620326968      0.003286589082        0.006482706599      0.003035595486
   0.09000        0.009660211033      0.003244360285        0.006539585329      0.003000137558
   0.09100        0.009699885002      0.003203343463        0.006595522714      0.002965856137
   0.09200        0.009739439820      0.003163425441        0.006650525935      0.002932687797
   0.09300        0.009778951875      0.003124512801        0.006704608138      0.002900574268
   0.09400        0.009818487659      0.003086532978        0.006757787257      0.002869470708
   0.09500        0.009858105497      0.003049417544        0.006810082939      0.002839325684
   0.09600        0.009897858951      0.003013112450        0.006861517564      0.002810099419
   0.09700        0.009937797681      0.002977569454        0.006912114377      0.002781753521
   0.09800        0.009977968656      0.002942746264        0.006961897141      0.002754252823
   0.09900        0.010018417588      0.002908605102        0.007010890490      0.002727564520
   0.10000        0.010059188779      0.002875112503        0.007059118422      0.002701658777
   0.10100        0.010100326872      0.002842237232        0.007106605666      0.002676506385
   0.10200        0.010141876604      0.002809951809        0.007153376582      0.002652081511
   0.10300        0.010183882942      0.002778230678        0.007199454533      0.002628359457
   0.10400        0.010226392701      0.002747049943        0.007244863543      0.002605316630
   0.10500        0.010269453682      0.002716387704        0.007289626501      0.002582931186
   0.10600        0.010313115765      0.002686223412        0.007333766154      0.002561182408
   0.10700        0.010357430914      0.002656538410        0.007377304560      0.002540051487
   0.10800        0.010402455083      0.002627313892        0.007420265144      0.002519518977
   0.10900        0.010448244691      0.002598533416        0.007462667455      0.002499568254
   0.11000        0.010494861604      0.002570180809        0.007504533311      0.002480182714
   0.11100        0.010542371104      0.002542240851        0.007545883381      0.002461346823
   0.11200        0.010590842910      0.002514699001        0.007586738025      0.002443045749
   0.11300        0.010640351397      0.002487541505        0.007627116833      0.002425265607
   0.11400        0.010690976943      0.002460755197        0.007667039574      0.002407993173
   0.11500        0.010742805964      0.002434327521        0.007706525401      0.002391215989
   0.11600        0.010795931933      0.002408246237        0.007745593290      0.002374921966
   0.11700        0.010850456207      0.002382499938        0.007784261850      0.002359100097
   0.11800        0.010906489101      0.002357077391        0.007822549519      0.002343739632
   0.11900        0.010964150956      0.002331967871        0.007860474525      0.002328830503
   0.12000        0.011023573448      0.002307161046        0.007898054892      0.002314363190
   0.12100        0.011084901195      0.002282646919        0.007935308511      0.002300328665
   0.12200        0.011148293463      0.002258415833        0.007972253201      0.002286718414
   0.12300        0.011213926279      0.002234458451        0.008008906627      0.002273524415
   0.12400        0.011281994880      0.002210765732        0.008045286519      0.002260739123
   0.12500        0.011352716546      0.002187328889        0.008081410584      0.002248355388
   0.12600        0.011426334106      0.002164139428        0.008117296604      0.002236366587
   0.12700        0.011503119992      0.002141189055        0.008152962495      0.002224766429
   0.12800        0.011583381181      0.002118469743        0.008188426373      0.002213549106
   0.12900        0.011667465109      0.002095973650        0.008223706601      0.002202709163
   0.13000        0.011755767048      0.002073693174        0.008258821902      0.002192241572
   0.13100        0.011848738843      0.002051620854        0.008293791373      0.002182141680
   0.13200        0.011946900123      0.002029749448        0.008328634750      0.002172405207
   0.13300        0.012050851914      0.002008071880        0.008363372360      0.002163028244
   0.13400        0.012161294106      0.001986581237        0.008398025380      0.002154007285
   0.13500        0.012279047475      0.001965270758        0.008432616025      0.002145339133
   0.13600        0.012405082124      0.001944133796        0.008467167674      0.002137021002
   0.13700        0.012540554363      0.001923163899        0.008501705235      0.002129050409
   0.13800        0.012686855875      0.001902354710        0.008536255501      0.002121425277
   0.13900        0.012845678957      0.001881699994        0.008570847449      0.002114143859
   0.14000        0.013019106027      0.001861193681        0.008605512966      0.002107204800
   0.14100        0.013209733445      0.001840829747        0.008640287460      0.002100607037
   0.14200        0.013420847344      0.001820602324        0.008675210872      0.002094349928
   0.14300        0.013656678879      0.001800505625        0.008710328954      0.002088433159
   0.14400        0.013922785260      0.001780533982        0.008745695112      0.002082856808
   0.14500        0.014226636953      0.001760681800        0.008781373011      0.002077621290
   0.14600        0.014578557428      0.001740943591        0.008817440304      0.002072727426
   0.14700        0.014993296127      0.001721313962        0.008853994514      0.002068176415
   0.14800        0.015492809901      0.001701787583        0.008891162254      0.002063969824
   0.14900        0.016111528749      0.001682359230        0.008929114834      0.002060109659
   0.15000        0.016907240684      0.001663023741        0.008968096468      0.002056598277
   0.15100        0.017986404980      0.001643776057        0.009008480315      0.002053438520
   0.15200        0.019573779813      0.001624611164        0.009050895660      0.002050633600
   0.15300        0.022261878331      0.001605524179        0.009096581854      0.002048187217
   0.15400        0.028501917920      0.001586510265        0.009148826305      0.002046103501
   0.15500       -0.105218586860      0.001567566077        0.009215873859      0.002044387039
   0.15600        0.007882007777      0.020946863283        0.009260598282      0.002111218556
   0.15700        0.007899474374      0.015394544867        0.009283957415      0.002136442584
   0.15800        0.007917039176      0.012851255662        0.009307454181      0.002155646420
   0.15900        0.007934712023      0.011307809739        0.009331095593      0.002171803697
   0.16000        0.007952502719      0.010239963604        0.009354888626      0.002186109974
   0.16100        0.007970421908      0.009442080623        0.009378840243      0.002199195534
   0.16200        0.007988480177      0.008814805676        0.009402957339      0.002211444811
   0.16300        0.008006688563      0.008303475016        0.009427246770      0.002223115582
   0.16400        0.008025058554      0.007875194700        0.009451715311      0.002234392717
   0.16500        0.008043601951      0.007508824383        0.009476369612      0.002245415860
   0.16600        0.008062331010      0.007190073719        0.009501216225      0.002256295004
   0.16700        0.008081258297      0.006908887990        0.009526261524      0.002267119779
   0.16800        0.008100396976      0.006657958655        0.009551511738      0.002277965504
   0.16900        0.008119760700      0.006431827637        0.009576972890      0.002288897090
   0.17000        0.008139363558      0.006226325094        0.009602650729      0.002299971772
   0.17100        0.008159220213      0.006038202634        0.009628550743      0.002311241174
   0.17200        0.008179345867      0.005864886830        0.009654678057      0.002322752609
   0.17300        0.008199756292      0.005704308623        0.009681037426      0.002334550233
   0.17400        0.008220468054      0.005554783031        0.009707633194      0.002346675805
   0.17500        0.008241498180      0.005414921929        0.009734469129      0.002359169441
   0.17600        0.008262864482      0.005283569920        0.009761548456      0.002372070014
   0.17700        0.008284585515      0.005159756741        0.009788873735      0.002385415678
   0.17800        0.008306680508      0.005042660554        0.009816446765      0.002399244123
   0.17900        0.008329169551      0.004931580339        0.009844268461      0.002413592945
   0.18000        0.008352073557      0.004825913954        0.009872338801      0.002428499853
   0.18100        0.008375414195      0.004725141182        0.009900656621      0.002444002860
   0.18200        0.008399214295      0.004628810029        0.009929219576      0.002460140510
   0.18300        0.008423497304      0.004536526012        0.009958023876      0.002476951969
   0.18400        0.008448287802      0.004447943235        0.009987064167      0.002494477230
   0.18500        0.008473611237      0.004362757361        0.010016333351      0.002512757131
   0.18600        0.008499494119      0.004280699656        0.010045822358      0.002531833500
   0.18700        0.008525964018      0.004201532272        0.010075519949      0.002551749175
   0.18800        0.008553049406      0.004125044196        0.010105412368      0.002572548092
   0.18900        0.008580779872      0.004051047932        0.010135483220      0.002594275225
   0.19000        0.008609186010      0.003979376719        0.010165713015      0.002616976613
   0.19100        0.008638299359      0.003909882205        0.010196078992      0.002640699278
   0.19200        0.008668152506      0.003842432499        0.010226554632      0.002665491138
   0.19300        0.008698778865      0.003776910490        0.010257109440      0.002691400863
   0.19400        0.008730212676      0.003713212426        0.010287708375      0.002718477685
   0.19500        0.008762488962      0.003651246653        0.010318311617      0.002746771130
   0.19600        0.008795643269      0.003590932597        0.010348874000      0.002776330678
   0.19700        0.008829711628      0.003532199873        0.010379344692      0.002807205381
   0.19800        0.008864730289      0.003474987340        0.010409666651      0.002839443346
   0.19900        0.008900735444      0.003419242318        0.010439776309      0.002873091082
   0.20000        0.008937762993      0.003364919931        0.010469603076      0.002908192882
  -1  -1  -1  -1  -1
  -1  -1  -1  -1  -1
