           1
      0.5347594      1.0000000      1.0000000
        0.0100000000      0.0628    0
        0.0200000000      0.1257    0
        0.0300000000      0.1885    0
        0.0400000000      0.2513    0
        0.0500000000      0.3142    0
        0.0600000000      0.3770    0
        0.0700000000      0.4398    0
        0.0800000000      0.5027    0
        0.0900000000      0.5655    0
        0.1000000000      0.6283    0
        0.1100000000      0.6912    0
        0.1200000000      0.7540    0
        0.1300000000      0.8168    0
        0.1400000000      0.8796    0
        0.1500000000      0.9425    0
        0.1600000000      1.0053    0
        0.1700000000      1.0681    0
        0.1800000000      1.1310    0
        0.1900000000      1.1938    0
        0.2000000000      1.2566    0
        0.2100000000      1.3195    0
        0.2200000000      1.3823    0
        0.2300000000      1.4451    0
        0.2400000000      1.5080    0
        0.2500000000      1.5708    0
        0.2600000000      1.6336    0
        0.2700000000      1.6965    1        0.2206340661
        0.2800000000      1.7593    1        0.2631896091
        0.2900000000      1.8221    1        0.2963360423
        0.3000000000      1.8850    1        0.3234078180
        0.3100000000      1.9478    1        0.3461710259
        0.3200000000      2.0106    1        0.3656933594
        0.3300000000      2.0735    1        0.3827050781
        0.3400000000      2.1363    1        0.3977148438
        0.3500000000      2.1991    1        0.4110937500
        0.3600000000      2.2619    1        0.4231542969
        0.3700000000      2.3248    1        0.4341308594
        0.3800000000      2.3876    1        0.4442382813
        0.3900000000      2.4504    1        0.4536816406
        0.4000000000      2.5133    1        0.4626855469
        0.4100000000      2.5761    1        0.4715429688
        0.4200000000      2.6389    1        0.4807714844
        0.4300000000      2.7018    1        0.4915136719
        0.4400000000      2.7646    1        0.5074218750
        0.4500000000      2.8274    1        0.5458496094
        0.4600000000      2.8903    3        0.2798437500        0.4122949219        0.6306445313
        0.4700000000      2.9531    2        0.4679492188        0.7014843750
        0.4800000000      3.0159    2        0.4828906250        0.7525000000
        0.4900000000      3.0788    2        0.4915820313        0.7917187500
        0.5000000000      3.1416    1        0.8233105469
        0.5100000000      3.2044    1        0.8495312500
        0.5200000000      3.2673    1        0.8717578125
        0.5300000000      3.3301    1        0.8908789063
        0.5400000000      3.3929    1        0.9075390625
        0.5500000000      3.4558    1        0.9221777344
        0.5600000000      3.5186    1        0.9351367188
        0.5700000000      3.5814    1        0.9466894531
        0.5800000000      3.6442    1        0.9570410156
        0.5900000000      3.7071    1        0.9663476563
        0.6000000000      3.7699    2        0.5330761719        0.9747558594
        0.6100000000      3.8327    2        0.5354980469        0.9823828125
        0.6200000000      3.8956    2        0.5378320313        0.9893164063
        0.6300000000      3.9584    2        0.5400781250        0.9956347656
        0.6400000000      4.0212    2        0.5422460938        1.0014160156
        0.6500000000      4.0841    2        0.5443457031        1.0067089844
        0.6600000000      4.1469    2        0.5463769531        1.0115625000
        0.6700000000      4.2097    2        0.5483593750        1.0160351563
        0.6800000000      4.2726    2        0.5502929688        1.0201464844
        0.6900000000      4.3354    2        0.5521875000        1.0239453125
        0.7000000000      4.3982    2        0.5540429688        1.0274609375
        0.7100000000      4.4611    2        0.5558593750        1.0307031250
        0.7200000000      4.5239    2        0.5576562500        1.0337207031
        0.7300000000      4.5867    2        0.5594238281        1.0365136719
        0.7400000000      4.6496    2        0.5611816406        1.0391015625
        0.7500000000      4.7124    2        0.5629199219        1.0415136719
        0.7600000000      4.7752    3        0.0784082031        0.5646582031        1.0437597656
        0.7700000000      4.8381    3        0.1104785156        0.5663867188        1.0458496094
        0.7800000000      4.9009    3        0.1347949219        0.5681152344        1.0477929688
        0.7900000000      4.9637    3        0.1550390625        0.5698437500        1.0496093750
        0.8000000000      5.0265    3        0.1726562500        0.5715820313        1.0513085938
        0.8100000000      5.0894    3        0.1883691406        0.5733300781        1.0528906250
        0.8200000000      5.1522    3        0.2026269531        0.5750976563        1.0543750000
        0.8300000000      5.2150    3        0.2157226563        0.5768847656        1.0557617188
        0.8400000000      5.2779    3        0.2278417969        0.5787011719        1.0570605469
        0.8500000000      5.3407    3        0.2391601563        0.5805468750        1.0582812500
        0.8600000000      5.4035    3        0.2497558594        0.5824316406        1.0594238281
        0.8700000000      5.4664    3        0.2597460938        0.5843457031        1.0604980469
        0.8800000000      5.5292    3        0.2691894531        0.5863183594        1.0614941406
        0.8900000000      5.5920    3        0.2781542969        0.5883300781        1.0624414063
        0.9000000000      5.6549    3        0.2866699219        0.5904101563        1.0633300781
        0.9100000000      5.7177    3        0.2947949219        0.5925488281        1.0641601563
        0.9200000000      5.7805    3        0.3025488281        0.5947558594        1.0649414063
        0.9300000000      5.8434    3        0.3099707031        0.5970410156        1.0656835938
        0.9400000000      5.9062    3        0.3170996094        0.5994042969        1.0663769531
        0.9500000000      5.9690    3        0.3239355469        0.6018750000        1.0670312500
        0.9600000000      6.0319    3        0.3305078125        0.6044335938        1.0676367188
        0.9700000000      6.0947    3        0.3368359375        0.6071093750        1.0682226563
        0.9800000000      6.1575    3        0.3429394531        0.6099023438        1.0687695313
        0.9900000000      6.2204    3        0.3488281250        0.6128125000        1.0692773438
        1.0000000000      6.2832    3        0.3545117188        0.6158691406        1.0697656250
        1.0100000000      6.3460    3        0.3600097656        0.6190722656        1.0702246094
        1.0200000000      6.4088    3        0.3653320313        0.6224414063        1.0706542969
        1.0300000000      6.4717    3        0.3704980469        0.6259667969        1.0710644531
        1.0400000000      6.5345    3        0.3754980469        0.6296679688        1.0714453125
        1.0500000000      6.5973    3        0.3803417969        0.6335546875        1.0718066406
        1.0600000000      6.6602    3        0.3850585938        0.6376269531        1.0721582031
        1.0700000000      6.7230    3        0.3896386719        0.6418945313        1.0724804688
        1.0800000000      6.7858    3        0.3940917969        0.6463671875        1.0727832031
        1.0900000000      6.8487    3        0.3984277344        0.6510449219        1.0730761719
        1.1000000000      6.9115    3        0.4026464844        0.6559082031        1.0733496094
        1.1100000000      6.9743    3        0.4067675781        0.6609667969        1.0736035156
        1.1200000000      7.0372    3        0.4107812500        0.6662109375        1.0738574219
        1.1300000000      7.1000    3        0.4147070313        0.6716210938        1.0740820313
        1.1400000000      7.1628    3        0.4185351563        0.6771875000        1.0743066406
        1.1500000000      7.2257    3        0.4222851563        0.6828906250        1.0745117188
        1.1600000000      7.2885    3        0.4259570313        0.6887109375        1.0747070313
        1.1700000000      7.3513    3        0.4295507813        0.6946093750        1.0748925781
        1.1800000000      7.4142    3        0.4330859375        0.7005761719        1.0750683594
        1.1900000000      7.4770    3        0.4365625000        0.7065917969        1.0752343750
        1.2000000000      7.5398    3        0.4399902344        0.7126074219        1.0753906250
        1.2100000000      7.6027    3        0.4433691406        0.7186328125        1.0755468750
        1.2200000000      7.6655    5        0.1906152344        0.3095605469        0.4467187500        0.7246191406        1.0756835938
        1.2300000000      7.7283    5        0.1307324219        0.3513281250        0.4500488281        0.7305566406        1.0758203125
        1.2400000000      7.7911    5        0.0821191406        0.3764843750        0.4533691406        0.7364257813        1.0759472656
        1.2500000000      7.8540    4        0.3950292969        0.4567187500        0.7422167969        1.0760644531
        1.2600000000      7.9168    4        0.4097167969        0.4601074219        0.7479199219        1.0761816406
        1.2700000000      7.9796    4        0.4217480469        0.4635742188        0.7535156250        1.0762890625
        1.2800000000      8.0425    4        0.4317968750        0.4671484375        0.7590039063        1.0763964844
        1.2900000000      8.1053    4        0.4402636719        0.4708593750        0.7643750000        1.0764941406
        1.3000000000      8.1681    4        0.4474218750        0.4747460938        0.7696191406        1.0765820313
        1.3100000000      8.2310    4        0.4534863281        0.4787890625        0.7747460938        1.0766699219
        1.3200000000      8.2938    4        0.4586523438        0.4829785156        0.7797363281        1.0767578125
        1.3300000000      8.3566    4        0.4630859375        0.4872460938        0.7846093750        1.0768359375
        1.3400000000      8.4195    4        0.4669628906        0.4915429688        0.7893554688        1.0769042969
        1.3500000000      8.4823    4        0.4704003906        0.4958007813        0.7939648438        1.0769824219
        1.3600000000      8.5451    4        0.4735058594        0.4999902344        0.7984570313        1.0770410156
        1.3700000000      8.6080    4        0.4763574219        0.5040917969        0.8028222656        1.0771093750
        1.3800000000      8.6708    4        0.4790136719        0.5080859375        0.8070703125        1.0771679688
        1.3900000000      8.7336    4        0.4814941406        0.5119824219        0.8112011719        1.0772265625
        1.4000000000      8.7965    4        0.4838378906        0.5157910156        0.8152148438        1.0772851563
        1.4100000000      8.8593    5        0.0401074219        0.4860742188        0.5195117188        0.8191113281        1.0773339844
        1.4200000000      8.9221    5        0.0619433594        0.4882031250        0.5231445313        0.8229003906        1.0773828125
        1.4300000000      8.9850    5        0.0784082031        0.4902441406        0.5267285156        0.8265820313        1.0774316406
        1.4400000000      9.0478    5        0.0923632812        0.4922070313        0.5302441406        0.8301562500        1.0774707031
        1.4500000000      9.1106    5        0.1047753906        0.4941015625        0.5337207031        0.8336328125        1.0775195313
        1.4600000000      9.1735    5        0.1160937500        0.4959179688        0.5371679688        0.8370117188        1.0775585938
        1.4700000000      9.2363    5        0.1266015625        0.4976757813        0.5405859375        0.8403027344        1.0775976563
        1.4800000000      9.2991    5        0.1364453125        0.4993750000        0.5439843750        0.8434960938        1.0776269531
        1.4900000000      9.3619    5        0.1457519531        0.5010156250        0.5473828125        0.8466015625        1.0776660156
        1.5000000000      9.4248    5        0.1545996094        0.5026074219        0.5507714844        0.8496191406        1.0776953125
        1.5100000000      9.4876    5        0.1630468750        0.5041503906        0.5541796875        0.8525585938        1.0777246094
        1.5200000000      9.5504    5        0.1711425781        0.5056542969        0.5575878906        0.8554101563        1.0777539063
        1.5300000000      9.6133    5        0.1789160156        0.5070996094        0.5610253906        0.8581835938        1.0777832031
        1.5400000000      9.6761    5        0.1864160156        0.5085156250        0.5644824219        0.8608886719        1.0778125000
        1.5500000000      9.7389    5        0.1936523438        0.5098828125        0.5679589844        0.8635156250        1.0778320313
        1.5600000000      9.8018    5        0.2006542969        0.5112207031        0.5714843750        0.8660839844        1.0778613281
        1.5700000000      9.8646    5        0.2074414063        0.5125195313        0.5750292969        0.8685742188        1.0778808594
        1.5800000000      9.9274    5        0.2140234375        0.5137890625        0.5786230469        0.8709960938        1.0779003906
        1.5900000000      9.9903    5        0.2204199219        0.5150195313        0.5822656250        0.8733593750        1.0779199219
        1.6000000000     10.0531    5        0.2266406250        0.5162304688        0.5859375000        0.8756640625        1.0779394531
        1.6100000000     10.1159    5        0.2326953125        0.5174121094        0.5896679688        0.8779003906        1.0779589844
        1.6200000000     10.1788    5        0.2385937500        0.5185644531        0.5934375000        0.8800878906        1.0779785156
        1.6300000000     10.2416    5        0.2443457031        0.5196875000        0.5972558594        0.8822167969        1.0779980469
        1.6400000000     10.3044    5        0.2499707031        0.5207910156        0.6011132813        0.8842871094        1.0780078125
        1.6500000000     10.3673    5        0.2554589844        0.5218750000        0.6050195313        0.8863085938        1.0780273438
        1.6600000000     10.4301    4        0.2608203125        0.6089746094        0.8882812500        1.0780371094
        1.6700000000     10.4929    4        0.2660742188        0.6129687500        0.8902050781        1.0780566406
        1.6800000000     10.5558    4        0.2712109375        0.6170117188        0.8920800781        1.0780664063
        1.6900000000     10.6186    4        0.2762402344        0.6210839844        0.8939160156        1.0780761719
        1.7000000000     10.6814    4        0.2811816406        0.6251855469        0.8957031250        1.0780957031
        1.7100000000     10.7442    4        0.2860156250        0.6293261719        0.8974414063        1.0781054688
        1.7200000000     10.8071    4        0.2907617188        0.6334960938        0.8991406250        1.0781152344
        1.7300000000     10.8699    4        0.2954296875        0.6376757813        0.9008007813        1.0781250000
        1.7400000000     10.9327    4        0.3000097656        0.6418847656        0.9024218750        1.0781347656
        1.7500000000     10.9956    4        0.3045117188        0.6461035156        0.9040039063        1.0781445313
        1.7600000000     11.0584    4        0.3089355469        0.6503222656        0.9055566406        1.0781542969
        1.7700000000     11.1212    4        0.3132910156        0.6545507813        0.9070703125        1.0781542969
        1.7800000000     11.1841    6        0.2187304688        0.3175781250        0.5346875000        0.6587792969        0.9085449219        1.0781640625
        1.7900000000     11.2469    4        0.3217968750        0.6629980469        0.9099804688        1.0781738281
        1.8000000000     11.3097    4        0.3259570313        0.6672070313        0.9113964844        1.0781835938
        1.8100000000     11.3726    5        0.3300585938        0.5374902344        0.6713964844        0.9127734375        1.0781835938
        1.8200000000     11.4354    5        0.3341015625        0.5384277344        0.6755761719        0.9141210938        1.0781933594
        1.8300000000     11.4982    5        0.3380859375        0.5393652344        0.6797265625        0.9154394531        1.0782031250
        1.8400000000     11.5611    5        0.3420312500        0.5403027344        0.6838476563        0.9167285156        1.0782031250
        1.8500000000     11.6239    5        0.3459179688        0.5412500000        0.6879394531        0.9179882813        1.0782128906
        1.8600000000     11.6867    5        0.3497558594        0.5421972656        0.6919921875        0.9192187500        1.0782128906
        1.8700000000     11.7496    5        0.3535546875        0.5431542969        0.6960058594        0.9204199219        1.0782226563
        1.8800000000     11.8124    5        0.3573144531        0.5441210938        0.6999902344        0.9216015625        1.0782226563
        1.8900000000     11.8752    5        0.3610253906        0.5451074219        0.7039257813        0.9227539063        1.0782324219
        1.9000000000     11.9381    5        0.3647070313        0.5460937500        0.7078125000        0.9238867188        1.0782324219
        1.9100000000     12.0009    5        0.3683398438        0.5470996094        0.7116601563        0.9249902344        1.0782324219
        1.9200000000     12.0637    5        0.3719433594        0.5481152344        0.7154589844        0.9260742188        1.0782421875
        1.9300000000     12.1265    5        0.3755175781        0.5491503906        0.7192089844        0.9271386719        1.0782421875
        1.9400000000     12.1894    5        0.3790625000        0.5502050781        0.7229003906        0.9281738281        1.0782519531
        1.9500000000     12.2522    6        0.3825683594        0.4047167969        0.5512792969        0.7265527344        0.9291992188        1.0782519531
        1.9600000000     12.3150    6        0.3860546875        0.4094726563        0.5523730469        0.7301464844        0.9301953125        1.0782519531
        1.9700000000     12.3779    6        0.3895019531        0.4139648438        0.5534960938        0.7336816406        0.9311718750        1.0782617188
        1.9800000000     12.4407    6        0.3929296875        0.4182226563        0.5546386719        0.7371777344        0.9321289063        1.0782617188
        1.9900000000     12.5035    6        0.3963281250        0.4222558594        0.5558105469        0.7406152344        0.9330664063        1.0782617188
        2.0000000000     12.5664    6        0.3997070313        0.4260839844        0.5570117188        0.7439941406        0.9339843750        1.0782617188
  -1  -1  -1  -1
  -1  -1  -1  -1
